0 0 0 0 0 0 0 0 0 0 0 0 0 0 0 0 0 0 0 0 0 0 0 0 0 0 0 0 0 0 0 0 0 0 0 0 0 0 0 0 0 0 0 0 0 0 0 0 0 0 0 0 0 0 0 0 0 0 0 0 0 0 0 0 0 0 0 0 0 0 0 0 0 0 0 0 0 0 0 0 0 0 0 
0 3.90081 3.22641 2.23153 1.90182 1.60037 3.06635 4.38805 4.67105 3.65972 0.866791 1.70721 2.69965 3.52048 2.11111 3.11287 1.08634 2.39129 1.05974 2.18066 0.0925566 1.66202 1.55827 0.612281 1.16326 1.33297 2.22918 1.61307 4.52473 3.76783 4.77511 1.71031 0.300369 0.113644 3.17799 1.59303 2.34895 2.40923 1.86187 2.87017 4.74848 4.93685 3.48955 4.99766 3.91504 3.71984 3.05139 4.94943 3.9396 2.89873 4.41095 2.2917 1.25197 3.65514 4.49164 4.18083 3.08698 3.76999 1.541 4.968 2.13 1.494 3.232 1.033 4.843 0.376 3.476 2.495 0.299 4.059 4.011 1.002 2 0 0 0 0 0 0 0 0 0 0 
0 3.22641 4.20927 3.66622 1.49872 0.706294 3.43855 1.75877 0.862936 0.3037 1.64963 1.03594 1.77872 3.99828 4.06039 0.910275 1.89314 0.13344 2.7102 1.56869 3.77031 0.401738 1.6367 1.44996 3.77523 2.88657 2.30128 2.71079 3.95364 4.8656 0.396058 3.70534 2.61513 4.00613 0.97753 0.251142 3.67199 2.33226 2.21945 3.30945 0.807916 4.88154 0.702135 2.39512 0.239464 4.90643 0.711241 1.59039 2.25087 2.73354 4.51026 0.961729 4.22041 4.11276 0.813766 0.827923 1.17074 3.86387 0.206981 3.707 1.665 2.196 3.067 1.174 4.081 2.988 2.712 2.045 3.069 3.825 1.167 4.033 3.006 1.001 1 0 0 0 0 0 0 0 0 
0 2.23153 3.66622 4.75981 3.73537 1.65448 2.51202 0.863909 4.93674 0.592124 3.69437 4.57591 4.91333 1.1495 3.76371 0.691779 4.62188 3.64832 2.47157 1.91729 4.46126 1.15659 3.51535 0.835585 4.12885 0.148301 2.89503 4.09171 3.25111 3.46177 1.45377 4.40593 3.07625 2.98278 2.40898 3.25505 3.52627 4.025 0.933206 2.51989 4.05224 2.1303 4.67378 3.43958 1.08595 4.42853 2.2405 3.1424 1.75965 1.74235 2.90696 3.18851 2.38596 4.24065 0.327425 0.203561 2.2184 0.908288 3.53183 4.13598 1.899 2.07 3.408 2.586 3.643 4.167 0.508 4.337 4.086 1.783 1.19 3.244 0.05 1.01 0.002 2 0 0 0 0 0 0 0 
0 1.90182 1.49872 3.73537 1.05148 3.3546 3.72349 4.43855 2.81257 2.97736 4.26566 3.60605 3.46873 4.82404 0.381908 4.04255 4.09936 3.3966 0.163785 1.02891 4.62814 1.3448 4.81104 3.14885 0.979538 2.76223 0.0828919 0.692175 2.24767 2.01357 1.7453 3.37628 4.34185 3.70673 4.36428 4.80126 4.47938 4.07806 1.78641 4.8526 2.68999 2.71516 3.7873 4.92471 1.61863 1.10465 3.63647 4.31048 0.643043 4.80731 2.84228 2.18087 4.16031 2.69763 3.66706 1.01295 3.29805 2.12241 0.318717 1.02787 3.41298 1.649 2.46 0.526 4.921 0.684 1.438 2.28 2.099 4.381 1.715 0.192 2.248 3.051 3.01 0.002 2 0 0 0 0 0 0 
0 1.60037 0.706294 1.65448 3.3546 3.24625 4.22302 1.59563 0.133927 4.86194 3.41172 3.66462 4.6592 2.91799 2.92942 2.8194 2.29728 3.1541 2.31982 0.732408 3.51461 3.16335 0.926524 2.2442 2.55625 2.60887 0.714697 1.85521 3.54335 0.275251 3.17741 1.25426 0.626051 1.48078 2.41753 4.78325 2.91663 3.1954 2.53801 0.0723335 0.610241 2.18475 1.26063 4.00729 3.99877 2.05446 0.694073 0.748659 0.840017 2.18569 1.83913 2.26811 4.13621 2.31548 3.20559 0.638637 2.69741 4.29366 1.41165 1.85453 2.74394 1.27699 2.159 4.525 3.953 2.875 3.132 2.921 0.497 1.595 0.866 2.412 0.932 3.196 1.041 3.008 3.001 1 0 0 0 0 0 
0 3.06635 3.43855 2.51202 3.72349 4.22302 1.60992 4.31503 3.80293 0.868712 0.700364 0.0462245 3.63696 1.42139 0.0903136 4.59035 0.612853 2.43428 1.63613 4.18055 4.7724 0.0130154 4.1529 4.33146 1.12778 3.76082 3.85058 0.573793 4.41741 3.61225 1.58092 0.27868 1.28482 1.28296 0.0427082 0.00462215 2.31772 1.36591 0.647642 3.47447 4.50148 4.53084 3.73778 4.13582 3.93882 1.11258 3.19433 2.47805 1.59308 4.94594 0.757859 4.60815 3.72764 0.495469 1.68187 2.70214 3.30314 2.50058 2.91852 4.98727 1.32984 0.947966 4.12299 2.223 4.211 2.727 0.169 2.665 2.9 2.956 3.776 1.24 4.834 0.606 2.129 2.027 3.005 0.001 1 0 0 0 0 
0 4.38805 1.75877 0.863909 4.43855 1.59563 4.31503 1.78699 1.45874 2.17545 1.21248 1.43902 1.9506 4.06971 0.0794613 2.30418 1.46896 4.54184 2.48936 1.39354 2.10405 2.30682 4.42717 3.24045 1.72672 0.344129 2.6735 2.00567 3.68472 0.171377 4.10902 1.1291 0.011695 4.45616 4.26824 3.19645 2.89786 1.8647 4.24673 0.930175 2.43159 3.33615 2.16053 0.51626 4.80879 3.23968 0.798563 1.63973 3.47017 0.146326 3.50724 3.99827 0.494541 3.97916 3.12683 4.6387 2.64175 0.238243 4.55495 1.74959 0.483499 0.260923 2.64598 2.728 2.431 4.834 2.323 1.392 0.511 2.435 0.473 1.549 0.278 0.577 1.341 3.073 3.015 1.003 3 0 0 0 0 
0 4.67105 0.862936 4.93674 2.81257 0.133927 3.80293 1.45874 4.38512 4.97378 2.7247 1.98405 0.508127 4.39887 0.0778107 2.39124 4.70957 2.68793 3.93483 3.96672 0.0911386 0.319346 1.87192 4.65335 3.2177 0.903102 3.73099 3.23771 2.37174 1.04934 0.253313 3.38586 1.01486 3.34948 4.96777 0.0566943 4.95794 2.20518 0.966781 3.83283 1.43235 4.08706 3.50991 0.0218771 4.32476 0.343556 1.36226 0.00163113 3.76798 4.53296 3.42613 0.0411867 1.68766 3.46483 4.362 4.92367 0.0168663 2.63516 4.50119 2.07727 2.52335 3.92084 0.740952 4.88599 3.065 2.006 1.701 4.465 2.375 2.666 4.494 1.823 2.223 3.56 1.78 3.17 0.037 0.008 3.001 1 0 0 0 
0 3.65972 0.3037 0.592124 2.97736 4.86194 0.868712 2.17545 4.97378 2.12937 2.59397 1.69585 1.95228 1.00507 2.52955 2.15572 3.68332 1.65355 2.49888 0.235181 1.60751 3.02025 1.84068 4.17547 4.98697 2.58169 2.59137 0.180668 2.96382 0.888227 0.176831 3.00497 2.98947 1.25091 4.37647 3.55296 3.22364 3.84136 4.49364 1.67271 3.89691 2.4998 0.189278 3.74054 2.2604 3.47454 3.85504 4.81661 2.60818 4.6645 0.702161 2.24977 0.963632 1.56591 1.08961 4.16401 3.87658 0.0420091 1.3346 3.86406 2.41238 2.90276 4.62492 3.14399 3.054 3.825 1.845 4.021 3.667 1.645 4.956 2.984 4.047 4.122 3.58 0.35 2.077 0.017 3.003 3 0 0 0 
0 0.866791 1.64963 3.69437 4.26566 3.41172 0.700364 1.21248 2.7247 2.59397 3.09823 3.40731 4.51416 0.760731 4.01848 3.18394 1.03563 0.442377 3.35227 1.44718 0.679313 1.64594 2.78362 2.21243 4.00251 1.0896 3.02023 3.53858 4.7698 1.44559 1.73198 0.353548 2.68242 4.31985 3.92097 1.42934 4.84507 4.58044 0.32555 1.99071 1.67676 1.78955 0.830821 0.57846 3.25407 0.125606 4.39375 4.88731 0.733432 4.64544 1.92843 2.27679 2.38576 4.18742 1.29563 4.38653 1.58245 1.09088 0.889759 1.82309 0.0241875 2.68764 3.33189 4.38398 1.874 1.774 3.495 1.973 3.1 2.339 4.882 3.823 1.985 4.823 0.881 1.646 3.144 1.032 0.007 2.001 1 0 0 
0 1.70721 1.03594 4.57591 3.60605 3.66462 0.0462245 1.43902 1.98405 1.69585 3.40731 0.41605 2.54873 2.67042 4.94516 4.87352 3.27482 4.78895 1.56918 2.87001 1.48735 3.12077 3.70185 1.16412 3.68129 4.31034 0.879914 4.2791 3.00455 1.92482 0.206298 4.92829 2.09033 1.69178 3.39546 3.45116 3.90671 4.0365 0.139933 0.422945 1.91899 0.0809014 0.601554 0.124814 3.28953 4.33652 0.236965 2.9203 1.32147 2.89225 4.98057 0.680154 3.5242 0.0143577 2.47355 0.37888 1.48866 0.183159 3.39359 4.5426 2.12974 2.03029 2.98787 0.410973 0.757995 3.723 4.426 1.776 1.91 1.195 1.769 1.599 1.335 4.035 0.784 1.086 0.246 3.055 2.012 3.002 2 0 0 
0 2.69965 1.77872 4.91333 3.46873 4.6592 3.63696 1.9506 0.508127 1.95228 4.51416 2.54873 2.17914 1.84295 0.734893 1.73043 3.79418 4.45807 3.68689 1.9915 3.58394 1.12636 2.23137 2.97273 0.497757 2.07876 2.43495 4.28675 0.51392 3.29359 3.10714 2.90644 3.22552 3.96948 1.8921 4.3724 3.73343 1.50653 1.06082 0.380311 4.76372 2.12447 0.163941 4.77366 0.889219 3.64969 4.58581 0.982751 3.35267 4.59358 2.75076 1.57557 1.17006 2.71058 0.345548 1.46594 4.63851 2.25946 3.31219 0.971541 0.715323 1.21032 0.500838 4.06996 3.48399 4.978 0.66 2.91 3.117 3.282 0.725 4.983 0.691 2.751 2.308 0.679 0.385 0.088 0.02 2.004 4 0 0 
0 3.52048 3.99828 1.1495 4.82404 2.91799 1.42139 4.06971 4.39887 1.00507 0.760731 2.67042 1.84295 0.447495 0.535781 3.6962 3.17107 3.03436 0.430637 3.28525 4.41894 3.14279 0.539878 0.405387 1.6689 1.50655 0.0142449 2.167 2.3613 0.763538 2.26722 2.72545 0.752227 2.43963 0.209162 0.386872 0.166639 2.91722 1.50341 4.32647 3.88246 4.56328 4.35998 2.82458 1.0765 2.46302 4.96768 4.1202 2.14342 0.644781 2.97367 2.80827 4.43749 0.320715 1.97456 4.74988 3.18573 0.0708549 0.496033 0.0161182 1.05199 4.38018 1.0328 4.29495 1.55598 4.244 2.009 4.324 3.269 0.671 2.574 1.674 0.511 1.461 4.355 1.407 2.558 1.129 4.029 3.006 1.001 1 0 
0 2.11111 4.06039 3.76371 0.381908 2.92942 0.0903136 0.0794613 0.0778107 2.52955 4.01848 4.94516 0.734893 0.535781 3.44346 1.07007 4.53404 1.28078 1.34511 4.82206 1.6629 3.46414 0.532765 1.52376 0.505489 1.32145 1.73377 0.0025645 1.34688 2.62278 1.76173 4.36817 2.31197 4.0661 1.94758 4.59685 3.08899 0.794679 2.00358 1.42195 3.176 0.929701 2.09931 3.78919 3.23009 4.99153 0.0699592 0.978397 4.45178 2.69308 4.46521 2.76401 3.80242 2.09612 0.0822603 1.67089 3.20653 0.340451 3.86713 1.86135 0.682392 1.69407 3.0268 3.61993 0.283987 3.048 4.419 2.391 4.819 2.588 3.709 3.484 1.248 2.153 1.704 4.222 0.756 0.177 1.041 2.009 0.002 2 0 
0 3.11287 0.910275 0.691779 4.04255 2.8194 4.59035 2.30418 2.39124 2.15572 3.18394 4.87352 1.73043 3.6962 1.07007 3.5304 4.34315 2.36885 1.81236 3.41051 0.431662 2.24115 4.84697 3.93766 4.78155 4.72554 1.8544 4.46649 3.26143 1.39484 4.54449 4.7547 2.50069 0.984603 4.74627 1.42831 3.12941 3.85485 4.84631 1.94757 0.490916 4.00497 2.3672 0.787546 2.08689 0.859768 4.60312 1.63625 0.237201 3.04955 4.26038 2.13662 1.19928 0.0318398 4.96125 2.75197 0.00414815 4.31665 4.72107 4.87513 0.690718 0.119853 0.178759 3.2789 3.93698 0.521997 0.275999 1.854 4.859 2.213 4.424 1.831 3.075 4.459 0.036 2.052 3.961 3.227 3.053 2.012 4.002 2 0 
0 1.08634 1.89314 4.62188 4.09936 2.29728 0.612853 1.46896 4.70957 3.68332 1.03563 3.27482 3.79418 3.17107 4.53404 4.34315 3.32734 3.84645 4.05512 0.439808 0.954831 4.81509 3.72076 0.0425931 4.33669 4.55937 3.53313 0.638091 0.180367 0.766185 0.867828 1.67465 3.6664 1.08439 0.68165 3.55183 4.22124 2.63566 4.71178 0.922116 2.36931 0.203681 4.31258 1.4408 4.18147 0.706604 1.99456 4.23251 2.36669 3.33173 0.682145 3.69247 4.36254 3.19941 3.95023 3.5092 4.54145 3.88861 3.0156 1.85434 3.47993 3.52685 0.689757 2.9389 1.56199 0.863996 1.36 2.309 4.635 4.155 1.881 2.625 3.008 4.909 4.992 3.809 1.154 1.276 4.065 2.015 2.003 3 0 
0 2.39129 0.13344 3.64832 3.3966 3.1541 2.43428 4.54184 2.68793 1.65355 0.442377 4.78895 4.45807 3.03436 1.28078 2.36885 3.84645 1.09053 4.22091 4.54414 4.42899 3.59469 3.01011 4.30603 4.38462 3.42327 3.24279 4.33469 0.746078 0.586344 0.766985 1.57448 4.05215 2.28508 4.67012 0.323631 4.24561 4.11668 3.04412 3.65976 2.29963 3.0839 1.82516 0.29473 1.56369 0.883915 0.568491 0.59349 4.4565 1.18244 1.30828 4.60185 2.91165 0.50686 2.3348 3.95384 3.4161 3.71513 0.821314 0.0220881 1.47917 1.31771 3.64076 3.7769 1.45699 2.776 0.901999 4.726 3.413 0.74 4.362 4.101 2.096 1.219 3.246 0.412 2.313 4.317 2.076 1.018 1.004 4 0 
0 1.05974 2.7102 2.47157 0.163785 2.31982 1.63613 2.48936 3.93483 2.49888 3.35227 1.56918 3.68689 0.430637 1.34511 1.81236 4.05512 4.22091 2.91337 0.169359 4.85501 1.82134 3.8226 0.458122 1.98451 3.35276 1.93455 4.73713 2.46214 1.48264 2.44907 2.62707 0.943528 4.69852 3.29086 1.28182 2.9013 4.30746 0.329793 4.75231 0.816622 4.03978 4.11322 0.514366 4.56299 4.7834 4.18478 3.04257 3.30258 2.05314 1.644 3.72517 0.352408 2.64116 0.741589 4.25992 3.69223 2.94164 1.43579 1.25356 1.88697 0.00812811 3.77782 1.45993 3.68799 4.508 4.763 0.867 0.962 4.767 1.479 3.227 4.341 0.531 0.56 2.795 4.421 3.347 3.084 2.02 4.004 4 0 
0 2.18066 1.56869 1.91729 1.02891 0.732408 4.18055 1.39354 3.96672 0.235181 1.44718 2.87001 1.9915 3.28525 4.82206 3.41051 0.439808 4.54414 0.169359 3.09983 2.88821 4.31163 1.44931 2.63668 4.05178 1.04277 0.832158 4.55279 0.857059 3.47479 4.32878 1.39975 4.76485 4.43316 3.86132 2.76594 0.355265 3.18326 2.0652 0.447446 4.95664 2.0501 2.13988 1.75075 2.78776 0.603371 2.16934 0.35661 3.38641 1.53046 3.53574 3.73074 0.827005 3.57488 1.36436 1.07439 4.68067 1.72733 4.50111 4.46401 2.02686 1.80524 1.25281 1.41095 3.03199 4.703 2.847 2.582 3.901 3.338 1.775 0.905 3.125 1.55 3.826 1.925 2.469 1.363 2.089 4.021 0.005 0.001 1 
0 0.0925566 3.77031 4.46126 4.62814 3.51461 4.7724 2.10405 0.0911386 1.60751 0.679313 1.48735 3.58394 4.41894 1.6629 0.431662 0.954831 4.42899 4.85501 2.88821 4.884 1.13846 1.68138 2.87085 0.033987 3.95029 0.167314 1.70849 2.73891 3.66193 3.87467 4.46989 0.713417 3.55176 2.98508 3.41366 2.29289 3.58209 4.28501 4.94687 2.06571 3.6938 0.833378 2.57568 4.06894 2.02248 4.4562 0.593344 0.439802 3.96149 3.85596 2.40698 3.49219 3.36775 2.03368 1.96331 0.723037 1.44734 1.04971 2.18941 2.01825 2.70704 2.92084 3.00298 1.37198 1.848 2.708 1.233 4.423 2.553 2.388 0.944 1.086 2.545 4.078 3.801 1.454 2.363 2.09 1.022 2.005 1.001 1 
0 1.66202 0.401738 1.15659 1.3448 3.16335 0.0130154 2.30682 0.319346 3.02025 1.64594 3.12077 1.12636 3.14279 3.46414 2.24115 4.81509 3.59469 1.82134 4.31163 1.13846 1.43138 0.864125 1.95517 1.11794 1.16823 2.24649 4.64602 2.98693 3.14474 1.1413 3.37332 3.61542 4.81959 4.00013 0.189186 4.85853 1.83014 2.21493 4.57626 4.14841 1.55307 2.68777 3.60669 2.55596 1.09986 2.65054 2.53898 4.87058 4.41462 2.37704 2.66311 4.28606 0.476889 1.95827 1.47655 1.86792 1.85778 0.357107 4.45377 0.124177 2.11052 3.61087 2.07294 3.91499 3.053 2.57 4.17 0.283 0.641 1.805 4.406 1.564 3.238 2.467 3.454 4.381 4.348 3.087 4.021 1.005 1.001 1 
0 1.55827 1.6367 3.51535 4.81104 0.926524 4.1529 4.42717 1.87192 1.84068 2.78362 3.70185 2.23137 0.539878 0.532765 4.84697 3.72076 3.01011 3.8226 1.44931 1.68138 0.864125 0.532268 3.01187 3.11109 2.71284 0.997836 3.80646 2.18316 3.2006 1.64449 3.405 0.59904 0.487167 0.669482 4.09338 4.97429 1.29905 4.31255 4.41913 4.74988 3.73839 4.17774 4.09007 3.97354 3.67533 1.76419 1.0175 3.52836 3.34594 2.9247 2.82545 2.11505 0.230239 2.06745 4.49929 4.71365 4.39698 2.34921 3.1111 0.888644 4.72863 0.264881 4.74698 4.06799 2.528 1.68 3.713 1.743 0.361 0.69 0.242 4.818 0.626 2.222 0.936 3.263 1.322 4.081 2.02 0.005 1.001 1 
0 0.612281 1.44996 0.835585 3.14885 2.2442 4.33146 3.24045 4.65335 4.17547 2.21243 1.16412 2.97273 0.405387 1.52376 3.93766 0.0425931 4.30603 0.458122 2.63668 2.87085 1.95517 3.01187 3.14078 3.84924 4.28554 2.87758 3.78786 2.65002 1.47638 4.80358 2.06448 2.8634 4.61167 2.70683 0.518145 4.04864 3.17143 3.02663 3.87494 3.12895 3.06394 4.96003 3.16861 1.94918 1.43215 1.45379 3.61482 4.31227 0.0701672 1.23135 1.66688 4.59661 0.610019 1.32089 1.95462 0.394284 2.95161 2.83963 4.20129 3.35263 0.780704 4.56192 1.74298 4.08299 1.874 0.142 3.173 2.934 3.346 1.316 0.098 0.232 1.784 2.604 4.308 2.114 1.287 3.073 3.018 3.004 0.001 1 
0 1.16326 3.77523 4.12885 0.979538 2.55625 1.12778 1.72672 3.2177 4.98697 4.00251 3.68129 0.497757 1.6689 0.505489 4.78155 4.33669 4.38462 1.98451 4.05178 0.033987 1.11794 3.11109 3.84924 0.391396 3.93169 0.81983 4.80847 0.424101 3.42602 1.86745 4.37716 1.37526 1.37523 1.67006 0.888533 0.415864 4.55819 4.79869 4.08869 0.524487 4.76829 2.81387 4.69899 4.99746 4.93893 1.55003 1.03655 4.77227 3.92458 1.29747 2.09396 0.967247 0.0817557 0.207289 0.427905 2.25746 0.628501 1.46332 3.9504 3.60224 3.44878 4.48193 3.44699 2.868 1.532 3.759 4.157 1.764 0.949 1.82 1.934 0.673 4.701 3.863 4.634 3.949 1.247 0.064 2.016 0.004 0.001 1 
0 1.33297 2.88657 0.148301 2.76223 2.60887 3.76082 0.344129 0.903102 2.58169 1.0896 4.31034 2.07876 1.50655 1.32145 4.72554 4.55937 3.42327 3.35276 1.04277 3.95029 1.16823 2.71284 4.28554 3.93169 1.14334 4.60097 4.85517 2.14916 2.20822 1.06468 2.7807 3.49958 1.13146 3.88329 0.268545 4.17472 1.11183 2.2994 3.10341 3.96259 3.54795 0.013599 4.41031 0.193846 4.32432 2.95839 1.80568 2.46488 1.53393 1.07774 0.712668 1.1523 4.83936 0.723227 4.25511 3.50632 2.73568 1.2175 4.35722 3.12346 3.51884 4.07296 3.77998 1.753 4.557 3.184 1.051 0.19 4.858 1.975 4.699 0.106 4.169 3.208 4.968 2.783 0.206 0.054 0.014 3.003 4 0 
0 2.22918 2.30128 2.89503 0.0828919 0.714697 3.85058 2.6735 3.73099 2.59137 3.02023 0.879914 2.43495 0.0142449 1.73377 1.8544 3.53313 3.24279 1.93455 0.832158 0.167314 2.24649 0.997836 2.87758 0.81983 4.60097 2.38099 0.532176 3.67345 1.67057 3.89863 4.78084 0.39954 1.62361 4.28532 3.55795 2.87764 1.06135 1.20941 2.42499 3.2482 4.82356 4.81717 0.18899 2.94881 4.50499 2.8838 4.32112 1.39417 3.63693 2.06664 0.588694 0.254814 0.49824 0.361665 3.89139 4.52271 4.6099 1.51265 4.25282 4.24645 4.09989 4.77597 0.258992 3.668 3.68 4.735 3.309 2.936 3.172 0.96 3.021 3.449 0.73 1.789 4.351 4.626 2.166 0.044 3.011 4.002 2 0 
0 1.61307 2.71079 4.09171 0.692175 1.85521 0.573793 2.00567 3.23771 0.180668 3.53858 4.2791 4.28675 2.167 0.0025645 4.46649 0.638091 4.33469 4.73713 4.55279 1.70849 4.64602 3.80646 3.78786 4.80847 4.85517 0.532176 1.05019 4.44878 3.05625 1.71858 2.05364 2.22681 1.39422 4.76267 1.49061 4.23583 4.46394 2.49775 3.75641 4.87043 2.25493 4.86578 1.84464 1.64553 4.08365 2.10116 3.06475 2.65535 3.96611 2.04765 3.49301 3.56492 4.67285 0.16304 4.84474 0.838613 0.197949 1.41255 1.83122 3.8478 4.09196 0.079982 4.96599 4.983 2.34 2.017 2.298 2.221 2.356 4.904 1.651 0.638 2.678 3.694 1.809 0.487 3.13 4.034 0.009 1.002 2 0 
0 4.52473 3.95364 3.25111 2.24767 3.54335 4.41741 3.68472 2.37174 2.96382 4.7698 3.00455 0.51392 2.3613 1.34688 3.26143 0.180367 0.746078 2.46214 0.857059 2.73891 2.98693 2.18316 2.65002 0.424101 2.14916 3.67345 4.44878 3.94559 2.9628 2.26117 3.86136 1.17578 2.74669 2.30005 0.365046 4.21055 0.535376 1.45247 4.5168 4.99113 2.70671 0.69999 4.37837 1.27519 1.96418 3.03458 1.50681 3.3587 4.25415 2.07909 3.49357 3.19723 0.0153039 1.81786 0.988896 1.74404 4.86849 0.416167 0.595518 1.42884 4.40298 3.18299 4.629 1.363 0.45 1.841 3.105 0.676 1.424 2.837 1.345 3.809 0.101 4.959 4.353 0.368 3.099 3.026 0.007 4.001 1 0 
0 3.76783 4.8656 3.46177 2.01357 0.275251 3.61225 0.171377 1.04934 0.888227 1.44559 1.92482 3.29359 0.763538 2.62278 1.39484 0.766185 0.586344 1.48264 3.47479 3.66193 3.14474 3.2006 1.47638 3.42602 2.20822 1.67057 3.05625 2.9628 2.90188 1.90701 2.50113 2.34488 0.680882 1.30055 4.69385 0.258282 3.32383 0.625115 0.97837 4.52279 2.55887 3.01134 0.817551 4.76384 0.33775 2.23576 4.84889 1.43365 4.53479 1.26999 2.18546 4.59659 1.15744 2.79827 1.14124 0.737204 3.80973 3.51881 1.11853 2.4369 0.935972 3.25199 0.817998 4.457 3.06 1.749 1.261 4.887 4.885 2.863 4.874 4.545 3.931 3.578 1.986 4.27 4.073 4.019 1.005 1.001 1 0 
0 4.77511 0.396058 1.45377 1.7453 3.17741 1.58092 4.10902 0.253313 0.176831 1.73198 0.206298 3.10714 2.26722 1.76173 4.54449 0.867828 0.766985 2.44907 4.32878 3.87467 1.1413 1.64449 4.80358 1.86745 1.06468 3.89863 1.71858 2.26117 1.90701 1.02764 2.59095 0.771484 3.81772 0.421793 3.22862 2.19277 3.43167 0.931592 0.759792 0.511155 0.569075 0.0919456 3.47012 0.525116 2.19832 0.0940387 0.0374069 0.621999 0.583622 2.11131 4.46304 0.929267 3.24037 3.09081 4.44808 1.91518 1.71105 3.23705 3.78582 3.38493 1.49698 0.335995 2.374 4.547 4.541 1.698 3.258 3.422 4.744 4.801 3.957 4.106 1.009 4.517 3.7 0.194 2.053 2.014 4.003 4 0 0 
0 1.71031 3.70534 4.40593 3.37628 1.25426 0.27868 1.1291 3.38586 3.00497 0.353548 4.92829 2.90644 2.72545 4.36817 4.7547 1.67465 1.57448 2.62707 1.39975 4.46989 3.37332 3.405 2.06448 4.37716 2.7807 4.78084 2.05364 3.86136 2.50113 2.59095 2.71274 2.78384 3.36526 4.41254 1.66019 4.58394 0.172523 4.78791 1.3935 3.24738 0.68689 3.35866 4.40947 2.59105 2.75203 3.29465 0.132045 0.695228 1.13005 2.57782 3.01792 1.17216 4.70917 4.39807 2.1734 4.52717 3.45135 1.1205 4.25786 3.99395 4.71599 4.973 4.95 4.089 2.013 1.369 3.144 4.555 0.445 1.902 4.986 3.622 2.127 0.729 4.485 4.135 3.037 1.01 3.002 2 0 0 
0 0.300369 2.61513 3.07625 4.34185 0.626051 1.28482 0.011695 1.01486 2.98947 2.68242 2.09033 3.22552 0.752227 2.31197 2.50069 3.6664 4.05215 0.943528 4.76485 0.713417 3.61542 0.59904 2.8634 1.37526 3.49958 0.39954 2.22681 1.17578 2.34488 0.771484 2.78384 0.442168 1.69457 4.45434 1.70082 2.70676 1.22422 4.75676 1.30369 4.57488 0.804655 1.11737 2.26983 2.86328 0.319939 1.40655 2.82165 1.60834 4.86399 4.08043 2.07288 1.64341 2.47375 2.88962 1.87432 1.75296 0.319546 2.9678 4.02191 4.64498 0.722993 1.902 2.215 3.318 2.258 1.05 4.427 4.202 3.847 0.584 4.523 4.231 2.072 2.16 0.329 4.092 4.025 0.007 4.001 1 0 0 
0 0.113644 4.00613 2.98278 3.70673 1.48078 1.28296 4.45616 3.34948 1.25091 4.31985 1.69178 3.96948 2.43963 4.0661 0.984603 1.08439 2.28508 4.69852 4.43316 3.55176 4.81959 0.487167 4.61167 1.37523 1.13146 1.62361 1.39422 2.74669 0.680882 3.81772 3.36526 1.69457 0.742578 3.63129 2.94763 4.02325 0.126802 2.23377 2.38536 0.939097 0.539355 4.15766 3.5461 2.67629 1.99984 3.43919 2.27522 2.26473 1.07716 0.297394 4.50965 3.20447 2.57796 1.09271 0.857535 2.55837 3.50565 3.54084 0.659945 2.60599 1.814 2.355 3.346 1.517 1.352 1.945 1.925 4.676 2.978 0.334 3.577 2.163 2.647 2.761 0.218 0.062 2.017 4.004 0.001 1 0 0 
0 3.17799 0.97753 2.40898 4.36428 2.41753 0.0427082 4.26824 4.96777 4.37647 3.92097 3.39546 1.8921 0.209162 1.94758 4.74627 0.68165 4.67012 3.29086 3.86132 2.98508 4.00013 0.669482 2.70683 1.67006 3.88329 4.28532 4.76267 2.30005 1.30055 0.421793 4.41254 4.45434 3.63129 1.53368 4.49206 1.55074 1.72829 1.5127 4.35891 3.42517 1.748 3.11209 1.58227 1.50575 0.47853 3.49174 2.00376 4.05429 1.04573 1.22434 1.53874 3.52475 1.22021 1.49077 1.93213 4.04004 4.84381 2.25091 4.90198 3.57099 4.929 3.469 1.624 0.441 3.801 0.851 4.465 3.38 4.516 1.983 4.715 3.776 4.684 0.489 2.141 3.04 2.011 0.003 4 0 0 0 
0 1.59303 0.251142 3.25505 4.80126 4.78325 0.00462215 3.19645 0.0566943 3.55296 1.42934 3.45116 4.3724 0.386872 4.59685 1.42831 3.55183 0.323631 1.28182 2.76594 3.41366 0.189186 4.09338 0.518145 0.888533 0.268545 3.55795 1.49061 0.365046 4.69385 3.22862 1.66019 1.70082 2.94763 4.49206 3.45953 2.58906 1.11878 4.05095 2.32831 0.523692 0.754493 1.4208 0.754532 4.98528 4.11274 3.26425 2.54142 1.0704 4.19217 2.64202 1.31451 1.74622 3.53318 0.773287 4.85971 3.1555 3.47988 4.71595 1.34499 3.229 4.842 1.609 0.935 3.097 1.833 0.728 0.339 2.034 0.937 0.592 4.063 2.568 3.05 4.307 3.089 4.025 1.007 0.002 2 0 0 0 
0 2.34895 3.67199 3.52627 4.47938 2.91663 2.31772 2.89786 4.95794 3.22364 4.84507 3.90671 3.73343 0.166639 3.08899 3.12941 4.22124 4.24561 2.9013 0.355265 2.29289 4.85853 4.97429 4.04864 0.415864 4.17472 2.87764 4.23583 4.21055 0.258282 2.19277 4.58394 2.70676 4.02325 1.55074 2.58906 1.23202 0.530324 3.56804 2.80644 0.81828 2.101 3.7047 2.0492 1.49959 0.617598 0.403733 3.79312 4.40712 0.285157 1.80875 2.65515 3.31032 2.83218 2.55653 2.24553 2.56884 2.19593 2.97198 1.32999 0.0169979 4.633 2.342 3.775 0.724 2.352 2.982 3.237 0.107 4.024 0.128 3.239 4.161 1.642 4.189 3.055 0.016 3.004 1.001 1 0 0 0 
0 2.40923 2.33226 4.025 4.07806 3.1954 1.36591 1.8647 2.20518 3.84136 4.58044 4.0365 1.50653 2.91722 0.794679 3.85485 2.63566 4.11668 4.30746 3.18326 3.58209 1.83014 1.29905 3.17143 4.55819 1.11183 1.06135 4.46394 0.535376 3.32383 3.43167 0.172523 1.22422 0.126802 1.72829 1.11878 0.530324 0.209236 0.391596 4.50177 2.60964 0.00456301 3.06386 4.52107 0.934986 0.625491 0.617936 0.764159 0.473976 0.834482 3.2325 1.35598 2.53359 1.57018 4.86824 2.95276 3.08292 4.70598 1.64299 1.75 1.39 0.525 4.502 2.267 1.071 3.107 3.935 3.532 0.158 3.245 2.077 0.264 1.285 2.385 4.114 4.033 4.009 3.002 3 0 0 0 0 
0 1.86187 2.21945 0.933206 1.78641 2.53801 0.647642 4.24673 0.966781 4.49364 0.32555 0.139933 1.06082 1.50341 2.00358 4.84631 4.71178 3.04412 0.329793 2.0652 4.28501 2.21493 4.31255 3.02663 4.79869 2.2994 1.20941 2.49775 1.45247 0.625115 0.931592 4.78791 4.75676 2.23377 1.5127 4.05095 3.56804 0.391596 2.57855 1.92251 0.276897 0.691441 3.34714 0.856548 3.36144 2.11018 3.54773 4.20098 2.92847 3.97649 0.371793 1.86941 0.313208 4.81162 4.41765 3.42088 3.71798 4.61199 4.932 0.486998 2.446 1.883 1.124 0.851 4.753 3.13 1.788 3.718 0.992 3.252 2.067 3.466 1.75 0.227 1.068 1.02 4.005 2.001 1 0 0 0 0 
0 2.87017 3.30945 2.51989 4.8526 0.0723335 3.47447 0.930175 3.83283 1.67271 1.99071 0.422945 0.380311 4.32647 1.42195 1.94757 0.922116 3.65976 4.75231 0.447446 4.94687 4.57626 4.41913 3.87494 4.08869 3.10341 2.42499 3.75641 4.5168 0.97837 0.759792 1.3935 1.30369 2.38536 4.35891 2.32831 2.80644 4.50177 1.92251 2.65062 0.933509 0.182925 0.774098 3.48249 1.92703 0.655323 4.09452 0.324276 0.973322 1.25385 2.56033 4.1607 2.5854 2.58351 1.7568 1.01391 0.271981 3.89899 3.164 0.771999 1.763 2.936 3.704 3.644 1.22 4.769 2.406 3.854 2.978 4.648 4.543 0.402 2.43 2.131 4.039 4.011 1.003 4 0 0 0 0 0 
0 4.74848 0.807916 4.05224 2.68999 0.610241 4.50148 2.43159 1.43235 3.89691 1.67676 1.91899 4.76372 3.88246 3.176 0.490916 2.36931 2.29963 0.816622 4.95664 2.06571 4.14841 4.74988 3.12895 0.524487 3.96259 3.2482 4.87043 4.99113 4.52279 0.511155 3.24738 4.57488 0.939097 3.42517 0.523692 0.81828 2.60964 0.276897 0.933509 4.16063 0.892622 3.27312 0.0315559 4.87931 0.260192 1.89215 0.300796 4.19765 0.636451 0.844057 2.61212 2.77838 1.25982 0.788921 3.89597 0.163987 1.933 3.84 0.000999642 0.441 1.897 0.384 2.125 1.161 2.344 3.6 4.706 4.541 2.039 4.516 3.783 3.242 3.074 3.022 3.006 4.001 1 0 0 0 0 0 
0 4.93685 4.88154 2.1303 2.71516 2.18475 4.53084 3.33615 4.08706 2.4998 1.78955 0.0809014 2.12447 4.56328 0.929701 4.00497 0.203681 3.0839 4.03978 2.0501 3.6938 1.55307 3.73839 3.06394 4.76829 3.54795 4.82356 2.25493 2.70671 2.55887 0.569075 0.68689 0.804655 0.539355 1.748 0.754493 2.101 0.00456301 0.691441 0.182925 0.892622 1.15984 1.77788 2.79247 3.22953 1.00483 2.05524 2.36173 1.96355 3.66043 1.26564 0.393126 2.73753 3.64486 3.20996 2.72499 4.506 1.248 2.851 3.125 0.846 0.061 3.644 0.329 2.751 2.101 4.166 4.782 1.667 0.342 4.371 4.43 2.134 3.041 3.012 3.003 4 0 0 0 0 0 0 
0 3.48955 0.702135 4.67378 3.7873 1.26063 3.73778 2.16053 3.50991 0.189278 0.830821 0.601554 0.163941 4.35998 2.09931 2.3672 4.31258 1.82516 4.11322 2.13988 0.833378 2.68777 4.17774 4.96003 2.81387 0.013599 4.81717 4.86578 0.69999 3.01134 0.0919456 3.35866 1.11737 4.15766 3.11209 1.4208 3.7047 3.06386 3.34714 0.774098 3.27312 1.77788 4.87103 0.649266 4.68137 2.4016 2.4614 2.56588 3.01748 2.12201 0.0646244 1.38163 0.696871 1.83295 1.61398 4.80099 4.704 2.403 0.958 1.315 3.04 0.325 0.766 3.008 2.28 2.118 2.87 4.334 3.201 0.309 0.736 1.233 2.073 4.022 4.006 4.001 1 0 0 0 0 0 0 
0 4.99766 2.39512 3.43958 4.92471 4.00729 4.13582 0.51626 0.0218771 3.74054 0.57846 0.124814 4.77366 2.82458 3.78919 0.787546 1.4408 0.29473 0.514366 1.75075 2.57568 3.60669 4.09007 3.16861 4.69899 4.41031 0.18899 1.84464 4.37837 0.817551 3.47012 4.40947 2.26983 3.5461 1.58227 0.754532 2.0492 4.52107 0.856548 3.48249 0.0315559 2.79247 0.649266 1.36754 1.6379 1.28359 0.195868 2.18628 2.99505 3.24163 3.97772 4.05982 4.88791 1.39398 1.88799 2.899 1.871 4.871 0.959 0.676 0.75 3.517 3.631 3.92 1.704 3.585 0.098 3.488 2.738 3.209 0.389 2.124 2.039 1.012 3.003 4 0 0 0 0 0 0 0 
0 3.91504 0.239464 1.08595 1.61863 3.99877 3.93882 4.80879 4.32476 2.2604 3.25407 3.28953 0.889219 1.0765 3.23009 2.08689 4.18147 1.56369 4.56299 2.78776 4.06894 2.55596 3.97354 1.94918 4.99746 0.193846 2.94881 1.64553 1.27519 4.76384 0.525116 2.59105 2.86328 2.67629 1.50575 4.98528 1.49959 0.934986 3.36144 1.92703 4.87931 3.22953 4.68137 1.6379 4.85137 0.859415 3.153 0.857513 4.61869 1.11446 1.20981 2.61193 0.592974 4.34999 3.94299 0.788998 0.438 3.457 0.00499993 1.006 0.327 3.384 1.281 2.334 1.639 2.055 0.634 2.825 4.912 1.624 3.202 1.065 4.02 2.006 4.001 1 0 0 0 0 0 0 0 
0 3.71984 4.90643 4.42853 1.10465 2.05446 1.11258 3.23968 0.343556 3.47454 0.125606 4.33652 3.64969 2.46302 4.99153 0.859768 0.706604 0.883915 4.7834 0.603371 2.02248 1.09986 3.67533 1.43215 4.93893 4.32432 4.50499 4.08365 1.96418 0.33775 2.19832 2.75203 0.319939 1.99984 0.47853 4.11274 0.617598 0.625491 2.11018 0.655323 0.260192 1.00483 2.4016 1.28359 0.859415 3.69811 1.8052 4.77438 4.85127 3.18784 2.33192 0.482952 0.141982 1.773 4.286 3.047 0.219 4.483 2.553 3.097 1.797 4.821 1.153 4.142 3.171 2.05 2.738 0.913 0.965 4.317 4.103 3.033 3.01 1.003 4 0 0 0 0 0 0 0 0 
0 3.05139 0.711241 2.2405 3.63647 0.694073 3.19433 0.798563 1.36226 3.85504 4.39375 0.236965 4.58581 4.96768 0.0699592 4.60312 1.99456 0.568491 4.18478 2.16934 4.4562 2.65054 1.76419 1.45379 1.55003 2.95839 2.8838 2.10116 3.03458 2.23576 0.0940387 3.29465 1.40655 3.43919 3.49174 3.26425 0.403733 0.617936 3.54773 4.09452 1.89215 2.05524 2.4614 0.195868 3.153 1.8052 4.76955 2.24507 4.26677 2.8279 2.20295 3.02699 3.182 3.204 0.656999 3.156 4.668 0.101 4.836 1.445 3.762 3.296 1.952 2.04 3.049 1.622 4.272 1.437 2.48 2.159 2.052 0.017 2.005 3.001 1 0 0 0 0 0 0 0 0 
0 4.94943 1.59039 3.1424 4.31048 0.748659 2.47805 1.63973 0.00163113 4.81661 4.88731 2.9203 0.982751 4.1202 0.978397 1.63625 4.23251 0.59349 3.04257 0.35661 0.593344 2.53898 1.0175 3.61482 1.03655 1.80568 4.32112 3.06475 1.50681 4.84889 0.0374069 0.132045 2.82165 2.27522 2.00376 2.54142 3.79312 0.764159 4.20098 0.324276 0.300796 2.36173 2.56588 2.18628 0.857513 4.77438 2.24507 0.25177 2.38591 2.97696 1.33399 4.33199 1.97 4.865 4.922 0.43 0.384 0.385 2.083 1.565 1.3 1.002 4.619 4.741 2.561 4.037 1.062 4.699 4.235 4.078 0.026 3.008 3.002 3 0 0 0 0 0 0 0 0 0 
0 3.9396 2.25087 1.75965 0.643043 0.840017 1.59308 3.47017 3.76798 2.60818 0.733432 1.32147 3.35267 2.14342 4.45178 0.237201 2.36669 4.4565 3.30258 3.38641 0.439802 4.87058 3.52836 4.31227 4.77227 2.46488 1.39417 2.65535 3.3587 1.43365 0.621999 0.695228 1.60834 2.26473 4.05429 1.0704 4.40712 0.473976 2.92847 0.973322 4.19765 1.96355 3.01748 2.99505 4.61869 4.85127 4.26677 2.38591 4.57196 4.53898 3.24699 3.18 1.277 1.147 0.0899999 2.045 0.948 0.697 0.57 4.121 0.79 0.996 1.936 0.54 4.221 0.852 4.982 1.336 1.114 2.038 4.012 0.004 1.001 1 0 0 0 0 0 0 0 0 0 
0 2.89873 2.73354 1.74235 4.80731 2.18569 4.94594 0.146326 4.53296 4.6645 4.64544 2.89225 4.59358 0.644781 2.69308 3.04955 3.33173 1.18244 2.05314 1.53046 3.96149 4.41462 3.34594 0.0701672 3.92458 1.53393 3.63693 3.96611 4.25415 4.53479 0.583622 1.13005 4.86399 1.07716 1.04573 4.19217 0.285157 0.834482 3.97649 1.25385 0.636451 3.66043 2.12201 3.24163 1.11446 3.18784 2.8279 2.97696 4.53898 2.52299 4.354 2.544 1.326 2.12 0.426 3.44 4.479 4.801 2.23 2.2 1.245 1.065 1.406 1.791 0.803 1.331 3.462 3.159 3.054 2.018 0.006 0.002 3 0 0 0 0 0 0 0 0 0 0 
0 4.41095 4.51026 2.90696 2.84228 1.83913 0.757859 3.50724 3.42613 0.702161 1.92843 4.98057 2.75076 2.97367 4.46521 4.26038 0.682145 1.30828 1.644 3.53574 3.85596 2.37704 2.9247 1.23135 1.29747 1.07774 2.06664 2.04765 2.07909 1.26999 2.11131 2.57782 4.08043 0.297394 1.22434 2.64202 1.80875 3.2325 0.371793 2.56033 0.844057 1.26564 0.0646244 3.97772 1.20981 2.33192 2.20295 1.33399 3.24699 4.354 4.167 0.421 4.127 1.134 1.567 1.722 0.345 3.043 3.808 2.458 2.161 3.852 1.654 4.889 3.738 4.613 0.215 4.074 3.025 3.008 4.002 4 0 0 0 0 0 0 0 0 0 0 0 
0 2.2917 0.961729 3.18851 2.18087 2.26811 4.60815 3.99827 0.0411867 2.24977 2.27679 0.680154 1.57557 2.80827 2.76401 2.13662 3.69247 4.60185 3.72517 3.73074 2.40698 2.66311 2.82545 1.66688 2.09396 0.712668 0.588694 3.49301 3.49357 2.18546 4.46304 3.01792 2.07288 4.50965 1.53874 1.31451 2.65515 1.35598 1.86941 4.1607 2.61212 0.393126 1.38163 4.05982 2.61193 0.482952 3.02699 4.33199 3.18 2.544 0.421 1.97 3.099 1.161 1.1 3.779 4.688 4.721 3.971 1.91 1.423 1.658 3.063 4.19 3.785 3.279 4.098 2.034 4.011 4.003 0.001 1 0 0 0 0 0 0 0 0 0 0 0 
0 1.25197 4.22041 2.38596 4.16031 4.13621 3.72764 0.494541 1.68766 0.963632 2.38576 3.5242 1.17006 4.43749 3.80242 1.19928 4.36254 2.91165 0.352408 0.827005 3.49219 4.28606 2.11505 4.59661 0.967247 1.1523 0.254814 3.56492 3.19723 4.59659 0.929267 1.17216 1.64341 3.20447 3.52475 1.74622 3.31032 2.53359 0.313208 2.5854 2.77838 2.73753 0.696871 4.88791 0.592974 0.141982 3.182 1.97 1.277 1.326 4.127 3.099 1.713 0.653 2.237 3.703 0.871 0.792 2.78 2.548 0.598 3.252 2.663 3.97 0.351 0.126 4.044 3.015 1.005 3.001 2 0 0 0 0 0 0 0 0 0 0 0 0 
0 3.65514 4.11276 4.24065 2.69763 2.31548 0.495469 3.97916 3.46483 1.56591 4.18742 0.0143577 2.71058 0.320715 2.09612 0.0318398 3.19941 0.50686 2.64116 3.57488 3.36775 0.476889 0.230239 0.610019 0.0817557 4.83936 0.49824 4.67285 0.0153039 1.15744 3.24037 4.70917 2.47375 2.57796 1.22021 3.53318 2.83218 1.57018 4.81162 2.58351 1.25982 3.64486 1.83295 1.39398 4.34999 1.773 3.204 4.865 1.147 2.12 1.134 1.161 0.653 3.972 2.961 4.536 4.16 0.221 4.611 1.236 2.368 3.124 3.157 2.425 1.155 1.056 0.02 0.007 2.002 3 0 0 0 0 0 0 0 0 0 0 0 0 0 
0 4.49164 0.813766 0.327425 3.66706 3.20559 1.68187 3.12683 4.362 1.08961 1.29563 2.47355 0.345548 1.97456 0.0822603 4.96125 3.95023 2.3348 0.741589 1.36436 2.03368 1.95827 2.06745 1.32089 0.207289 0.723227 0.361665 0.16304 1.81786 2.79827 3.09081 4.39807 2.88962 1.09271 1.49077 0.773287 2.55653 4.86824 4.41765 1.7568 0.788921 3.20996 1.61398 1.88799 3.94299 4.286 0.656999 4.922 0.0899999 0.426 1.567 1.1 2.237 2.961 1.792 0.148 4.893 2.035 0.334 4.315 1.537 2.332 4.497 2.184 4.067 3.024 4.008 0.003 0.001 1 0 0 0 0 0 0 0 0 0 0 0 0 0 
0 4.18083 0.827923 0.203561 1.01295 0.638637 2.70214 4.6387 4.92367 4.16401 4.38653 0.37888 1.46594 4.74988 1.67089 2.75197 3.5092 3.95384 4.25992 1.07439 1.96331 1.47655 4.49929 1.95462 0.427905 4.25511 3.89139 4.84474 0.988896 1.14124 4.44808 2.1734 1.87432 0.857535 1.93213 4.85971 2.24553 2.95276 3.42088 1.01391 3.89597 2.72499 4.80099 2.899 0.788998 3.047 3.156 0.43 2.045 3.44 1.722 3.779 3.703 4.536 0.148 0.892 0.37 0.686 0.006 4.864 2.48 2.562 4.211 0.079 1.029 3.01 3.003 1.001 2 0 0 0 0 0 0 0 0 0 0 0 0 0 0 
0 3.08698 1.17074 2.2184 3.29805 2.69741 3.30314 2.64175 0.0168663 3.87658 1.58245 1.48866 4.63851 3.18573 3.20653 0.00414815 4.54145 3.4161 3.69223 4.68067 0.723037 1.86792 4.71365 0.394284 2.25746 3.50632 4.52271 0.838613 1.74404 0.737204 1.91518 4.52717 1.75296 2.55837 4.04004 3.1555 2.56884 3.08292 3.71798 0.271981 0.163987 4.506 4.704 1.871 0.438 0.219 4.668 0.384 0.948 4.479 0.345 4.688 0.871 4.16 4.893 0.37 1.153 4.369 4.075 0.588 3.613 0.235 1.089 3.033 2.012 2.004 2.001 2 0 0 0 0 0 0 0 0 0 0 0 0 0 0 0 
0 3.76999 3.86387 0.908288 2.12241 4.29366 2.50058 0.238243 2.63516 0.0420091 1.09088 0.183159 2.25946 0.0708549 0.340451 4.31665 3.88861 3.71513 2.94164 1.72733 1.44734 1.85778 4.39698 2.95161 0.628501 2.73568 4.6099 0.197949 4.86849 3.80973 1.71105 3.45135 0.319546 3.50565 4.84381 3.47988 2.19593 4.70598 4.61199 3.89899 1.933 1.248 2.403 4.871 3.457 4.483 0.101 0.385 0.697 4.801 3.043 4.721 0.792 0.221 2.035 0.686 4.369 2.148 4.644 2.646 4.251 1.097 1.037 0.014 1.005 4.001 2 0 0 0 0 0 0 0 0 0 0 0 0 0 0 0 0 
0 1.541 0.206981 3.53183 0.318717 1.41165 2.91852 4.55495 4.50119 1.3346 0.889759 3.39359 3.31219 0.496033 3.86713 4.72107 3.0156 0.821314 1.43579 4.50111 1.04971 0.357107 2.34921 2.83963 1.46332 1.2175 1.51265 1.41255 0.416167 3.51881 3.23705 1.1205 2.9678 3.54084 2.25091 4.71595 2.97198 1.64299 4.932 3.164 3.84 2.851 0.958 0.959 0.00499993 2.553 4.836 2.083 0.57 2.23 3.808 3.971 2.78 4.611 0.334 0.006 4.075 4.644 3.657 3.26 1.102 4.039 1.015 4.005 0.002 3 0 0 0 0 0 0 0 0 0 0 0 0 0 0 0 0 0 
0 4.968 3.707 4.13598 1.02787 1.85453 4.98727 1.74959 2.07727 3.86406 1.82309 4.5426 0.971541 0.0161182 1.86135 4.87513 1.85434 0.0220881 1.25356 4.46401 2.18941 4.45377 3.1111 4.20129 3.9504 4.35722 4.25282 1.83122 0.595518 1.11853 3.78582 4.25786 4.02191 0.659945 4.90198 1.34499 1.32999 1.75 0.486998 0.771999 0.000999642 3.125 1.315 0.676 1.006 3.097 1.445 1.565 4.121 2.2 2.458 1.91 2.548 1.236 4.315 4.864 0.588 2.646 3.26 0.104 1.041 0.016 1.006 1.002 4 0 0 0 0 0 0 0 0 0 0 0 0 0 0 0 0 0 0 
0 2.13 1.665 1.899 3.41298 2.74394 1.32984 0.483499 2.52335 2.41238 0.0241875 2.12974 0.715323 1.05199 0.682392 0.690718 3.47993 1.47917 1.88697 2.02686 2.01825 0.124177 0.888644 3.35263 3.60224 3.12346 4.24645 3.8478 1.42884 2.4369 3.38493 3.99395 4.64498 2.60599 3.57099 3.229 0.0169979 1.39 2.446 1.763 0.441 0.846 3.04 0.75 0.327 1.797 3.762 1.3 0.79 1.245 2.161 1.423 0.598 2.368 1.537 2.48 3.613 4.251 1.102 1.041 2.016 2.006 2.002 4 0 0 0 0 0 0 0 0 0 0 0 0 0 0 0 0 0 0 0 
0 1.494 2.196 2.07 1.649 1.27699 0.947966 0.260923 3.92084 2.90276 2.68764 2.03029 1.21032 4.38018 1.69407 0.119853 3.52685 1.31771 0.00812811 1.80524 2.70704 2.11052 4.72863 0.780704 3.44878 3.51884 4.09989 4.09196 4.40298 0.935972 1.49698 4.71599 0.722993 1.814 4.929 4.842 4.633 0.525 1.883 2.936 1.897 0.061 0.325 3.517 3.384 4.821 3.296 1.002 0.996 1.065 3.852 1.658 3.252 3.124 2.332 2.562 0.235 1.097 4.039 0.016 2.006 2.002 4 0 0 0 0 0 0 0 0 0 0 0 0 0 0 0 0 0 0 0 0 
0 3.232 3.067 3.408 2.46 2.159 4.12299 2.64598 0.740952 4.62492 3.33189 2.98787 0.500838 1.0328 3.0268 0.178759 0.689757 3.64076 3.77782 1.25281 2.92084 3.61087 0.264881 4.56192 4.48193 4.07296 4.77597 0.079982 3.18299 3.25199 0.335995 4.973 1.902 2.355 3.469 1.609 2.342 4.502 1.124 3.704 0.384 3.644 0.766 3.631 1.281 1.153 1.952 4.619 1.936 1.406 1.654 3.063 2.663 3.157 4.497 4.211 1.089 1.037 1.015 1.006 2.002 4 0 0 0 0 0 0 0 0 0 0 0 0 0 0 0 0 0 0 0 0 0 
0 1.033 1.174 2.586 0.526 4.525 2.223 2.728 4.88599 3.14399 4.38398 0.410973 4.06996 4.29495 3.61993 3.2789 2.9389 3.7769 1.45993 1.41095 3.00298 2.07294 4.74698 1.74298 3.44699 3.77998 0.258992 4.96599 4.629 0.817998 2.374 4.95 2.215 3.346 1.624 0.935 3.775 2.267 0.851 3.644 2.125 0.329 3.008 3.92 2.334 4.142 2.04 4.741 0.54 1.791 4.889 4.19 3.97 2.425 2.184 0.079 3.033 0.014 4.005 1.002 4 0 0 0 0 0 0 0 0 0 0 0 0 0 0 0 0 0 0 0 0 0 0 
0 4.843 4.081 3.643 4.921 3.953 4.211 2.431 3.065 3.054 1.874 0.757995 3.48399 1.55598 0.283987 3.93698 1.56199 1.45699 3.68799 3.03199 1.37198 3.91499 4.06799 4.08299 2.868 1.753 3.668 4.983 1.363 4.457 4.547 4.089 3.318 1.517 0.441 3.097 0.724 1.071 4.753 1.22 1.161 2.751 2.28 1.704 1.639 3.171 3.049 2.561 4.221 0.803 3.738 3.785 0.351 1.155 4.067 1.029 2.012 1.005 0.002 4 0 0 0 0 0 0 0 0 0 0 0 0 0 0 0 0 0 0 0 0 0 0 0 
0 0.376 2.988 4.167 0.684 2.875 2.727 4.834 2.006 3.825 1.774 3.723 4.978 4.244 3.048 0.521997 0.863996 2.776 4.508 4.703 1.848 3.053 2.528 1.874 1.532 4.557 3.68 2.34 0.45 3.06 4.541 2.013 2.258 1.352 3.801 1.833 2.352 3.107 3.13 4.769 2.344 2.101 2.118 3.585 2.055 2.05 1.622 4.037 0.852 1.331 4.613 3.279 0.126 1.056 3.024 3.01 2.004 4.001 3 0 0 0 0 0 0 0 0 0 0 0 0 0 0 0 0 0 0 0 0 0 0 0 0 
0 3.476 2.712 0.508 1.438 3.132 0.169 2.323 1.701 1.845 3.495 4.426 0.66 2.009 4.419 0.275999 1.36 0.901999 4.763 2.847 2.708 2.57 1.68 0.142 3.759 3.184 4.735 2.017 1.841 1.749 1.698 1.369 1.05 1.945 0.851 0.728 2.982 3.935 1.788 2.406 3.6 4.166 2.87 0.098 0.634 2.738 4.272 1.062 4.982 3.462 0.215 4.098 4.044 0.02 4.008 3.003 2.001 2 0 0 0 0 0 0 0 0 0 0 0 0 0 0 0 0 0 0 0 0 0 0 0 0 0 
0 2.495 2.045 4.337 2.28 2.921 2.665 1.392 4.465 4.021 1.973 1.776 2.91 4.324 2.391 1.854 2.309 4.726 0.867 2.582 1.233 4.17 3.713 3.173 4.157 1.051 3.309 2.298 3.105 1.261 3.258 3.144 4.427 1.925 4.465 0.339 3.237 3.532 3.718 3.854 4.706 4.782 4.334 3.488 2.825 0.913 1.437 4.699 1.336 3.159 4.074 2.034 3.015 0.007 0.003 1.001 2 0 0 0 0 0 0 0 0 0 0 0 0 0 0 0 0 0 0 0 0 0 0 0 0 0 0 
0 0.299 3.069 4.086 2.099 0.497 2.9 0.511 2.375 3.667 3.1 1.91 3.117 3.269 4.819 4.859 4.635 3.413 0.962 3.901 4.423 0.283 1.743 2.934 1.764 0.19 2.936 2.221 0.676 4.887 3.422 4.555 4.202 4.676 3.38 2.034 0.107 0.158 0.992 2.978 4.541 1.667 3.201 2.738 4.912 0.965 2.48 4.235 1.114 3.054 3.025 4.011 1.005 2.002 0.001 2 0 0 0 0 0 0 0 0 0 0 0 0 0 0 0 0 0 0 0 0 0 0 0 0 0 0 0 
0 4.059 3.825 1.783 4.381 1.595 2.956 2.435 2.666 1.645 2.339 1.195 3.282 0.671 2.588 2.213 4.155 0.74 4.767 3.338 2.553 0.641 0.361 3.346 0.949 4.858 3.172 2.356 1.424 4.885 4.744 0.445 3.847 2.978 4.516 0.937 4.024 3.245 3.252 4.648 2.039 0.342 0.309 3.209 1.624 4.317 2.159 4.078 2.038 2.018 3.008 4.003 3.001 3 1 0 0 0 0 0 0 0 0 0 0 0 0 0 0 0 0 0 0 0 0 0 0 0 0 0 0 0 0 
0 4.011 1.167 1.19 1.715 0.866 3.776 0.473 4.494 4.956 4.882 1.769 0.725 2.574 3.709 4.424 1.881 4.362 1.479 1.775 2.388 1.805 0.69 1.316 1.82 1.975 0.96 4.904 2.837 2.863 4.801 1.902 0.584 0.334 1.983 0.592 0.128 2.077 2.067 4.543 4.516 4.371 0.736 0.389 3.202 4.103 2.052 0.026 4.012 0.006 4.002 0.001 2 0 0 0 0 0 0 0 0 0 0 0 0 0 0 0 0 0 0 0 0 0 0 0 0 0 0 0 0 0 0 
0 1.002 4.033 3.244 0.192 2.412 1.24 1.549 1.823 2.984 3.823 1.599 4.983 1.674 3.484 1.831 2.625 4.101 3.227 0.905 0.944 4.406 0.242 0.098 1.934 4.699 3.021 1.651 1.345 4.874 3.957 4.986 4.523 3.577 4.715 4.063 3.239 0.264 3.466 0.402 3.783 4.43 1.233 2.124 1.065 3.033 0.017 3.008 0.004 0.002 4 1 0 0 0 0 0 0 0 0 0 0 0 0 0 0 0 0 0 0 0 0 0 0 0 0 0 0 0 0 0 0 0 
0 2 3.006 0.05 2.248 0.932 4.834 0.278 2.223 4.047 1.985 1.335 0.691 0.511 1.248 3.075 3.008 2.096 4.341 3.125 1.086 1.564 4.818 0.232 0.673 0.106 3.449 0.638 3.809 4.545 4.106 3.622 4.231 2.163 3.776 2.568 4.161 1.285 1.75 2.43 3.242 2.134 2.073 2.039 4.02 3.01 2.005 3.002 1.001 3 0 0 0 0 0 0 0 0 0 0 0 0 0 0 0 0 0 0 0 0 0 0 0 0 0 0 0 0 0 0 0 0 0 
0 0 1.001 1.01 3.051 3.196 0.606 0.577 3.56 4.122 4.823 4.035 2.751 1.461 2.153 4.459 4.909 1.219 0.531 1.55 2.545 3.238 0.626 1.784 4.701 4.169 0.73 2.678 0.101 3.931 1.009 2.127 2.072 2.647 4.684 3.05 1.642 2.385 0.227 2.131 3.074 3.041 4.022 1.012 2.006 1.003 3.001 3 1 0 0 0 0 0 0 0 0 0 0 0 0 0 0 0 0 0 0 0 0 0 0 0 0 0 0 0 0 0 0 0 0 0 0 
0 0 1 0.002 3.01 1.041 2.129 1.341 1.78 3.58 0.881 0.784 2.308 4.355 1.704 0.036 4.992 3.246 0.56 3.826 4.078 2.467 2.222 2.604 3.863 3.208 1.789 3.694 4.959 3.578 4.517 0.729 2.16 2.761 0.489 4.307 4.189 4.114 1.068 4.039 3.022 3.012 4.006 3.003 4.001 4 1 0 0 0 0 0 0 0 0 0 0 0 0 0 0 0 0 0 0 0 0 0 0 0 0 0 0 0 0 0 0 0 0 0 0 0 0 
0 0 0 2 0.002 3.008 2.027 3.073 3.17 0.35 1.646 1.086 0.679 1.407 4.222 2.052 3.809 0.412 2.795 1.925 3.801 3.454 0.936 4.308 4.634 4.968 4.351 1.809 4.353 1.986 3.7 4.485 0.329 0.218 2.141 3.089 3.055 4.033 1.02 4.011 3.006 3.003 4.001 4 1 0 0 0 0 0 0 0 0 0 0 0 0 0 0 0 0 0 0 0 0 0 0 0 0 0 0 0 0 0 0 0 0 0 0 0 0 0 0 
0 0 0 0 2 3.001 3.005 3.015 0.037 2.077 3.144 0.246 0.385 2.558 0.756 3.961 1.154 2.313 4.421 2.469 1.454 4.381 3.263 2.114 3.949 2.783 4.626 0.487 0.368 4.27 0.194 4.135 4.092 0.062 3.04 4.025 0.016 4.009 4.005 1.003 4.001 4 1 0 0 0 0 0 0 0 0 0 0 0 0 0 0 0 0 0 0 0 0 0 0 0 0 0 0 0 0 0 0 0 0 0 0 0 0 0 0 0 0 
0 0 0 0 0 1 0.001 1.003 0.008 0.017 1.032 3.055 0.088 1.129 0.177 3.227 1.276 4.317 3.347 1.363 2.363 4.348 1.322 1.287 1.247 0.206 2.166 3.13 3.099 4.073 2.053 3.037 4.025 2.017 2.011 1.007 3.004 3.002 2.001 4 1 0 0 0 0 0 0 0 0 0 0 0 0 0 0 0 0 0 0 0 0 0 0 0 0 0 0 0 0 0 0 0 0 0 0 0 0 0 0 0 0 0 0 
0 0 0 0 0 0 1 3 3.001 3.003 0.007 2.012 0.02 4.029 1.041 3.053 4.065 2.076 3.084 2.089 2.09 3.087 4.081 3.073 0.064 0.054 0.044 4.034 3.026 4.019 2.014 1.01 0.007 4.004 0.003 0.002 1.001 3 1 0 0 0 0 0 0 0 0 0 0 0 0 0 0 0 0 0 0 0 0 0 0 0 0 0 0 0 0 0 0 0 0 0 0 0 0 0 0 0 0 0 0 0 0 
0 0 0 0 0 0 0 0 1 3 2.001 3.002 2.004 3.006 2.009 2.012 2.015 1.018 2.02 4.021 1.022 4.021 2.02 3.018 2.016 0.014 3.011 0.009 0.007 1.005 4.003 3.002 4.001 0.001 4 2 1 0 0 0 0 0 0 0 0 0 0 0 0 0 0 0 0 0 0 0 0 0 0 0 0 0 0 0 0 0 0 0 0 0 0 0 0 0 0 0 0 0 0 0 0 0 0 
0 0 0 0 0 0 0 0 0 0 1 2 4 1.001 0.002 4.002 2.003 1.004 4.004 0.005 2.005 1.005 0.005 3.004 0.004 3.003 4.002 1.002 4.001 1.001 4 2 1 1 0 0 0 0 0 0 0 0 0 0 0 0 0 0 0 0 0 0 0 0 0 0 0 0 0 0 0 0 0 0 0 0 0 0 0 0 0 0 0 0 0 0 0 0 0 0 0 0 0 
0 0 0 0 0 0 0 0 0 0 0 0 0 1 2 2 3 4 4 0.001 1.001 1.001 1.001 0.001 0.001 4 2 2 1 1 0 0 0 0 0 0 0 0 0 0 0 0 0 0 0 0 0 0 0 0 0 0 0 0 0 0 0 0 0 0 0 0 0 0 0 0 0 0 0 0 0 0 0 0 0 0 0 0 0 0 0 0 0 
0 0 0 0 0 0 0 0 0 0 0 0 0 0 0 0 0 0 0 1 1 1 1 1 1 0 0 0 0 0 0 0 0 0 0 0 0 0 0 0 0 0 0 0 0 0 0 0 0 0 0 0 0 0 0 0 0 0 0 0 0 0 0 0 0 0 0 0 0 0 0 0 0 0 0 0 0 0 0 0 0 0 0 
