0 0 0 0 0 0 0 0 0 0 0 0 0 0 0 0 0 0 0 0 0 0 0 0 0 0 0 0 0 0 0 1 2 3 3 4 4 4 4 4 4 4 4 4 4 4 4 4 4 4 3 3 2 1 0 0 0 0 0 0 0 0 0 0 0 0 0 0 0 0 0 0 0 0 0 0 0 0 0 0 0 0 0 0 0 
0 0 0 0 0 0 0 0 0 0 0 0 0 0 0 0 0 0 0 0 0 0 0 0 0 0 0 0 1 2 4 2.99 2.98 0.97 3.97 0.96 2.96 3.96 3.96 3.96 3.96 3.96 3.96 3.96 3.96 3.96 3.96 3.96 2.96 0.96 3.97 0.97 2.98 2.99 4 2 1 0 0 0 0 0 0 0 0 0 0 0 0 0 0 0 0 0 0 0 0 0 0 0 0 0 0 0 0 
0 0 0 0 0 0 0 0 0 0 0 0 0 0 0 0 0 0 0 0 0 0 0 0 0 1 2 4 2.99 2.98 3.97 2.95 0.93 2.92 2.91 3.9 3.89 1.88 3.88 3.88 3.88 3.88 3.88 3.88 3.88 3.88 3.88 1.88 3.89 3.9 2.91 2.92 0.93 2.95 3.97 2.98 2.99 4 2 1 0 0 0 0 0 0 0 0 0 0 0 0 0 0 0 0 0 0 0 0 0 0 0 0 0 
0 0 0 0 0 0 0 0 0 0 0 0 0 0 0 0 0 0 0 0 0 0 0 1 3 1.99 2.98 3.97 2.95 2.93 3.91 0.88 2.86 2.84 2.82 2.8 1.78 3.77 1.76 3.76 3.76 3.76 3.76 3.76 3.76 3.76 1.76 3.77 1.78 2.8 2.82 2.84 2.86 0.88 3.91 2.93 2.95 3.97 2.98 1.99 3 1 0 0 0 0 0 0 0 0 0 0 0 0 0 0 0 0 0 0 0 0 0 0 0 
0 0 0 0 0 0 0 0 0 0 0 0 0 0 0 0 0 0 0 0 0 1 3 1.99 3.98 3.96 0.93 3.91 2.88 2.85 2.82 3.79 3.76 3.73 3.7 3.67 1.64 1.62 3.61 1.6 3.6 3.6 3.6 3.6 3.6 1.6 3.61 1.62 1.64 3.67 3.7 3.73 3.76 3.79 2.82 2.85 2.88 3.91 0.93 3.96 3.98 1.99 3 1 0 0 0 0 0 0 0 0 0 0 0 0 0 0 0 0 0 0 0 0 0 
0 0 0 0 0 0 0 0 0 0 0 0 0 0 0 0 0 0 0 1 3 1.99 3.98 3.96 1.93 3.9 2.86 2.82 2.78 2.74 2.7 2.66 2.62 2.58 2.54 1.5 3.47 2.44 1.42 3.41 2.4 3.4 3.4 3.4 2.4 3.41 1.42 2.44 3.47 1.5 2.54 2.58 2.62 2.66 2.7 2.74 2.78 2.82 2.86 3.9 1.93 3.96 3.98 1.99 3 1 0 0 0 0 0 0 0 0 0 0 0 0 0 0 0 0 0 0 0 
0 0 0 0 0 0 0 0 0 0 0 0 0 0 0 0 0 0 2 0.99 2.98 3.96 1.93 3.9 3.86 1.81 3.76 0.7 2.65 3.6 3.55 3.5 3.45 3.4 3.35 2.3 3.26 0.22 3.2 3.18 0.16 3.16 3.16 3.16 0.16 3.18 3.2 0.22 3.26 2.3 3.35 3.4 3.45 3.5 3.55 3.6 2.65 0.7 3.76 1.81 3.86 3.9 1.93 3.96 2.98 0.99 2 0 0 0 0 0 0 0 0 0 0 0 0 0 0 0 0 0 0 
0 0 0 0 0 0 0 0 0 0 0 0 0 0 0 0 0 3 2.99 3.97 2.94 0.9 2.86 0.81 2.76 3.7 2.63 3.56 2.49 0.42 2.36 3.3 3.24 3.18 3.12 2.06 2.01 2.97 3.94 2.91 2.89 2.88 3.88 2.88 2.89 2.91 3.94 2.97 2.01 2.06 3.12 3.18 3.24 3.3 2.36 0.42 2.49 3.56 2.63 3.7 2.76 0.81 2.86 0.9 2.94 3.97 2.99 3 0 0 0 0 0 0 0 0 0 0 0 0 0 0 0 0 0 
0 0 0 0 0 0 0 0 0 0 0 0 0 0 0 0 4 0.98 3.96 0.92 2.88 3.83 1.77 3.71 3.64 3.56 2.47 0.38 2.3 3.22 2.14 0.06 1.99 2.92 3.85 2.78 2.72 2.67 3.63 0.59 3.57 0.55 3.55 0.55 3.57 0.59 3.63 2.67 2.72 2.78 3.85 2.92 1.99 0.06 2.14 3.22 2.3 0.38 2.47 3.56 3.64 3.71 1.77 3.83 2.88 0.92 3.96 0.98 4 0 0 0 0 0 0 0 0 0 0 0 0 0 0 0 0 
0 0 0 0 0 0 0 0 0 0 0 0 0 0 0 4 1.98 2.95 2.91 3.86 3.8 1.73 3.66 3.58 3.49 3.39 0.28 2.18 2.08 0.98 2.89 3.8 3.71 3.62 2.53 2.45 2.38 2.32 2.27 3.23 3.2 3.18 1.17 3.18 3.2 3.23 2.27 2.32 2.38 2.45 2.53 3.62 3.71 3.8 2.89 0.98 2.08 2.18 0.28 3.39 3.49 3.58 3.66 1.73 3.8 3.86 2.91 2.95 1.98 4 0 0 0 0 0 0 0 0 0 0 0 0 0 0 0 
0 0 0 0 0 0 0 0 0 0 0 0 0 0 4 1.98 3.95 2.9 2.84 2.77 1.69 3.61 3.52 3.42 3.31 2.19 3.07 2.95 2.83 1.71 3.6 3.49 3.38 3.27 0.16 2.07 2.99 3.92 3.86 3.81 1.77 3.75 2.74 3.75 1.77 3.81 3.86 3.92 2.99 2.07 0.16 3.27 3.38 3.49 3.6 1.71 2.83 2.95 3.07 2.19 3.31 3.42 3.52 3.61 1.69 2.77 2.84 2.9 3.95 1.98 4 0 0 0 0 0 0 0 0 0 0 0 0 0 0 
0 0 0 0 0 0 0 0 0 0 0 0 0 4 1.98 3.95 3.9 2.83 2.75 2.66 1.56 3.46 3.35 3.23 3.1 1.96 2.82 2.68 3.54 3.4 1.26 3.13 4 2.87 3.75 3.64 3.54 1.45 2.38 1.32 3.28 1.25 1.24 1.25 3.28 1.32 2.38 1.45 3.54 3.64 3.75 2.87 4 3.13 1.26 3.4 3.54 2.68 2.82 1.96 3.1 3.23 3.35 3.46 1.56 2.66 2.75 2.83 3.9 3.95 1.98 4 0 0 0 0 0 0 0 0 0 0 0 0 0 
0 0 0 0 0 0 0 0 0 0 0 0 4 1.98 3.95 3.9 3.83 2.74 2.64 2.53 2.41 0.28 2.15 3.01 3.86 3.7 0.53 3.37 0.2 2.04 2.88 2.72 1.56 2.41 2.27 2.14 1.02 1.92 3.84 2.77 2.72 3.69 3.68 3.69 2.72 2.77 3.84 1.92 1.02 2.14 2.27 2.41 1.56 2.72 2.88 2.04 0.2 3.37 0.53 3.7 3.86 3.01 2.15 0.28 2.41 2.53 2.64 2.74 3.83 3.9 3.95 1.98 4 0 0 0 0 0 0 0 0 0 0 0 0 
0 0 0 0 0 0 0 0 0 0 0 4 1.98 3.95 3.9 3.83 3.74 2.63 3.51 3.38 3.24 3.09 2.93 2.76 1.58 3.4 3.21 3.02 3.83 3.64 3.45 3.26 2.07 0.89 2.73 3.58 2.44 2.32 2.22 3.14 3.08 1.04 3.03 1.04 3.08 3.14 2.22 2.32 2.44 3.58 2.73 0.89 2.07 3.26 3.45 3.64 3.83 3.02 3.21 3.4 1.58 2.76 2.93 3.09 3.24 3.38 3.51 2.63 3.74 3.83 3.9 3.95 1.98 4 0 0 0 0 0 0 0 0 0 0 0 
0 0 0 0 0 0 0 0 0 0 4 1.98 3.95 3.9 3.83 3.74 3.63 3.5 0.35 2.2 2.04 3.87 2.68 2.48 1.27 2.06 0.84 1.62 2.4 3.18 3.96 3.74 2.52 1.31 3.12 1.94 2.78 3.64 3.52 1.42 1.35 3.31 0.29 3.31 1.35 1.42 3.52 3.64 2.78 1.94 3.12 1.31 2.52 3.74 3.96 3.18 2.4 1.62 0.84 2.06 1.27 2.48 2.68 3.87 2.04 2.2 0.35 3.5 3.63 3.74 3.83 3.9 3.95 1.98 4 0 0 0 0 0 0 0 0 0 0 
0 0 0 0 0 0 0 0 0 4 1.98 3.95 3.9 3.83 3.74 3.63 3.5 3.35 2.18 2.13163e-14 3.82 3.62 2.4 2.17 0.93 2.69 3.44 2.18 2.92 2.66 1.4 3.15 2.9 3.66 2.43 3.22 3.03 1.86 2.72 3.61 3.53 3.48 2.46 3.48 3.53 3.61 2.72 1.86 3.03 3.22 2.43 3.66 2.9 3.15 1.4 2.66 2.92 2.18 3.44 2.69 0.93 2.17 2.4 3.62 3.82 2.13163e-14 2.18 3.35 3.5 3.63 3.74 3.83 3.9 3.95 1.98 4 0 0 0 0 0 0 0 0 0 
0 0 0 0 0 0 0 0 4 1.98 3.95 3.9 3.83 3.74 3.63 3.5 3.35 3.18 1.99 3.79 1.57 3.34 2.09 2.83 3.56 3.28 3.99 3.69 0.38 2.08 1.78 3.49 3.2 3.92 2.65 1.4 3.18 1.98 0.81 1.68 3.59 2.53 3.51 2.53 3.59 1.68 0.81 1.98 3.18 1.4 2.65 3.92 3.2 3.49 1.78 2.08 0.38 3.69 3.99 3.28 3.56 2.83 2.09 3.34 1.57 3.79 1.99 3.18 3.35 3.5 3.63 3.74 3.83 3.9 3.95 1.98 4 0 0 0 0 0 0 0 0 
0 0 0 0 0 0 0 3 0.98 2.95 2.9 2.83 2.74 2.63 3.5 3.35 3.18 2.99 3.78 3.55 3.3 2.03 3.75 2.45 2.14 3.82 1.48 3.14 2.79 3.44 2.09 3.75 3.41 2.08 2.77 2.48 3.22 3.99 2.79 1.63 3.52 3.45 0.42 3.45 3.52 1.63 2.79 3.99 3.22 2.48 2.77 2.08 3.41 3.75 2.09 3.44 2.79 3.14 1.48 3.82 2.14 2.45 3.75 2.03 3.3 3.55 3.78 2.99 3.18 3.35 3.5 2.63 2.74 2.83 2.9 2.95 0.98 3 0 0 0 0 0 0 0 
0 0 0 0 0 0 2 2.99 3.96 2.91 2.84 2.75 2.64 3.51 0.35 2.18 1.99 3.78 2.54 2.28 4 1.69 2.37 2.03 3.68 3.31 0.92 2.53 3.13 0.72 3.32 3.92 1.52 3.14 3.78 3.44 2.13 2.86 3.63 2.44 0.3 2.22 2.19 2.22 0.3 2.44 3.63 2.86 2.13 3.44 3.78 3.14 1.52 3.92 3.32 0.72 3.13 2.53 0.92 3.31 3.68 2.03 2.37 1.69 4 2.28 2.54 3.78 1.99 2.18 0.35 3.51 2.64 2.75 2.84 2.91 3.96 2.99 2 0 0 0 0 0 0 
0 0 0 0 0 1 0.99 3.97 0.92 3.86 2.77 2.66 2.53 3.38 2.2 2.13163e-14 3.79 3.55 2.28 3.99 3.67 1.32 3.96 1.57 2.17 2.75 2.31 2.86 3.4 2.93 3.46 1.99 3.53 1.08 3.66 2.26 2.9 2.58 3.31 3.09 3.93 3.83 0.79 3.83 3.93 3.09 3.31 2.58 2.9 2.26 3.66 1.08 3.53 1.99 3.46 2.93 3.4 2.86 2.31 2.75 2.17 1.57 3.96 1.32 3.67 3.99 2.28 3.55 3.79 2.13163e-14 2.2 3.38 2.53 2.66 2.77 3.86 0.92 3.97 0.99 1 0 0 0 0 0 
0 0 0 0 0 3 2.98 2.94 2.88 3.8 1.69 1.56 2.41 3.24 2.04 3.82 1.57 3.3 4 3.67 3.31 1.92 2.51 0.07 3.62 2.14 2.64 2.12 2.59 3.05 0.5 2.96 1.42 2.9 2.4 0.93 3.51 2.13 3.81 3.55 3.36 2.24 3.2 2.24 3.36 3.55 3.81 2.13 3.51 0.93 2.4 2.9 1.42 2.96 0.5 3.05 2.59 2.12 2.64 2.14 3.62 0.07 2.51 1.92 3.31 3.67 4 3.3 1.57 3.82 2.04 3.24 2.41 1.56 1.69 3.8 2.88 2.94 2.98 3 0 0 0 0 0 
0 0 0 0 1 1.99 3.96 0.9 3.83 1.73 3.61 3.46 0.28 3.09 3.87 3.62 3.34 2.03 1.69 1.32 1.92 2.49 3.03 3.54 2.02 3.48 3.91 1.31 1.7 3.08 3.45 3.82 2.19 3.58 1.99 2.44 3.94 3.49 1.1 0.79 3.57 3.43 2.38 3.43 3.57 0.79 1.1 3.49 3.94 2.44 1.99 3.58 2.19 3.82 3.45 3.08 1.7 1.31 3.91 3.48 2.02 3.54 3.03 2.49 1.92 1.32 1.69 2.03 3.34 3.62 3.87 3.09 0.28 3.46 3.61 1.73 3.83 0.9 3.96 1.99 1 0 0 0 0 
0 0 0 0 3 3.98 1.93 2.86 1.77 3.66 3.52 3.35 2.15 2.93 2.68 2.4 2.09 3.75 2.37 3.96 2.51 3.03 1.51 2.96 0.37 3.76 3.11 2.43 2.73 2.01 2.28 3.55 3.82 2.1 2.41 2.76 2.16 3.63 3.17 2.8 3.53 2.36 1.3 2.36 3.53 2.8 3.17 3.63 2.16 2.76 2.41 2.1 3.82 3.55 2.28 2.01 2.73 2.43 3.11 3.76 0.37 2.96 1.51 3.03 2.51 3.96 2.37 3.75 2.09 2.4 2.68 2.93 2.15 3.35 3.52 3.66 1.77 2.86 1.93 3.98 3 0 0 0 0 
0 0 0 1 1.99 3.96 3.9 0.81 3.71 3.58 3.42 3.23 3.01 2.76 2.48 2.17 2.83 2.45 2.03 1.57 0.07 3.54 2.96 2.34 2.68 1.98 1.24 2.47 3.67 2.84 0.99 2.14 3.29 3.45 3.64 3.87 0.15 3.52 0.97 2.53 1.2 3 1.93 3 1.2 2.53 0.97 3.52 0.15 3.87 3.64 3.45 3.29 2.14 0.99 2.84 3.67 2.47 1.24 1.98 2.68 2.34 2.96 3.54 0.07 1.57 2.03 2.45 2.83 2.17 2.48 2.76 3.01 3.23 3.42 3.58 3.71 0.81 3.9 3.96 1.99 1 0 0 0 
0 0 0 3 3.98 1.93 3.86 2.76 3.64 3.49 3.31 3.1 3.86 1.58 1.27 0.93 3.56 2.14 3.68 2.17 3.62 2.02 0.37 2.68 2.94 3.15 2.31 3.43 2.51 3.56 2.58 3.59 2.59 0.6 3.65 3.74 2.89 2.13 3.48 3.95 2.55 0.3 2.22 0.3 2.55 3.95 3.48 2.13 2.89 3.74 3.65 0.6 2.59 3.59 2.58 3.56 2.51 3.43 2.31 3.15 2.94 2.68 0.37 2.02 3.62 2.17 3.68 2.14 3.56 0.93 1.27 1.58 3.86 3.1 3.31 3.49 3.64 2.76 3.86 1.93 3.98 3 0 0 0 
0 0 1 1.99 3.96 3.9 1.81 3.7 3.56 3.39 2.19 1.96 3.7 3.4 2.06 2.69 3.28 3.82 3.31 2.75 2.14 3.48 3.76 1.98 3.15 3.26 3.31 0.3 1.25 3.16 2.03 3.88 2.71 2.55 2.42 2.34 2.33 1.42 3.64 4 3.52 2.22 2.12 2.22 3.52 4 3.64 1.42 2.33 2.34 2.42 2.55 2.71 3.88 2.03 3.16 1.25 0.3 3.31 3.26 3.15 1.98 3.76 3.48 2.14 2.75 3.31 3.82 3.28 2.69 2.06 3.4 3.7 1.96 2.19 3.39 3.56 3.7 1.81 3.9 3.96 1.99 1 0 0 
0 0 2 2.98 0.93 2.86 3.76 2.63 2.47 0.28 3.07 2.82 0.53 3.21 0.84 3.44 3.99 1.48 0.92 2.31 2.64 3.91 3.11 1.24 2.31 3.31 3.24 3.1 3.9 1.64 3.34 4 0.63 2.27 0.93 3.65 1.44 3.35 3.4 2.62 3.04 2.68 3.56 2.68 3.04 2.62 3.4 3.35 1.44 3.65 0.93 2.27 0.63 4 3.34 1.64 3.9 3.1 3.24 3.31 2.31 1.24 3.11 3.91 2.64 2.31 0.92 1.48 3.99 3.44 0.84 3.21 0.53 2.82 3.07 0.28 2.47 2.63 3.76 2.86 0.93 2.98 2 0 0 
0 0 4 3.97 3.91 2.82 0.7 3.56 0.38 2.18 2.95 2.68 3.37 3.02 1.62 2.18 3.69 3.14 2.53 2.86 2.12 1.31 2.43 2.47 3.43 0.3 3.1 2.81 1.44 2 3.5 1.94 3.35 3.75 1.16 3.63 2.18 3.86 1.7 2.75 3.04 2.6 2.45 2.6 3.04 2.75 1.7 3.86 2.18 3.63 1.16 3.75 3.35 1.94 3.5 2 1.44 2.81 3.1 0.3 3.43 2.47 2.43 1.31 2.12 2.86 2.53 3.14 3.69 2.18 1.62 3.02 3.37 2.68 2.95 2.18 0.38 3.56 0.7 2.82 3.91 3.97 4 0 0 
0 1 2.99 2.95 2.88 2.78 2.65 2.49 2.3 2.08 2.83 3.54 0.2 3.83 2.4 2.92 0.38 2.79 3.13 3.4 2.59 1.7 2.73 3.67 2.51 1.25 3.9 1.44 3.89 2.24 3.51 1.7 0.84 2.96 3.08 0.24 3.5 0.89 3.48 3.31 1.43 3.89 0.7 3.89 1.43 3.31 3.48 0.89 3.5 0.24 3.08 2.96 0.84 1.7 3.51 2.24 3.89 1.44 3.9 1.25 2.51 3.67 2.73 1.7 2.59 3.4 3.13 2.79 0.38 2.92 2.4 3.83 0.2 3.54 2.83 2.08 2.3 2.49 2.65 2.78 2.88 2.95 2.99 1 0 
0 2 2.98 2.93 2.85 2.74 3.6 0.42 3.22 0.98 1.71 3.4 2.04 3.64 3.18 2.66 2.08 3.44 0.72 2.93 3.05 3.08 2.01 2.84 3.56 3.16 1.64 2 2.24 2.36 3.37 3.28 3.11 1.89 2.66 3.46 3.35 3.39 2.65 2.2 3.11 2.43 3.2 2.43 3.11 2.2 2.65 3.39 3.35 3.46 2.66 1.89 3.11 3.28 3.37 2.36 2.24 2 1.64 3.16 3.56 2.84 2.01 3.08 3.05 2.93 0.72 3.44 2.08 2.66 3.18 3.64 2.04 3.4 1.71 0.98 3.22 0.42 3.6 2.74 2.85 2.93 2.98 2 0 
0 4 3.97 3.91 2.82 2.7 3.55 2.36 2.14 2.89 3.6 1.26 2.88 3.45 3.96 1.4 1.78 2.09 3.32 3.46 0.5 3.45 2.28 0.99 2.58 2.03 3.34 3.5 3.51 3.37 0.08 3.67 2.14 2.53 3.88 0.23 1.67 2.27 3.12 2.31 2.94 2.08 2.79 2.08 2.94 2.31 3.12 2.27 1.67 0.23 3.88 2.53 2.14 3.67 0.08 3.37 3.51 3.5 3.34 2.03 2.58 0.99 2.28 3.45 0.5 3.46 3.32 2.09 1.78 1.4 3.96 3.45 2.88 1.26 3.6 2.89 2.14 2.36 3.55 2.7 2.82 3.91 3.97 4 0 
1 2.99 2.95 0.88 3.79 2.66 3.5 3.3 0.06 3.8 3.49 3.13 2.72 3.26 3.74 3.15 3.49 3.75 3.92 1.99 2.96 3.82 3.55 2.14 3.59 3.88 4 1.94 1.7 3.28 3.67 0.88 2.94 1.87 3.72 3.54 3.42 2.46 3.78 1.5 2.76 0.66 3.29 0.66 2.76 1.5 3.78 2.46 3.42 3.54 3.72 1.87 2.94 0.88 3.67 3.28 1.7 1.94 4 3.88 3.59 2.14 3.55 3.82 2.96 1.99 3.92 3.75 3.49 3.15 3.74 3.26 2.72 3.13 3.49 3.8 0.06 3.3 3.5 2.66 3.79 0.88 2.95 2.99 1 
2 2.98 0.93 2.86 3.76 2.62 3.45 3.24 1.99 3.71 3.38 4 1.56 2.07 2.52 2.9 3.2 3.41 1.52 3.53 1.42 2.19 3.82 3.29 2.59 2.71 0.63 3.35 0.84 3.11 2.14 2.94 0.52 3.92 3.17 2.34 1.53 3.87 1.5 3.61 2.37 2.95 1.46 2.95 2.37 3.61 1.5 3.87 1.53 2.34 3.17 3.92 0.52 2.94 2.14 3.11 0.84 3.35 0.63 2.71 2.59 3.29 3.82 2.19 1.42 3.53 1.52 3.41 3.2 2.9 2.52 2.07 1.56 4 3.38 3.71 1.99 3.24 3.45 2.62 3.76 2.86 0.93 2.98 2 
3 0.97 2.92 2.84 3.73 2.58 3.4 3.18 2.92 3.62 3.27 2.87 2.41 0.89 1.31 3.66 3.92 2.08 3.14 1.08 2.9 3.58 2.1 3.45 0.6 2.55 2.27 3.75 2.96 1.89 2.53 1.87 3.92 0.69 3.24 3.63 3.97 3.41 3.15 2.43 1.51 2.64 0.99 2.64 1.51 2.43 3.15 3.41 3.97 3.63 3.24 0.69 3.92 1.87 2.53 1.89 2.96 3.75 2.27 2.55 0.6 3.45 2.1 3.58 2.9 1.08 3.14 2.08 3.92 3.66 1.31 0.89 2.41 2.87 3.27 3.62 2.92 3.18 3.4 2.58 3.73 2.84 2.92 0.97 3 
3 3.97 2.91 2.82 3.7 2.54 3.35 3.12 3.85 2.53 0.16 3.75 2.27 2.73 3.12 2.43 2.65 2.77 3.78 3.66 2.4 1.99 2.41 3.64 3.65 2.42 0.93 1.16 3.08 2.66 3.88 3.72 3.17 3.24 0.96 1.41 2.7 2 3.57 3.73 3.86 3.34 2.46 3.34 3.86 3.73 3.57 2 2.7 1.41 0.96 3.24 3.17 3.72 3.88 2.66 3.08 1.16 0.93 2.42 3.65 3.64 2.41 1.99 2.4 3.66 3.78 2.77 2.65 2.43 3.12 2.73 2.27 3.75 0.16 2.53 3.85 3.12 3.35 2.54 3.7 2.82 2.91 3.97 3 
4 0.96 3.9 2.8 3.67 1.5 2.3 2.06 2.78 2.45 2.07 3.64 2.14 3.58 1.94 3.22 1.4 2.48 3.44 2.26 0.93 2.44 2.76 3.87 3.74 2.34 3.65 3.63 0.24 3.46 0.23 3.54 2.34 3.63 1.41 2.75 3.75 3.6 2.61 3.22 1.98 3.5 3.27 3.5 1.98 3.22 2.61 3.6 3.75 2.75 1.41 3.63 2.34 3.54 0.23 3.46 0.24 3.63 3.65 2.34 3.74 3.87 2.76 2.44 0.93 2.26 3.44 2.48 1.4 3.22 1.94 3.58 2.14 3.64 2.07 2.45 2.78 2.06 2.3 1.5 3.67 2.8 3.9 0.96 4 
4 2.96 3.89 1.78 1.64 3.47 3.26 2.01 2.72 2.38 2.99 3.54 1.02 2.44 2.78 3.03 3.18 3.22 2.13 2.9 3.51 3.94 2.16 0.15 2.89 2.33 1.44 2.18 3.5 3.35 1.67 3.42 1.53 3.97 2.7 3.75 3.19 3.21 3.16 2.6 2.34 3.36 2.56 3.36 2.34 2.6 3.16 3.21 3.19 3.75 2.7 3.97 1.53 3.42 1.67 3.35 3.5 2.18 1.44 2.33 2.89 0.15 2.16 3.94 3.51 2.9 2.13 3.22 3.18 3.03 2.78 2.44 1.02 3.54 2.99 2.38 2.72 2.01 3.26 3.47 1.64 1.78 3.89 2.96 4 
4 3.96 1.88 3.77 1.62 2.44 0.22 2.97 2.67 2.32 3.92 1.45 1.92 2.32 3.64 1.86 1.98 3.99 2.86 2.58 2.13 3.49 3.63 3.52 2.13 1.42 3.35 3.86 0.89 3.39 2.27 2.46 3.87 3.41 2 3.6 3.21 0.96 3.2 0.58 2.25 2.81 1.01 2.81 2.25 0.58 3.2 0.96 3.21 3.6 2 3.41 3.87 2.46 2.27 3.39 0.89 3.86 3.35 1.42 2.13 3.52 3.63 3.49 2.13 2.58 2.86 3.99 1.98 1.86 3.64 2.32 1.92 1.45 3.92 2.32 2.67 2.97 0.22 2.44 1.62 3.77 1.88 3.96 4 
4 3.96 3.88 1.76 3.61 1.42 3.2 3.94 3.63 2.27 3.86 2.38 3.84 2.22 3.52 2.72 0.81 2.79 3.63 3.31 3.81 1.1 3.17 0.97 3.48 3.64 3.4 1.7 3.48 2.65 3.12 3.78 1.5 3.15 3.57 2.61 3.16 3.2 3.94 2.02 2.9 3.17 0.4 3.17 2.9 2.02 3.94 3.2 3.16 2.61 3.57 3.15 1.5 3.78 3.12 2.65 3.48 1.7 3.4 3.64 3.48 0.97 3.17 1.1 3.81 3.31 3.63 2.79 0.81 2.72 3.52 2.22 3.84 2.38 3.86 2.27 3.63 3.94 3.2 1.42 3.61 1.76 3.88 3.96 4 
4 3.96 3.88 3.76 1.6 3.41 3.18 2.91 0.59 3.23 3.81 1.32 2.77 3.14 1.42 3.61 1.68 1.63 2.44 3.09 3.55 0.79 2.8 2.53 3.95 4 2.62 2.75 3.31 2.2 2.31 1.5 3.61 2.43 3.73 3.22 2.6 0.58 2.02 2.2 1.54 3.83 3.49 3.83 1.54 2.2 2.02 0.58 2.6 3.22 3.73 2.43 3.61 1.5 2.31 2.2 3.31 2.75 2.62 4 3.95 2.53 2.8 0.79 3.55 3.09 2.44 1.63 1.68 3.61 1.42 3.14 2.77 1.32 3.81 3.23 0.59 2.91 3.18 3.41 1.6 3.76 3.88 3.96 4 
4 3.96 3.88 3.76 3.6 2.4 0.16 2.89 3.57 3.2 1.77 3.28 2.72 3.08 1.35 3.53 3.59 3.52 0.3 3.93 3.36 3.57 3.53 1.2 2.55 3.52 3.04 3.04 1.43 3.11 2.94 2.76 2.37 1.51 3.86 1.98 2.34 2.25 2.9 1.54 1.33 4 3.69 4 1.33 1.54 2.9 2.25 2.34 1.98 3.86 1.51 2.37 2.76 2.94 3.11 1.43 3.04 3.04 3.52 2.55 1.2 3.53 3.57 3.36 3.93 0.3 3.52 3.59 3.53 1.35 3.08 2.72 3.28 1.77 3.2 3.57 2.89 0.16 2.4 3.6 3.76 3.88 3.96 4 
4 3.96 3.88 3.76 3.6 3.4 3.16 2.88 0.55 3.18 3.75 1.25 3.69 1.04 3.31 3.48 2.53 3.45 2.22 3.83 2.24 3.43 2.36 3 0.3 2.22 2.68 2.6 3.89 2.43 2.08 0.66 2.95 2.64 3.34 3.5 3.36 2.81 3.17 3.83 4 2.53 3.43 2.53 4 3.83 3.17 2.81 3.36 3.5 3.34 2.64 2.95 0.66 2.08 2.43 3.89 2.6 2.68 2.22 0.3 3 2.36 3.43 2.24 3.83 2.22 3.45 2.53 3.48 3.31 1.04 3.69 1.25 3.75 3.18 0.55 2.88 3.16 3.4 3.6 3.76 3.88 3.96 4 
4 3.96 3.88 3.76 3.6 3.4 3.16 3.88 3.55 1.17 2.74 1.24 3.68 3.03 0.29 2.46 3.51 0.42 2.19 0.79 3.2 2.38 1.3 1.93 2.22 2.12 3.56 2.45 0.7 3.2 2.79 3.29 1.46 0.99 2.46 3.27 2.56 1.01 0.4 3.49 3.69 3.43 1.03 3.43 3.69 3.49 0.4 1.01 2.56 3.27 2.46 0.99 1.46 3.29 2.79 3.2 0.7 2.45 3.56 2.12 2.22 1.93 1.3 2.38 3.2 0.79 2.19 0.42 3.51 2.46 0.29 3.03 3.68 1.24 2.74 1.17 3.55 3.88 3.16 3.4 3.6 3.76 3.88 3.96 4 
4 3.96 3.88 3.76 3.6 3.4 3.16 2.88 0.55 3.18 3.75 1.25 3.69 1.04 3.31 3.48 2.53 3.45 2.22 3.83 2.24 3.43 2.36 3 0.3 2.22 2.68 2.6 3.89 2.43 2.08 0.66 2.95 2.64 3.34 3.5 3.36 2.81 3.17 3.83 4 2.53 3.43 2.53 4 3.83 3.17 2.81 3.36 3.5 3.34 2.64 2.95 0.66 2.08 2.43 3.89 2.6 2.68 2.22 0.3 3 2.36 3.43 2.24 3.83 2.22 3.45 2.53 3.48 3.31 1.04 3.69 1.25 3.75 3.18 0.55 2.88 3.16 3.4 3.6 3.76 3.88 3.96 4 
4 3.96 3.88 3.76 3.6 2.4 0.16 2.89 3.57 3.2 1.77 3.28 2.72 3.08 1.35 3.53 3.59 3.52 0.3 3.93 3.36 3.57 3.53 1.2 2.55 3.52 3.04 3.04 1.43 3.11 2.94 2.76 2.37 1.51 3.86 1.98 2.34 2.25 2.9 1.54 1.33 4 3.69 4 1.33 1.54 2.9 2.25 2.34 1.98 3.86 1.51 2.37 2.76 2.94 3.11 1.43 3.04 3.04 3.52 2.55 1.2 3.53 3.57 3.36 3.93 0.3 3.52 3.59 3.53 1.35 3.08 2.72 3.28 1.77 3.2 3.57 2.89 0.16 2.4 3.6 3.76 3.88 3.96 4 
4 3.96 3.88 3.76 1.6 3.41 3.18 2.91 0.59 3.23 3.81 1.32 2.77 3.14 1.42 3.61 1.68 1.63 2.44 3.09 3.55 0.79 2.8 2.53 3.95 4 2.62 2.75 3.31 2.2 2.31 1.5 3.61 2.43 3.73 3.22 2.6 0.58 2.02 2.2 1.54 3.83 3.49 3.83 1.54 2.2 2.02 0.58 2.6 3.22 3.73 2.43 3.61 1.5 2.31 2.2 3.31 2.75 2.62 4 3.95 2.53 2.8 0.79 3.55 3.09 2.44 1.63 1.68 3.61 1.42 3.14 2.77 1.32 3.81 3.23 0.59 2.91 3.18 3.41 1.6 3.76 3.88 3.96 4 
4 3.96 3.88 1.76 3.61 1.42 3.2 3.94 3.63 2.27 3.86 2.38 3.84 2.22 3.52 2.72 0.81 2.79 3.63 3.31 3.81 1.1 3.17 0.97 3.48 3.64 3.4 1.7 3.48 2.65 3.12 3.78 1.5 3.15 3.57 2.61 3.16 3.2 3.94 2.02 2.9 3.17 0.4 3.17 2.9 2.02 3.94 3.2 3.16 2.61 3.57 3.15 1.5 3.78 3.12 2.65 3.48 1.7 3.4 3.64 3.48 0.97 3.17 1.1 3.81 3.31 3.63 2.79 0.81 2.72 3.52 2.22 3.84 2.38 3.86 2.27 3.63 3.94 3.2 1.42 3.61 1.76 3.88 3.96 4 
4 3.96 1.88 3.77 1.62 2.44 0.22 2.97 2.67 2.32 3.92 1.45 1.92 2.32 3.64 1.86 1.98 3.99 2.86 2.58 2.13 3.49 3.63 3.52 2.13 1.42 3.35 3.86 0.89 3.39 2.27 2.46 3.87 3.41 2 3.6 3.21 0.96 3.2 0.58 2.25 2.81 1.01 2.81 2.25 0.58 3.2 0.96 3.21 3.6 2 3.41 3.87 2.46 2.27 3.39 0.89 3.86 3.35 1.42 2.13 3.52 3.63 3.49 2.13 2.58 2.86 3.99 1.98 1.86 3.64 2.32 1.92 1.45 3.92 2.32 2.67 2.97 0.22 2.44 1.62 3.77 1.88 3.96 4 
4 2.96 3.89 1.78 1.64 3.47 3.26 2.01 2.72 2.38 2.99 3.54 1.02 2.44 2.78 3.03 3.18 3.22 2.13 2.9 3.51 3.94 2.16 0.15 2.89 2.33 1.44 2.18 3.5 3.35 1.67 3.42 1.53 3.97 2.7 3.75 3.19 3.21 3.16 2.6 2.34 3.36 2.56 3.36 2.34 2.6 3.16 3.21 3.19 3.75 2.7 3.97 1.53 3.42 1.67 3.35 3.5 2.18 1.44 2.33 2.89 0.15 2.16 3.94 3.51 2.9 2.13 3.22 3.18 3.03 2.78 2.44 1.02 3.54 2.99 2.38 2.72 2.01 3.26 3.47 1.64 1.78 3.89 2.96 4 
4 0.96 3.9 2.8 3.67 1.5 2.3 2.06 2.78 2.45 2.07 3.64 2.14 3.58 1.94 3.22 1.4 2.48 3.44 2.26 0.93 2.44 2.76 3.87 3.74 2.34 3.65 3.63 0.24 3.46 0.23 3.54 2.34 3.63 1.41 2.75 3.75 3.6 2.61 3.22 1.98 3.5 3.27 3.5 1.98 3.22 2.61 3.6 3.75 2.75 1.41 3.63 2.34 3.54 0.23 3.46 0.24 3.63 3.65 2.34 3.74 3.87 2.76 2.44 0.93 2.26 3.44 2.48 1.4 3.22 1.94 3.58 2.14 3.64 2.07 2.45 2.78 2.06 2.3 1.5 3.67 2.8 3.9 0.96 4 
3 3.97 2.91 2.82 3.7 2.54 3.35 3.12 3.85 2.53 0.16 3.75 2.27 2.73 3.12 2.43 2.65 2.77 3.78 3.66 2.4 1.99 2.41 3.64 3.65 2.42 0.93 1.16 3.08 2.66 3.88 3.72 3.17 3.24 0.96 1.41 2.7 2 3.57 3.73 3.86 3.34 2.46 3.34 3.86 3.73 3.57 2 2.7 1.41 0.96 3.24 3.17 3.72 3.88 2.66 3.08 1.16 0.93 2.42 3.65 3.64 2.41 1.99 2.4 3.66 3.78 2.77 2.65 2.43 3.12 2.73 2.27 3.75 0.16 2.53 3.85 3.12 3.35 2.54 3.7 2.82 2.91 3.97 3 
3 0.97 2.92 2.84 3.73 2.58 3.4 3.18 2.92 3.62 3.27 2.87 2.41 0.89 1.31 3.66 3.92 2.08 3.14 1.08 2.9 3.58 2.1 3.45 0.6 2.55 2.27 3.75 2.96 1.89 2.53 1.87 3.92 0.69 3.24 3.63 3.97 3.41 3.15 2.43 1.51 2.64 0.99 2.64 1.51 2.43 3.15 3.41 3.97 3.63 3.24 0.69 3.92 1.87 2.53 1.89 2.96 3.75 2.27 2.55 0.6 3.45 2.1 3.58 2.9 1.08 3.14 2.08 3.92 3.66 1.31 0.89 2.41 2.87 3.27 3.62 2.92 3.18 3.4 2.58 3.73 2.84 2.92 0.97 3 
2 2.98 0.93 2.86 3.76 2.62 3.45 3.24 1.99 3.71 3.38 4 1.56 2.07 2.52 2.9 3.2 3.41 1.52 3.53 1.42 2.19 3.82 3.29 2.59 2.71 0.63 3.35 0.84 3.11 2.14 2.94 0.52 3.92 3.17 2.34 1.53 3.87 1.5 3.61 2.37 2.95 1.46 2.95 2.37 3.61 1.5 3.87 1.53 2.34 3.17 3.92 0.52 2.94 2.14 3.11 0.84 3.35 0.63 2.71 2.59 3.29 3.82 2.19 1.42 3.53 1.52 3.41 3.2 2.9 2.52 2.07 1.56 4 3.38 3.71 1.99 3.24 3.45 2.62 3.76 2.86 0.93 2.98 2 
1 2.99 2.95 0.88 3.79 2.66 3.5 3.3 0.06 3.8 3.49 3.13 2.72 3.26 3.74 3.15 3.49 3.75 3.92 1.99 2.96 3.82 3.55 2.14 3.59 3.88 4 1.94 1.7 3.28 3.67 0.88 2.94 1.87 3.72 3.54 3.42 2.46 3.78 1.5 2.76 0.66 3.29 0.66 2.76 1.5 3.78 2.46 3.42 3.54 3.72 1.87 2.94 0.88 3.67 3.28 1.7 1.94 4 3.88 3.59 2.14 3.55 3.82 2.96 1.99 3.92 3.75 3.49 3.15 3.74 3.26 2.72 3.13 3.49 3.8 0.06 3.3 3.5 2.66 3.79 0.88 2.95 2.99 1 
0 4 3.97 3.91 2.82 2.7 3.55 2.36 2.14 2.89 3.6 1.26 2.88 3.45 3.96 1.4 1.78 2.09 3.32 3.46 0.5 3.45 2.28 0.99 2.58 2.03 3.34 3.5 3.51 3.37 0.08 3.67 2.14 2.53 3.88 0.23 1.67 2.27 3.12 2.31 2.94 2.08 2.79 2.08 2.94 2.31 3.12 2.27 1.67 0.23 3.88 2.53 2.14 3.67 0.08 3.37 3.51 3.5 3.34 2.03 2.58 0.99 2.28 3.45 0.5 3.46 3.32 2.09 1.78 1.4 3.96 3.45 2.88 1.26 3.6 2.89 2.14 2.36 3.55 2.7 2.82 3.91 3.97 4 0 
0 2 2.98 2.93 2.85 2.74 3.6 0.42 3.22 0.98 1.71 3.4 2.04 3.64 3.18 2.66 2.08 3.44 0.72 2.93 3.05 3.08 2.01 2.84 3.56 3.16 1.64 2 2.24 2.36 3.37 3.28 3.11 1.89 2.66 3.46 3.35 3.39 2.65 2.2 3.11 2.43 3.2 2.43 3.11 2.2 2.65 3.39 3.35 3.46 2.66 1.89 3.11 3.28 3.37 2.36 2.24 2 1.64 3.16 3.56 2.84 2.01 3.08 3.05 2.93 0.72 3.44 2.08 2.66 3.18 3.64 2.04 3.4 1.71 0.98 3.22 0.42 3.6 2.74 2.85 2.93 2.98 2 0 
0 1 2.99 2.95 2.88 2.78 2.65 2.49 2.3 2.08 2.83 3.54 0.2 3.83 2.4 2.92 0.38 2.79 3.13 3.4 2.59 1.7 2.73 3.67 2.51 1.25 3.9 1.44 3.89 2.24 3.51 1.7 0.84 2.96 3.08 0.24 3.5 0.89 3.48 3.31 1.43 3.89 0.7 3.89 1.43 3.31 3.48 0.89 3.5 0.24 3.08 2.96 0.84 1.7 3.51 2.24 3.89 1.44 3.9 1.25 2.51 3.67 2.73 1.7 2.59 3.4 3.13 2.79 0.38 2.92 2.4 3.83 0.2 3.54 2.83 2.08 2.3 2.49 2.65 2.78 2.88 2.95 2.99 1 0 
0 0 4 3.97 3.91 2.82 0.7 3.56 0.38 2.18 2.95 2.68 3.37 3.02 1.62 2.18 3.69 3.14 2.53 2.86 2.12 1.31 2.43 2.47 3.43 0.3 3.1 2.81 1.44 2 3.5 1.94 3.35 3.75 1.16 3.63 2.18 3.86 1.7 2.75 3.04 2.6 2.45 2.6 3.04 2.75 1.7 3.86 2.18 3.63 1.16 3.75 3.35 1.94 3.5 2 1.44 2.81 3.1 0.3 3.43 2.47 2.43 1.31 2.12 2.86 2.53 3.14 3.69 2.18 1.62 3.02 3.37 2.68 2.95 2.18 0.38 3.56 0.7 2.82 3.91 3.97 4 0 0 
0 0 2 2.98 0.93 2.86 3.76 2.63 2.47 0.28 3.07 2.82 0.53 3.21 0.84 3.44 3.99 1.48 0.92 2.31 2.64 3.91 3.11 1.24 2.31 3.31 3.24 3.1 3.9 1.64 3.34 4 0.63 2.27 0.93 3.65 1.44 3.35 3.4 2.62 3.04 2.68 3.56 2.68 3.04 2.62 3.4 3.35 1.44 3.65 0.93 2.27 0.63 4 3.34 1.64 3.9 3.1 3.24 3.31 2.31 1.24 3.11 3.91 2.64 2.31 0.92 1.48 3.99 3.44 0.84 3.21 0.53 2.82 3.07 0.28 2.47 2.63 3.76 2.86 0.93 2.98 2 0 0 
0 0 1 1.99 3.96 3.9 1.81 3.7 3.56 3.39 2.19 1.96 3.7 3.4 2.06 2.69 3.28 3.82 3.31 2.75 2.14 3.48 3.76 1.98 3.15 3.26 3.31 0.3 1.25 3.16 2.03 3.88 2.71 2.55 2.42 2.34 2.33 1.42 3.64 4 3.52 2.22 2.12 2.22 3.52 4 3.64 1.42 2.33 2.34 2.42 2.55 2.71 3.88 2.03 3.16 1.25 0.3 3.31 3.26 3.15 1.98 3.76 3.48 2.14 2.75 3.31 3.82 3.28 2.69 2.06 3.4 3.7 1.96 2.19 3.39 3.56 3.7 1.81 3.9 3.96 1.99 1 0 0 
0 0 0 3 3.98 1.93 3.86 2.76 3.64 3.49 3.31 3.1 3.86 1.58 1.27 0.93 3.56 2.14 3.68 2.17 3.62 2.02 0.37 2.68 2.94 3.15 2.31 3.43 2.51 3.56 2.58 3.59 2.59 0.6 3.65 3.74 2.89 2.13 3.48 3.95 2.55 0.3 2.22 0.3 2.55 3.95 3.48 2.13 2.89 3.74 3.65 0.6 2.59 3.59 2.58 3.56 2.51 3.43 2.31 3.15 2.94 2.68 0.37 2.02 3.62 2.17 3.68 2.14 3.56 0.93 1.27 1.58 3.86 3.1 3.31 3.49 3.64 2.76 3.86 1.93 3.98 3 0 0 0 
0 0 0 1 1.99 3.96 3.9 0.81 3.71 3.58 3.42 3.23 3.01 2.76 2.48 2.17 2.83 2.45 2.03 1.57 0.07 3.54 2.96 2.34 2.68 1.98 1.24 2.47 3.67 2.84 0.99 2.14 3.29 3.45 3.64 3.87 0.15 3.52 0.97 2.53 1.2 3 1.93 3 1.2 2.53 0.97 3.52 0.15 3.87 3.64 3.45 3.29 2.14 0.99 2.84 3.67 2.47 1.24 1.98 2.68 2.34 2.96 3.54 0.07 1.57 2.03 2.45 2.83 2.17 2.48 2.76 3.01 3.23 3.42 3.58 3.71 0.81 3.9 3.96 1.99 1 0 0 0 
0 0 0 0 3 3.98 1.93 2.86 1.77 3.66 3.52 3.35 2.15 2.93 2.68 2.4 2.09 3.75 2.37 3.96 2.51 3.03 1.51 2.96 0.37 3.76 3.11 2.43 2.73 2.01 2.28 3.55 3.82 2.1 2.41 2.76 2.16 3.63 3.17 2.8 3.53 2.36 1.3 2.36 3.53 2.8 3.17 3.63 2.16 2.76 2.41 2.1 3.82 3.55 2.28 2.01 2.73 2.43 3.11 3.76 0.37 2.96 1.51 3.03 2.51 3.96 2.37 3.75 2.09 2.4 2.68 2.93 2.15 3.35 3.52 3.66 1.77 2.86 1.93 3.98 3 0 0 0 0 
0 0 0 0 1 1.99 3.96 0.9 3.83 1.73 3.61 3.46 0.28 3.09 3.87 3.62 3.34 2.03 1.69 1.32 1.92 2.49 3.03 3.54 2.02 3.48 3.91 1.31 1.7 3.08 3.45 3.82 2.19 3.58 1.99 2.44 3.94 3.49 1.1 0.79 3.57 3.43 2.38 3.43 3.57 0.79 1.1 3.49 3.94 2.44 1.99 3.58 2.19 3.82 3.45 3.08 1.7 1.31 3.91 3.48 2.02 3.54 3.03 2.49 1.92 1.32 1.69 2.03 3.34 3.62 3.87 3.09 0.28 3.46 3.61 1.73 3.83 0.9 3.96 1.99 1 0 0 0 0 
0 0 0 0 0 3 2.98 2.94 2.88 3.8 1.69 1.56 2.41 3.24 2.04 3.82 1.57 3.3 4 3.67 3.31 1.92 2.51 0.07 3.62 2.14 2.64 2.12 2.59 3.05 0.5 2.96 1.42 2.9 2.4 0.93 3.51 2.13 3.81 3.55 3.36 2.24 3.2 2.24 3.36 3.55 3.81 2.13 3.51 0.93 2.4 2.9 1.42 2.96 0.5 3.05 2.59 2.12 2.64 2.14 3.62 0.07 2.51 1.92 3.31 3.67 4 3.3 1.57 3.82 2.04 3.24 2.41 1.56 1.69 3.8 2.88 2.94 2.98 3 0 0 0 0 0 
0 0 0 0 0 1 0.99 3.97 0.92 3.86 2.77 2.66 2.53 3.38 2.2 2.13163e-14 3.79 3.55 2.28 3.99 3.67 1.32 3.96 1.57 2.17 2.75 2.31 2.86 3.4 2.93 3.46 1.99 3.53 1.08 3.66 2.26 2.9 2.58 3.31 3.09 3.93 3.83 0.79 3.83 3.93 3.09 3.31 2.58 2.9 2.26 3.66 1.08 3.53 1.99 3.46 2.93 3.4 2.86 2.31 2.75 2.17 1.57 3.96 1.32 3.67 3.99 2.28 3.55 3.79 2.13163e-14 2.2 3.38 2.53 2.66 2.77 3.86 0.92 3.97 0.99 1 0 0 0 0 0 
0 0 0 0 0 0 2 2.99 3.96 2.91 2.84 2.75 2.64 3.51 0.35 2.18 1.99 3.78 2.54 2.28 4 1.69 2.37 2.03 3.68 3.31 0.92 2.53 3.13 0.72 3.32 3.92 1.52 3.14 3.78 3.44 2.13 2.86 3.63 2.44 0.3 2.22 2.19 2.22 0.3 2.44 3.63 2.86 2.13 3.44 3.78 3.14 1.52 3.92 3.32 0.72 3.13 2.53 0.92 3.31 3.68 2.03 2.37 1.69 4 2.28 2.54 3.78 1.99 2.18 0.35 3.51 2.64 2.75 2.84 2.91 3.96 2.99 2 0 0 0 0 0 0 
0 0 0 0 0 0 0 3 0.98 2.95 2.9 2.83 2.74 2.63 3.5 3.35 3.18 2.99 3.78 3.55 3.3 2.03 3.75 2.45 2.14 3.82 1.48 3.14 2.79 3.44 2.09 3.75 3.41 2.08 2.77 2.48 3.22 3.99 2.79 1.63 3.52 3.45 0.42 3.45 3.52 1.63 2.79 3.99 3.22 2.48 2.77 2.08 3.41 3.75 2.09 3.44 2.79 3.14 1.48 3.82 2.14 2.45 3.75 2.03 3.3 3.55 3.78 2.99 3.18 3.35 3.5 2.63 2.74 2.83 2.9 2.95 0.98 3 0 0 0 0 0 0 0 
0 0 0 0 0 0 0 0 4 1.98 3.95 3.9 3.83 3.74 3.63 3.5 3.35 3.18 1.99 3.79 1.57 3.34 2.09 2.83 3.56 3.28 3.99 3.69 0.38 2.08 1.78 3.49 3.2 3.92 2.65 1.4 3.18 1.98 0.81 1.68 3.59 2.53 3.51 2.53 3.59 1.68 0.81 1.98 3.18 1.4 2.65 3.92 3.2 3.49 1.78 2.08 0.38 3.69 3.99 3.28 3.56 2.83 2.09 3.34 1.57 3.79 1.99 3.18 3.35 3.5 3.63 3.74 3.83 3.9 3.95 1.98 4 0 0 0 0 0 0 0 0 
0 0 0 0 0 0 0 0 0 4 1.98 3.95 3.9 3.83 3.74 3.63 3.5 3.35 2.18 2.13163e-14 3.82 3.62 2.4 2.17 0.93 2.69 3.44 2.18 2.92 2.66 1.4 3.15 2.9 3.66 2.43 3.22 3.03 1.86 2.72 3.61 3.53 3.48 2.46 3.48 3.53 3.61 2.72 1.86 3.03 3.22 2.43 3.66 2.9 3.15 1.4 2.66 2.92 2.18 3.44 2.69 0.93 2.17 2.4 3.62 3.82 2.13163e-14 2.18 3.35 3.5 3.63 3.74 3.83 3.9 3.95 1.98 4 0 0 0 0 0 0 0 0 0 
0 0 0 0 0 0 0 0 0 0 4 1.98 3.95 3.9 3.83 3.74 3.63 3.5 0.35 2.2 2.04 3.87 2.68 2.48 1.27 2.06 0.84 1.62 2.4 3.18 3.96 3.74 2.52 1.31 3.12 1.94 2.78 3.64 3.52 1.42 1.35 3.31 0.29 3.31 1.35 1.42 3.52 3.64 2.78 1.94 3.12 1.31 2.52 3.74 3.96 3.18 2.4 1.62 0.84 2.06 1.27 2.48 2.68 3.87 2.04 2.2 0.35 3.5 3.63 3.74 3.83 3.9 3.95 1.98 4 0 0 0 0 0 0 0 0 0 0 
0 0 0 0 0 0 0 0 0 0 0 4 1.98 3.95 3.9 3.83 3.74 2.63 3.51 3.38 3.24 3.09 2.93 2.76 1.58 3.4 3.21 3.02 3.83 3.64 3.45 3.26 2.07 0.89 2.73 3.58 2.44 2.32 2.22 3.14 3.08 1.04 3.03 1.04 3.08 3.14 2.22 2.32 2.44 3.58 2.73 0.89 2.07 3.26 3.45 3.64 3.83 3.02 3.21 3.4 1.58 2.76 2.93 3.09 3.24 3.38 3.51 2.63 3.74 3.83 3.9 3.95 1.98 4 0 0 0 0 0 0 0 0 0 0 0 
0 0 0 0 0 0 0 0 0 0 0 0 4 1.98 3.95 3.9 3.83 2.74 2.64 2.53 2.41 0.28 2.15 3.01 3.86 3.7 0.53 3.37 0.2 2.04 2.88 2.72 1.56 2.41 2.27 2.14 1.02 1.92 3.84 2.77 2.72 3.69 3.68 3.69 2.72 2.77 3.84 1.92 1.02 2.14 2.27 2.41 1.56 2.72 2.88 2.04 0.2 3.37 0.53 3.7 3.86 3.01 2.15 0.28 2.41 2.53 2.64 2.74 3.83 3.9 3.95 1.98 4 0 0 0 0 0 0 0 0 0 0 0 0 
0 0 0 0 0 0 0 0 0 0 0 0 0 4 1.98 3.95 3.9 2.83 2.75 2.66 1.56 3.46 3.35 3.23 3.1 1.96 2.82 2.68 3.54 3.4 1.26 3.13 4 2.87 3.75 3.64 3.54 1.45 2.38 1.32 3.28 1.25 1.24 1.25 3.28 1.32 2.38 1.45 3.54 3.64 3.75 2.87 4 3.13 1.26 3.4 3.54 2.68 2.82 1.96 3.1 3.23 3.35 3.46 1.56 2.66 2.75 2.83 3.9 3.95 1.98 4 0 0 0 0 0 0 0 0 0 0 0 0 0 
0 0 0 0 0 0 0 0 0 0 0 0 0 0 4 1.98 3.95 2.9 2.84 2.77 1.69 3.61 3.52 3.42 3.31 2.19 3.07 2.95 2.83 1.71 3.6 3.49 3.38 3.27 0.16 2.07 2.99 3.92 3.86 3.81 1.77 3.75 2.74 3.75 1.77 3.81 3.86 3.92 2.99 2.07 0.16 3.27 3.38 3.49 3.6 1.71 2.83 2.95 3.07 2.19 3.31 3.42 3.52 3.61 1.69 2.77 2.84 2.9 3.95 1.98 4 0 0 0 0 0 0 0 0 0 0 0 0 0 0 
0 0 0 0 0 0 0 0 0 0 0 0 0 0 0 4 1.98 2.95 2.91 3.86 3.8 1.73 3.66 3.58 3.49 3.39 0.28 2.18 2.08 0.98 2.89 3.8 3.71 3.62 2.53 2.45 2.38 2.32 2.27 3.23 3.2 3.18 1.17 3.18 3.2 3.23 2.27 2.32 2.38 2.45 2.53 3.62 3.71 3.8 2.89 0.98 2.08 2.18 0.28 3.39 3.49 3.58 3.66 1.73 3.8 3.86 2.91 2.95 1.98 4 0 0 0 0 0 0 0 0 0 0 0 0 0 0 0 
0 0 0 0 0 0 0 0 0 0 0 0 0 0 0 0 4 0.98 3.96 0.92 2.88 3.83 1.77 3.71 3.64 3.56 2.47 0.38 2.3 3.22 2.14 0.06 1.99 2.92 3.85 2.78 2.72 2.67 3.63 0.59 3.57 0.55 3.55 0.55 3.57 0.59 3.63 2.67 2.72 2.78 3.85 2.92 1.99 0.06 2.14 3.22 2.3 0.38 2.47 3.56 3.64 3.71 1.77 3.83 2.88 0.92 3.96 0.98 4 0 0 0 0 0 0 0 0 0 0 0 0 0 0 0 0 
0 0 0 0 0 0 0 0 0 0 0 0 0 0 0 0 0 3 2.99 3.97 2.94 0.9 2.86 0.81 2.76 3.7 2.63 3.56 2.49 0.42 2.36 3.3 3.24 3.18 3.12 2.06 2.01 2.97 3.94 2.91 2.89 2.88 3.88 2.88 2.89 2.91 3.94 2.97 2.01 2.06 3.12 3.18 3.24 3.3 2.36 0.42 2.49 3.56 2.63 3.7 2.76 0.81 2.86 0.9 2.94 3.97 2.99 3 0 0 0 0 0 0 0 0 0 0 0 0 0 0 0 0 0 
0 0 0 0 0 0 0 0 0 0 0 0 0 0 0 0 0 0 2 0.99 2.98 3.96 1.93 3.9 3.86 1.81 3.76 0.7 2.65 3.6 3.55 3.5 3.45 3.4 3.35 2.3 3.26 0.22 3.2 3.18 0.16 3.16 3.16 3.16 0.16 3.18 3.2 0.22 3.26 2.3 3.35 3.4 3.45 3.5 3.55 3.6 2.65 0.7 3.76 1.81 3.86 3.9 1.93 3.96 2.98 0.99 2 0 0 0 0 0 0 0 0 0 0 0 0 0 0 0 0 0 0 
0 0 0 0 0 0 0 0 0 0 0 0 0 0 0 0 0 0 0 1 3 1.99 3.98 3.96 1.93 3.9 2.86 2.82 2.78 2.74 2.7 2.66 2.62 2.58 2.54 1.5 3.47 2.44 1.42 3.41 2.4 3.4 3.4 3.4 2.4 3.41 1.42 2.44 3.47 1.5 2.54 2.58 2.62 2.66 2.7 2.74 2.78 2.82 2.86 3.9 1.93 3.96 3.98 1.99 3 1 0 0 0 0 0 0 0 0 0 0 0 0 0 0 0 0 0 0 0 
0 0 0 0 0 0 0 0 0 0 0 0 0 0 0 0 0 0 0 0 0 1 3 1.99 3.98 3.96 0.93 3.91 2.88 2.85 2.82 3.79 3.76 3.73 3.7 3.67 1.64 1.62 3.61 1.6 3.6 3.6 3.6 3.6 3.6 1.6 3.61 1.62 1.64 3.67 3.7 3.73 3.76 3.79 2.82 2.85 2.88 3.91 0.93 3.96 3.98 1.99 3 1 0 0 0 0 0 0 0 0 0 0 0 0 0 0 0 0 0 0 0 0 0 
0 0 0 0 0 0 0 0 0 0 0 0 0 0 0 0 0 0 0 0 0 0 0 1 3 1.99 2.98 3.97 2.95 2.93 3.91 0.88 2.86 2.84 2.82 2.8 1.78 3.77 1.76 3.76 3.76 3.76 3.76 3.76 3.76 3.76 1.76 3.77 1.78 2.8 2.82 2.84 2.86 0.88 3.91 2.93 2.95 3.97 2.98 1.99 3 1 0 0 0 0 0 0 0 0 0 0 0 0 0 0 0 0 0 0 0 0 0 0 0 
0 0 0 0 0 0 0 0 0 0 0 0 0 0 0 0 0 0 0 0 0 0 0 0 0 1 2 4 2.99 2.98 3.97 2.95 0.93 2.92 2.91 3.9 3.89 1.88 3.88 3.88 3.88 3.88 3.88 3.88 3.88 3.88 3.88 1.88 3.89 3.9 2.91 2.92 0.93 2.95 3.97 2.98 2.99 4 2 1 0 0 0 0 0 0 0 0 0 0 0 0 0 0 0 0 0 0 0 0 0 0 0 0 0 
0 0 0 0 0 0 0 0 0 0 0 0 0 0 0 0 0 0 0 0 0 0 0 0 0 0 0 0 1 2 4 2.99 2.98 0.97 3.97 0.96 2.96 3.96 3.96 3.96 3.96 3.96 3.96 3.96 3.96 3.96 3.96 3.96 2.96 0.96 3.97 0.97 2.98 2.99 4 2 1 0 0 0 0 0 0 0 0 0 0 0 0 0 0 0 0 0 0 0 0 0 0 0 0 0 0 0 0 
0 0 0 0 0 0 0 0 0 0 0 0 0 0 0 0 0 0 0 0 0 0 0 0 0 0 0 0 0 0 0 1 2 3 3 4 4 4 4 4 4 4 4 4 4 4 4 4 4 4 3 3 2 1 0 0 0 0 0 0 0 0 0 0 0 0 0 0 0 0 0 0 0 0 0 0 0 0 0 0 0 0 0 0 0 
