0 0 0 0 0 0 0 0 0 0 0 0 0 0 0 0 0 0 0 0 0 0 0 0 0 0 0 0 0 0 0 0 0 0 0 0 0 0 0 0 0 0 0 0 0 0 0 0 0 0 0 0 0 0 0 0 0 0 0 0 0 0 0 0 0 0 0 0 0 0 0 0 0 0 0 0 0 0 0 0 0 
0 3.52148 4.76177 2.21815 0.416802 0.822779 0.13687 0.833329 4.29498 4.34039 2.35694 4.21285 4.77765 3.83896 2.99638 1.87817 1.07978 2.00625 0.702319 4.17436 1.34288 2.45847 1.86064 4.80282 3.69158 3.85031 3.86307 2.5551 2.79698 2.12438 2.07611 4.85607 3.377 4.1179 3.42758 1.30932 4.23478 0.945745 4.0723 4.38212 2.16952 1.18253 4.05673 3.95104 2.36789 2.22787 3.04286 3.37349 1.52687 4.38028 3.74502 2.32842 2.90358 0.50128 3.90022 2.90005 4.00001 2.4 4.5 3.6 3.8 2 2 0.2 4 1.6 4.4 1.9 3.4 4.6 3.8 2 0 0 0 0 0 0 0 0 0 
0 4.76177 3.37868 4.13657 1.94005 3.12598 2.09643 3.82688 2.19834 0.420645 2.37262 2.63158 4.75718 0.458017 0.883945 1.58055 2.07448 1.78364 3.51667 2.83253 2.01664 2.85726 3.57766 2.72976 1.48215 0.0149514 2.58995 4.02526 4.5875 1.24857 2.20814 2.62837 0.591705 2.15702 2.13157 0.774871 1.00341 2.76553 0.497583 2.50321 0.467611 4.54673 4.3661 2.46669 0.459493 3.90576 1.4178 4.52156 2.83047 3.95874 4.33544 0.885177 4.95845 3.51182 4.80215 3.00043 0.800071 1.80002 0.6 0.8 0.6 3 1.6 5 4.5 3.9 2.8 3.7 1.7 1.7 1 4.3 1.9 1 0 0 0 0 0 0 0 
0 2.21815 4.13657 2.01923 2.09536 2.89822 1.42284 3.82306 2.16656 3.90114 2.16805 2.21691 1.75888 0.720581 0.689818 3.30519 4.54859 1.54979 0.252215 3.00425 3.94589 2.4918 0.306586 0.704878 0.341158 2.96037 2.41233 0.816523 2.53499 1.46429 4.19621 4.51061 3.54557 1.00221 1.85547 1.445 4.53442 3.8542 3.90322 4.10843 1.73456 4.78837 2.54737 2.64128 3.82641 3.75537 2.67883 4.98351 3.24291 2.39747 5.04353 5.0325 3.90413 3.94388 0.41075 1.60431 0.8005 0.400086 1.48249e-06 0.600006 0.700001 0.1 2.6 4.4 4.4 2.5 1.8 0.7 3.6 2.3 3.9 2.4 0.9 0.8 2 0 0 0 0 0 0 
0 0.416802 1.94005 2.09536 2.75834 2.2394 3.10563 0.793594 1.20541 4.97133 3.11439 4.16372 4.03402 2.92692 3.57566 4.38898 0.823069 1.2997 3.51819 2.74194 2.97762 1.43368 1.80508 0.734658 4.1677 0.114234 1.32443 2.89532 4.42796 0.336969 5.09188 0.505489 4.69102 3.95625 0.599064 2.11397 4.47053 2.59301 1.82431 4.74626 2.60183 1.22208 0.787625 4.59216 0.710692 2.86238 4.16269 1.53695 2.95119 0.384021 3.57911 1.34599 0.75537 0.14429 4.84406 0.0096819 4.40001 1.80059 1.20008 1.30002 1.6 1.9 2.5 4.7 1 2.5 1.4 3.4 1.8 0.4 4.4 5 0.5 0.9 0.8 2 0 0 0 0 0 
0 0.822779 3.12598 2.89822 2.2394 2.3775 1.93883 3.03871 0.810878 2.33302 2.66501 2.06083 0.477954 4.93984 1.38134 3.87008 2.15665 2.9886 1.17889 3.24852 3.91482 1.00229 4.19187 4.6474 3.27861 2.2725 4.95366 5.08436 3.34666 3.39744 4.9751 1.89792 1.21043 2.70571 4.9906 4.42542 2.3056 5.05916 2.67163 4.34727 3.25649 0.458799 1.91999 1.6102 3.62432 3.69562 4.49739 1.9019 3.25582 2.85577 3.83558 4.57287 1.06775 2.11885 1.70659 3.24264 0.403728 1.10029 3.90021 1.00005 1.80001 2.6 1.9 4.5 3.8 0.1 1.2 0.5 0.2 4.8 3.2 4.7 2.7 4.9 2.2 2.9 1 0 0 0 0 
0 0.13687 2.09643 1.42284 3.10563 1.93883 2.22099 0.596606 5.05016 0.306673 3.1047 0.643997 3.07142 0.263366 0.445836 0.238902 0.0687126 3.23219 4.3494 4.86087 1.66183 2.4908 2.54907 1.2257 1.579 1.46202 1.74939 4.70347 2.06152 4.34834 1.467 4.6347 1.74992 1.58366 4.56301 3.4643 3.52727 3.09322 2.37077 2.66161 1.22758 3.35024 0.752014 3.19058 1.82845 3.54465 5.09274 2.41049 1.33014 2.74901 4.92866 5.06405 2.29101 4.39248 0.983738 3.04278 1.3187 3.70428 4.40027 2.50016 1.40005 4.7 1.7 0.5 0.2 2.1 2.4 1.6 2.5 3.4 0.9 4.6 1.3 0.3 2.4 1.5 5 0 0 0 0 
0 0.833329 3.82688 3.82306 0.793594 3.03871 0.596606 3.80131 0.0673123 4.84064 2.44319 0.310236 1.76489 2.64961 2.88211 3.52518 1.11757 4.15323 1.42607 2.32442 1.52909 3.85797 2.84882 4.52537 0.425577 1.15191 2.38018 1.46921 1.45324 5.08648 0.852127 4.9443 0.678115 2.44831 3.36112 0.946151 1.0046 1.71695 4.79865 1.64314 0.791907 1.69637 4.8616 4.4712 2.22569 1.56816 3.7719 0.396858 4.41171 1.01746 2.81079 1.64091 0.453579 0.259035 2.68416 1.12237 1.44406 1.7033 1.10118 3.50045 1.90002 4.20001 3.1 2.3 2.2 1.5 2.1 3.8 1.8 4.3 0.2 3 4.2 2.6 3.2 1.6 3.8 2 0 0 0 
0 4.29498 2.19834 2.16656 1.20541 0.810878 5.05016 0.0673123 3.50359 2.65406 0.506259 0.985219 0.0537118 3.90441 0.73116 0.835518 2.42778 4.97456 3.02971 0.769263 2.46824 1.31425 2.05772 1.84963 1.97749 4.8989 3.41351 4.3418 1.0091 0.689387 2.23317 2.6562 4.40907 0.800652 2.60408 2.63435 0.522957 4.41401 0.269918 3.21652 4.56985 3.47457 0.649006 0.117328 1.14844 1.05632 0.477028 4.83799 3.16759 2.8132 2.73555 0.578268 3.56692 0.359363 4.92387 1.43 3.24275 4.91039 0.102248 1.80045 3.80007 4.00002 3.4 2.3 0.7 0.5 4.3 3.7 0.1 0.2 0.1 3.1 3 2.2 0.6 4.8 3.4 0.9 1 0 0 
0 4.34039 0.420645 3.90114 4.97133 2.33302 0.306673 4.84064 2.65406 2.56719 1.01863 4.4262 1.54225 1.81579 3.65958 3.6704 4.23206 1.28061 3.08324 4.84177 2.55605 0.824473 1.09365 4.35084 4.77663 2.86817 4.31668 1.80676 1.5701 2.70261 4.94843 4.3727 0.345491 0.714115 4.77048 0.26359 3.68755 3.04768 3.40002 4.13323 1.35202 1.09319 2.39254 1.68193 1.98216 2.94619 1.17884 4.90663 0.513659 5.01246 0.243672 0.673839 0.23874 4.40903 2.20881 0.498658 2.51478 4.71568 3.20147 0.200444 4.20016 4.6 2.80001 4.3 4.9 4.6 2.7 1.6 3.5 1.4 4 4 3.2 0.1 2.4 1.4 0.6 4.8 2 0 0 
0 2.35694 2.37262 2.16805 3.11439 2.66501 3.1047 2.44319 0.506259 1.01863 0.0992258 3.87858 1.72469 0.761278 2.71202 0.534896 0.83959 4.88788 4.38203 3.87543 1.8436 2.88522 4.11364 1.39631 1.84754 3.14775 3.22771 0.901276 4.0563 2.06499 1.01483 1.40129 3.37063 2.28721 3.74399 1.18223 1.85316 2.47011 4.79354 1.36519 1.13007 4.65089 2.54492 3.31536 2.48558 1.34038 4.71352 3.35536 2.40944 2.57122 4.00849 3.71995 2.8797 0.829926 2.28649 0.812619 4.31386 4.82303 0.00513127 3.80046 4.90045 3.40002 3.80002 2.5 2.5 1.2 5 2.7 1.66271e-09 1 3.1 0.7 3.6 4.4 2.3 1 1.4 2.5 5 0 0 
0 4.21285 2.63158 2.21691 4.16372 2.06083 0.643997 0.310236 0.985219 4.4262 3.87858 1.83559 1.46193 3.86117 4.42926 3.6422 0.724215 1.27582 2.24318 1.28119 2.93324 3.8782 0.259708 3.95324 1.64106 3.3092 4.12082 4.71084 4.39268 4.33349 1.46566 3.68933 2.66615 2.41694 4.41966 2.40247 4.43587 1.33309 1.04135 4.41754 0.687591 3.67337 4.84492 3.89313 3.97084 1.32794 4.85026 2.69306 2.28618 1.58783 1.03132 1.0382 4.92336 2.33805 1.46198 3.474 3.71102 0.829138 3.20286 2.70175 3.80014 4.80004 2.20002 5.00001 4.8 0.2 2.9 0.2 1.8 4.4 1.6 1.8 0.3 3.2 0.9 1.2 4.7 2.1 3.9 1 0 
0 4.77765 4.75718 1.75888 4.03402 0.477954 3.07142 1.76489 0.0537118 1.54225 1.72469 1.46193 0.386358 5.0006 2.28636 1.84597 3.23983 5.02271 0.342091 2.62501 1.24098 4.22465 3.43931 0.363756 4.39615 4.84518 0.0411486 2.75338 2.66742 0.611752 0.193744 0.672896 3.20223 5.00308 4.81249 4.93828 2.80078 4.00401 1.42571 2.12573 1.93714 1.20528 3.43613 1.58932 4.24058 0.710437 2.60941 0.213726 4.07629 0.882452 4.68695 0.837943 4.67163 1.96195 2.90664 0.959157 3.39898 5.01727 0.00430889 3.20173 0.000427193 1.1001 1.20003 3.9 4.5 3.8 3.14488e-08 1.8 0.5 2.5 1.5 3.7 2.6 0.4 3.6 2 1.3 4.6 4.8 2 0 
0 3.83896 0.458017 0.720581 2.92692 4.93984 0.263366 2.64961 3.90441 1.81579 0.761278 3.86117 5.0006 3.53039 2.15657 4.74501 1.11225 1.9793 2.64201 1.94132 0.654133 1.7916 0.798013 0.171867 5.01804 3.6697 4.90096 1.93271 3.72059 3.99484 1.23843 1.35685 1.55465 3.74798 1.04478 0.535392 4.7739 1.98424 0.409734 0.103615 0.808288 3.26374 4.46587 4.1334 4.51039 3.13793 0.111763 3.64758 1.10489 4.67328 3.74513 3.42592 1.87956 0.50291 4.47776 2.0535 0.242293 3.40147 5.0073 1.20057 3.30085 4.70012 0.100043 3.5 0.400002 3.3 2.7 3.3 0.1 4.4 2.1 0.3 1.2 2 3.7 0.8 4.5 1.9 2.6 4 0 
0 2.99638 0.883945 0.689818 3.57566 1.38134 0.445836 2.88211 0.73116 3.65958 2.71202 4.42926 2.28636 2.15657 1.86326 0.478128 3.18696 3.84875 1.71653 0.179979 3.8397 2.54512 3.63874 1.01862 4.55212 2.94109 0.220737 0.311198 3.54909 0.0117413 1.71083 3.8998 1.69305 0.416222 0.820791 1.76949 4.04455 2.03384 2.39669 1.00959 2.26521 0.248481 2.98355 2.91942 0.57384 1.68792 3.85808 4.23286 2.82043 3.60748 2.94835 0.69659 1.13536 3.62428 4.80764 0.560742 4.56972 4.50287 4.91154 0.802148 3.7004 0.900187 4.80003 3.4 2.7 3.2 1.2 0.5 3.7 3.4 5 4.5 0.5 4 2.6 0.6 1.3 0.1 2.4 0.9 1 
0 1.87817 1.58055 3.30519 4.38898 3.87008 0.238902 3.52518 0.835518 3.6704 0.534896 3.6422 1.84597 4.74501 0.478128 4.65441 0.331955 1.42046 0.107955 4.28355 3.1899 1.65528 3.74494 1.06072 2.59875 1.49974 0.929904 4.65523 0.31462 4.27961 4.39361 0.00274129 4.48941 1.16776 2.29394 4.38948 1.46048 4.44698 2.56186 0.1248 0.176816 3.0364 4.96713 3.76218 3.37057 1.923 3.16729 4.02259 0.723111 2.06004 1.35466 2.06551 1.36992 3.9822 1.00822 0.386223 4.7424 4.20599 1.3115 0.20236 1.80036 0.600172 4.70002 4.4 1.1 4.2 4 0.7 1.2 4.9 3 1.1 4.9 2.1 8.59757e-13 0.7 4.2 3.4 1.2 3.9 1 
0 1.07978 2.07448 4.54859 0.823069 2.15665 0.0687126 1.11757 2.42778 4.23206 0.83959 0.724215 3.23983 1.11225 3.18696 0.331955 0.0439252 4.92849 2.58591 2.66643 3.0118 3.10783 4.34954 1.68131 4.54059 4.17876 2.64824 0.0395544 3.33587 0.0447504 2.66258 0.662806 3.65185 2.21662 4.33237 1.63619 1.37835 3.55393 3.82604 3.22786 2.87816 3.75054 0.376024 1.06841 2.90176 0.99194 3.50191 3.06872 4.26391 2.51993 4.52002 2.91184 1.66969 3.65582 1.6905 2.75623 0.503264 1.50185 0.907325 0.602253 1.30036 5.00019 0.500015 0.600005 2.3 0.9 4 1.4 0.2 3.8 0.2 3.8 4 3 3 3.6 3.4 2.7 0 0.8 2 
0 2.00625 1.78364 1.54979 1.2997 2.9886 3.23219 4.15323 4.97456 1.28061 4.88788 1.27582 5.02271 1.9793 3.84875 1.42046 4.92849 1.17441 3.20418 4.25261 4.25689 0.102484 2.60886 2.98275 4.32479 1.1976 3.32937 2.77021 2.06849 4.66769 2.57378 2.78425 1.81863 4.51626 3.17496 1.41369 1.90233 3.22057 0.791825 1.26403 0.357956 3.872 1.46325 1.71579 4.01017 1.6889 1.66186 4.06533 1.88337 4.79866 1.01758 0.202103 4.09083 3.34605 1.13182 5.00821 2.22907 0.914585 1.50798 0.600428 0.60051 1.50011 0.800031 2.10001 4.5 4.1 4.8 2.7 1 1.6 0.1 1.2 0.6 1.1 1.4 2.4 1.2 1.1 2.9 2.8 2 
0 0.702319 3.51667 0.252215 3.51819 1.17889 4.3494 1.42607 3.02971 3.08324 4.38203 2.24318 0.342091 2.64201 1.71653 0.107955 2.58591 3.20418 4.89933 1.32799 3.35401 3.60965 0.79529 0.981802 3.06715 3.95324 1.91326 1.60358 2.71116 2.59341 1.59794 4.79444 4.81862 3.08704 2.68705 1.77408 2.74899 3.36463 1.32662 0.0616528 5.06438 2.75711 4.51243 3.83346 2.99961 4.68334 3.76312 4.95362 4.80325 2.64193 0.484204 0.300603 3.61418 3.36564 1.02255 1.81121 4.47137 2.04481 4.00147 3.50161 3.60043 2.70013 4.41874e-05 1 2.5 3.7 0.6 0.7 1.2 2.2 0.3 2.8 2.4 1.3 1.4 3.41061e-13 0.9 4.8 1.8 3.8 2 
0 4.17436 2.83253 3.00425 2.74194 3.24852 4.86087 2.32442 0.769263 4.84177 3.87543 1.28119 2.62501 1.94132 0.179979 4.28355 2.66643 4.25261 1.32799 4.51329 3.0688 3.17178 1.89976 2.03751 2.48539 0.245108 0.880292 2.74165 1.27056 4.30683 2.13633 3.815 2.21433 0.380798 2.96582 2.24584 1.25884 3.58035 2.47998 1.46782 2.5841 3.0202 2.74019 3.10938 3.53311 4.80536 2.02359 2.82453 4.99742 2.69369 0.792156 1.84459 0.118279 0.326961 3.75283 4.04691 3.93 0.906276 0.803568 4.10148 3.5 1.6001 0.800024 0.500004 2.5 1.4 3.5 4.6 4.3 3.5 1 4.3 3.1 3.3 4.8 4.9 4.7 4.7 3.8 3.8 2 
0 1.34288 2.01664 3.94589 2.97762 3.91482 1.66183 1.52909 2.46824 2.55605 1.8436 2.93324 1.24098 0.654133 3.8397 3.1899 3.0118 4.25689 3.35401 3.0688 4.19868 0.356295 4.70903 2.13178 3.23768 4.59485 1.87687 0.413408 1.26287 3.37575 3.07515 1.36427 4.87745 1.27624 3.35902 4.53719 4.69147 1.18665 0.196445 4.13147 1.2829 4.42932 3.07805 1.32232 3.98789 1.36555 2.38198 1.86979 4.25826 3.99746 2.75251 2.86331 1.28467 3.02165 2.96752 4.12882 3.52957 0.318534 0.104307 0.301181 1.9003 4.20006 1.4 0.400005 1.5 3 1.8 1.4 1 1.8 4.4 5 3.8 0.5 2.9 3.6 0.3 4.8 2.8 3.8 2 
0 2.45847 2.85726 2.4918 1.43368 1.00229 2.4908 3.85797 1.31425 0.824473 2.88522 3.8782 4.22465 1.7916 2.54512 1.65528 3.10783 0.102484 3.60965 3.17178 0.356295 1.53519 3.34113 0.5416 2.65467 3.2707 2.38138 3.95859 0.71135 0.292642 3.42198 1.46547 4.14669 3.62722 1.52522 2.89503 1.1099 2.41549 3.37592 0.308419 0.736086 1.64312 1.23938 2.60749 4.88051 3.06363 0.301175 2.53058 2.45391 4.30096 0.0744862 2.96163 3.25035 3.68967 2.42696 0.24383 2.03028 2.41096 0.10158 1.30085 0.300218 3.70003 0.100016 0.700006 2.2 5 2.7 2.7 4 3 2.6 2.2 2.3 1 3.6 1.5 1.8 4.1 4.9 2.8 2 
0 1.86064 3.57766 0.306586 1.80508 4.19187 2.54907 2.84882 2.05772 1.09365 4.11364 0.259708 3.43931 0.798013 3.63874 3.74494 4.34954 2.60886 0.79529 1.89976 4.70903 3.34113 1.11534 3.13985 0.227838 0.00405449 3.89058 0.35052 3.78519 3.12822 0.560999 4.53367 4.91487 0.824859 2.73378 0.387603 3.81949 3.89722 1.9888 1.40522 3.51461 1.68919 3.5934 1.88355 0.0977045 4.96294 1.08092 1.13054 0.868284 4.16871 4.03767 2.94273 4.21579 4.15894 3.84098 4.8076 2.31421 0.407577 1.00247 0.800301 2.20017 1.30004 3.80001 2.5 2.6 0.7 3.9 2.9 4.3 3.5 2.8 3.3 4.1 0.6 0.6 1.7 1.9 0.5 5 1.8 2 
0 4.80282 2.72976 0.704878 0.734658 4.6474 1.2257 4.52537 1.84963 4.35084 1.39631 3.95324 0.363756 0.171867 1.01862 1.06072 1.68131 2.98275 0.981802 2.03751 2.13178 0.5416 3.13985 2.8678 4.8847 4.32496 4.51166 0.50616 0.173626 3.08482 1.14538 5.08734 2.75824 0.195296 0.805264 0.56555 1.59329 3.97727 3.92169 1.52759 2.18936 3.14616 3.55592 4.77155 1.43555 2.82027 4.25147 1.18882 1.03172 3.87945 3.41447 2.01776 0.19913 1.67309 4.10612 0.688113 4.42132 4.40461 4.70173 4.00049 4.70011 1.90002 0.800009 1.6 3.8 1.5 2.5 4.2 3.5 1.7 3 0.4 4.3 2.3 2.7 4.2 3.4 2.1 3.1 0.8 2 
0 3.69158 1.48215 0.341158 4.1677 3.27861 1.579 0.425577 1.97749 4.77663 1.84754 1.64106 4.39615 5.01804 4.55212 2.59875 4.54059 4.32479 3.06715 2.48539 3.23768 2.65467 0.227838 4.8847 1.02108 2.20658 4.45233 4.1844 0.926126 1.52471 4.67049 2.96938 0.985284 2.05799 1.2738 2.23931 0.641013 2.30589 4.43808 3.24371 0.291485 0.833349 3.0898 2.29747 1.41101 4.24839 1.28344 3.31998 3.78674 0.20612 3.68072 0.753023 1.03605 4.85663 0.900612 0.537962 1.41539 0.705709 0.200484 3.00029 2.20009 1.80002 1.3 1 1.5 5 3.3 5 4.5 1.8 1.4 0.6 0.3 1.6 2.9 2.9 4 0.7 1.2 4.9 1 
0 3.85031 0.0149514 2.96037 0.114234 2.2725 1.46202 1.15191 4.8989 2.86817 3.14775 3.3092 4.84518 3.6697 2.94109 1.49974 4.17876 1.1976 3.95324 0.245108 4.59485 3.2707 0.00405449 4.32496 2.20658 0.39305 2.62802 2.51519 1.90931 3.26579 0.599469 1.42307 3.58249 0.165796 2.27749 4.53588 4.64596 5.00326 0.278786 4.25254 4.06143 2.98184 2.72517 4.31006 0.350973 4.40435 3.7059 3.12074 2.13804 3.75287 3.05388 1.13229 0.991668 3.69839 1.21796 3.2158 2.61194 4.50458 5.00059 0.800002 1.90003 1.42396e-05 4.5 3 3.1 1.9 2.7 1.5 2.3 0.9 1.2 4.3 1.7 1.2 1.2 3.1 3.5 0.3 4.4 1.9 1 
0 3.86307 2.58995 2.41233 1.32443 4.95366 1.74939 2.38018 3.41351 4.31668 3.22771 4.12082 0.0411486 4.90096 0.220737 0.929904 2.64824 3.32937 1.91326 0.880292 1.87687 2.38138 3.89058 4.51166 4.45233 2.62802 1.57271 0.144538 3.41946 4.46075 3.3795 4.45488 1.76321 0.274102 2.00765 4.43033 3.86419 0.998643 1.90069 2.71047 3.56663 0.896958 3.68973 1.75502 2.55474 0.549399 3.51134 0.810288 2.26374 0.765632 4.68482 0.631457 0.257686 3.54356 3.85701 0.805845 1.4045 5.00156 1.40029 2.20016 1.8 1.70001 2.3 4.1 1.9 4.1 0.9 2.2 1.9 0.5 1.2 3.8 0.2 0.1 0.7 0.2 4.8 1.9 1.5 0.9 1 
0 2.5551 4.02526 0.816523 2.89532 5.08436 4.70347 1.46921 4.3418 1.80676 0.901276 4.71084 2.75338 1.93271 0.311198 4.65523 0.0395544 2.77021 1.60358 2.74165 0.413408 3.95859 0.35052 0.50616 4.1844 2.51519 0.144538 1.494 0.547937 2.1603 4.88796 4.47967 4.0081 4.81523 4.45901 2.74314 4.67453 0.551596 0.399215 2.32658 3.15009 4.89615 1.81712 2.9434 5.01498 0.186947 0.862452 3.6454 2.91265 1.32077 1.79648 4.02153 2.61402 1.75641 4.64571 2.01866 1.70044 3.70073 4.10031 4.10009 1.80002 1.7 2.9 3.8 2.6 2.7 3.9 0.3 3.7 3.6 3.2 0.3 3.7 1.4 3.5 4.1 4.8 1.4 0.6 5 0 
0 2.79698 4.5875 2.53499 4.42796 3.34666 2.06152 1.45324 1.0091 1.5701 4.0563 4.39268 2.66742 3.72059 3.54909 0.31462 3.33587 2.06849 2.71116 1.27056 1.26287 0.71135 3.78519 0.173626 0.926126 1.90931 3.41946 0.547937 1.42154 4.85985 2.5044 2.57289 2.25447 4.72718 0.521527 3.76469 0.293006 3.14892 3.97277 2.44567 3.29091 1.89741 3.16645 2.2965 2.85188 3.54612 4.91739 3.18816 1.06831 1.1632 1.55012 0.206318 2.70301 0.0895716 0.944482 3.70586 4.00232 0.80031 0.300016 4.00004 0.700016 1.3 3.6 1.6 1.2 1.3 1.7 0.8 3.4 3.5 5.98703e-11 0.6 3.7 4.2 2.3 3.5 2.4 0.8 0.7 3 0 
0 2.12438 1.24857 1.46429 0.336969 3.39744 4.34834 5.08648 0.689387 2.70261 2.06499 4.33349 0.611752 3.99484 0.0117413 4.27961 0.0447504 4.66769 2.59341 4.30683 3.37575 0.292642 3.12822 3.08482 1.52471 3.26579 4.46075 2.1603 4.85985 1.68165 1.982 2.18014 3.06145 3.96127 2.17058 0.660375 1.4354 1.92414 5.00821 0.325674 4.51594 4.46083 2.71834 3.30644 3.22802 0.722301 5.05136 3.50146 4.24451 3.55504 3.03844 2.87107 1.16629 2.54848 0.718617 0.104306 4.60173 4.80002 3.30013 4.10001 1.90001 2.2 2.9 4.7 0.9 2.4 2.3 0.7 4.5 3.7 2 0.6 2.3 3.6 4.6 1.5 2.7 4.2 0.8 2 0 
0 2.07611 2.20814 4.19621 5.09188 4.9751 1.467 0.852127 2.23317 4.94843 1.01483 1.46566 0.193744 1.23843 1.71083 4.39361 2.66258 2.57378 1.59794 2.13633 3.07515 3.42198 0.560999 1.14538 4.67049 0.599469 3.3795 4.88796 2.5044 1.982 3.7416 0.576326 1.26674 5.05206 1.61914 3.336 4.70982 1.46259 4.927 4.70051 4.82718 1.29311 2.52541 3.56175 3.15924 0.237226 5.05674 0.7374 0.499585 1.72721 0.228184 2.79309 3.67275 1.24705 4.20299 3.00216 0.800063 4.10005 3.10369e-05 2 0.100004 3.8 2.7 0.9 3.9 3.3 2 0.3 2.2 1.1 4.1 1.2 4.3 4 2 1.3 2.7 0.4 2.9 1 0 
0 4.85607 2.62837 4.51061 0.505489 1.89792 4.6347 4.9443 2.6562 4.3727 1.40129 3.68933 0.672896 1.35685 3.8998 0.00274129 0.662806 2.78425 4.79444 3.815 1.36427 1.46547 4.53367 5.08734 2.96938 1.42307 4.45488 4.47967 2.57289 2.18014 0.576326 2.31643 2.92081 3.52072 1.77936 4.82141 1.07418 4.49422 0.376808 4.14059 4.25824 2.49368 2.44239 3.80837 4.25331 2.60567 4.80683 4.44484 2.37114 0.44475 4.27066 0.649686 4.54738 2.92008 0.704707 3.80174 0.000614358 2.60011 4.1 1.40001 3.5 2.8 3.1 4.4 3 4.3 3.1 1 4.2 4.1 0.4 1.3 3 2 3.5 1.1 0.4 1.6 5 0 0 
0 3.377 0.591705 3.54557 4.69102 1.21043 1.74992 0.678115 4.40907 0.345491 3.37063 2.66615 3.20223 1.55465 1.69305 4.48941 3.65185 1.81863 4.81862 2.21433 4.87745 4.14669 4.91487 2.75824 0.985284 3.58249 1.76321 4.0081 2.25447 3.06145 1.26674 2.92081 4.98027 1.10242 0.265509 3.83035 1.59001 4.17244 3.68367 0.414195 3.70594 3.75461 3.41684 3.12884 4.97328 1.17847 3.37762 1.42887 2.36935 5.01237 0.627621 3.05702 0.722975 3.20611 4.1026 1.50003 1.90023 1.50002 1.5 2.9 4.1 3.8 4.7 0.4 0.7 0.2 2.3 0.2 5 1.4 1.5 3.3 0.7 2.2 3.9 1.1 4 3.8 2 0 0 
0 4.1179 2.15702 1.00221 3.95625 2.70571 1.58366 2.44831 0.800652 0.714115 2.28721 2.41694 5.00308 3.74798 0.416222 1.16776 2.21662 4.51626 3.08704 0.380798 1.27624 3.62722 0.824859 0.195296 2.05799 0.165796 0.274102 4.81523 4.72718 3.96127 5.05206 3.52072 1.10242 5.08615 4.99889 4.65217 2.81326 4.35939 4.74773 3.47675 2.71492 1.44295 2.93123 2.61248 3.88116 0.200043 3.67132 1.03394 2.13873 2.52321 2.32267 1.16686e-05 1.61081 2.50063 3.90118 1.10002 2.60012 2.8 3.20001 2.4 3.9 3.18323e-07 3.2 3.1 2.4 3.3 2.5 1 3.8 1.4 2.8 1.7 1.6 4.7 5 1.5 4.4 2.9 1 0 0 
0 3.42758 2.13157 1.85547 0.599064 4.9906 4.56301 3.36112 2.60408 4.77048 3.74399 4.41966 4.81249 1.04478 0.820791 2.29394 4.33237 3.17496 2.68705 2.96582 3.35902 1.52522 2.73378 0.805264 1.2738 2.27749 2.00765 4.45901 0.521527 2.17058 1.61914 1.77936 0.265509 4.99889 3.30402 2.09231 0.868103 3.2916 3.94399 4.73779 4.8977 4.10884 2.4901 1.6297 2.63342 3.53219 2.69924 1.55298 0.271062 4.4466 0.326195 0.701852 4.90451 2.10024 1.50043 3.30002 4.40005 3.2 3.3 1.5 1.9 3.4 1.6 2.8 3.7 4.9 2 1.8 3.4 2.5 3.6 0.8 0.3 4.9 0.3 0.4 1.6 5 0 0 0 
0 1.30932 0.774871 1.445 2.11397 4.42542 3.4643 0.946151 2.63435 0.26359 1.18223 2.40247 4.93828 0.535392 1.76949 4.38948 1.63619 1.41369 1.77408 2.24584 4.53719 2.89503 0.387603 0.56555 2.23931 4.53588 4.43033 2.74314 3.76469 0.660375 3.336 4.82141 3.83035 4.65217 2.09231 1.51555 4.45704 2.22376 1.47033 3.05724 1.7634 4.78868 1.06463 1.50561 0.532591 1.53189 4.84576 2.78849 3.7296 3.98969 0.24282 0.209424 2.70308 4.80114 5.00029 0.600102 3.80003 3.80001 3.5 1.19528e-06 3.7 2.9 2.5 0.2 1.5 2.4 1.8 1.57172e-11 1.9 4 2.1 3.4 0.2 1.7 1.5 0 3.8 2 0 0 0 
0 4.23478 1.00341 4.53442 4.47053 2.3056 3.52727 1.0046 0.522957 3.68755 1.85316 4.43587 2.80078 4.7739 4.04455 1.46048 1.37835 1.90233 2.74899 1.25884 4.69147 1.1099 3.81949 1.59329 0.641013 4.64596 3.86419 4.67453 0.293006 1.4354 4.70982 1.07418 1.59001 2.81326 0.868103 4.45704 2.01692 4.00444 2.9213 1.58357 1.22613 3.30849 1.15263 4.89413 0.421239 1.50623 1.29516 4.0693 4.5181 1.10471 1.61877 1.90431 0.00203428 4.60031 4.90016 4.50005 3.00001 3.40001 2.9 4.8 1.6 0.4 3.7 3.9 0.3 0.1 1.84954e-10 1.5 0.8 2.6 2.7 2.2 0.6 4.7 0.9 0.4 2.9 1 0 0 0 
0 0.945745 2.76553 3.8542 2.59301 5.05916 3.09322 1.71695 4.41401 3.04768 2.47011 1.33309 4.00401 1.98424 2.03384 4.44698 3.55393 3.22057 3.36463 3.58035 1.18665 2.41549 3.89722 3.97727 2.30589 5.00326 0.998643 0.551596 3.14892 1.92414 1.46259 4.49422 4.17244 4.35939 3.2916 2.22376 4.00444 0.81276 4.21859 0.00260805 1.9399 4.43995 3.31927 1.72704 3.72662 3.16795 4.1027 1.38759 2.84987 3.41994 0.104279 2.70034 3.90019 3.30022 4.70006 2.10002 2.2 3.2 4.5 1.1 3.7 1.1 5 2.3 0.5 2.5 1.9 3 4.2 0.9 0.1 1.9 0.2 1.7 2.8 2.7 4 0 0 0 0 
0 4.0723 0.497583 3.90322 1.82431 2.67163 2.37077 4.79865 0.269918 3.40002 4.79354 1.04135 1.42571 0.409734 2.39669 2.56186 3.82604 0.791825 1.32662 2.47998 0.196445 3.37592 1.9888 3.92169 4.43808 0.278786 1.90069 0.399215 3.97277 5.00821 4.927 0.376808 3.68367 4.74773 3.94399 1.47033 2.9213 4.21859 1.73956 4.64003 4.12768 4.80285 2.90642 4.24835 1.11958 4.19752 4.27218 4.42858 1.62374 4.40488 0.90442 1.1009 2.40035 1.10007 0.600001 1.20001 2 2.3 3.7 2.5 0.7 1.90854e-08 3.2 0.1 0.1 0.1 3.1 0.4 3.6 1.29319e-12 4.2 0.6 3.6 4.6 0.3 4.9 1 0 0 0 0 
0 4.38212 2.50321 4.10843 4.74626 4.34727 2.66161 1.64314 3.21652 4.13323 1.36519 4.41754 2.12573 0.103615 1.00959 0.1248 3.22786 1.26403 0.0616528 1.46782 4.13147 0.308419 1.40522 1.52759 3.24371 4.25254 2.71047 2.32658 2.44567 0.325674 4.70051 4.14059 0.414195 3.47675 4.73779 3.05724 1.58357 0.00260805 4.64003 2.93606 3.83688 2.32695 3.82214 3.55994 2.74352 3.33027 3.54266 3.14733 1.90865 3.20007 1.5011 4.6006 1.6002 2.90003 1.10002 2.5 0.200002 5 0.8 1.3 1.6 1.4 2.6 2.5 2.2 2.1 0.4 2.5 0.3 4.8 2.7 1.2 2.3 4.7 4.7 4 0 0 0 0 0 
0 2.16952 0.467611 1.73456 2.60183 3.25649 1.22758 0.791907 4.56985 1.35202 1.13007 0.687591 1.93714 0.808288 2.26521 0.176816 2.87816 0.357956 5.06438 2.5841 1.2829 0.736086 3.51461 2.18936 0.291485 4.06143 3.56663 3.15009 3.29091 4.51594 4.82718 4.25824 3.70594 2.71492 4.8977 1.7634 1.22613 1.9399 4.12768 3.83688 1.78133 4.63539 3.43692 3.25223 2.32633 0.194735 0.118532 2.31083 2.90451 4.50157 2.90039 1.3 4.20003 2.70002 1.5 2.1 2.8 4.2 0.2 2.8 2 3 2.4 2.3 0.1 2 1.4 2.6 0.6 3.4 0.6 3.4 0.4 3.3 4.9 1 0 0 0 0 0 
0 1.18253 4.54673 4.78837 1.22208 0.458799 3.35024 1.69637 3.47457 1.09319 4.65089 3.67337 1.20528 3.26374 0.248481 3.0364 3.75054 3.872 2.75711 3.0202 4.42932 1.64312 1.68919 3.14616 0.833349 2.98184 0.896958 4.89615 1.89741 4.46083 1.29311 2.49368 3.75461 1.44295 4.10884 4.78868 3.30849 4.43995 4.80285 2.32695 4.63539 2.14491 0.486591 4.47041 4.78558 3.30191 3.21447 4.40526 0.500148 0.100157 1.60023 4.30009 3.30003 1.20001 4.1 2.2 3 4.1 3.3 3.1 4.5 1 1.2 3.2 3.4 1 3.1 4.9 2.5 2 3.9 2.4 0.6 0.6 5 0 0 0 0 0 0 
0 4.05673 4.3661 2.54737 0.787625 1.91999 0.752014 4.8616 0.649006 2.39254 2.54492 4.84492 3.43613 4.46587 2.98355 4.96713 0.376024 1.46325 4.51243 2.74019 3.07805 1.23938 3.5934 3.55592 3.0898 2.72517 3.68973 1.81712 3.16645 2.71834 2.52541 2.44239 3.41684 2.93123 2.4901 1.06463 1.15263 3.31927 2.90642 3.82214 3.43692 0.486591 1.84198 4.57558 4.86141 5.01587 4.40257 0.90057 0.000473422 0.500296 1.10009 2.33357e-06 1.30002 3.7 1.4 1.5 5 3.1 5.69869e-09 2.8 0.5 4.73236e-10 2.9 4.3 2.9 2.7 2 3.6 2.7 2.5 3.1 2.6 2.3 0.8 2 0 0 0 0 0 0 
0 3.95104 2.46669 2.64128 4.59216 1.6102 3.19058 4.4712 0.117328 1.68193 3.31536 3.89313 1.58932 4.1334 2.91942 3.76218 1.06841 1.71579 3.83346 3.10938 1.32232 2.60749 1.88355 4.77155 2.29747 4.31006 1.75502 2.9434 2.2965 3.30644 3.56175 3.80837 3.12884 2.61248 1.6297 1.50561 4.89413 1.72704 4.24835 3.55994 3.25223 4.47041 4.57558 3.65706 4.91679 2.10441 0.202574 3.30073 1.60016 4.00013 3.10005 3.90001 4.00001 0.3 4.1 0.3 4.1 1.3 0.5 1.3 1.3 3.5 0.6 3.3 2.7 2.4 1.4 0.2 4.7 5 5 2.8 3.7 5 0 0 0 0 0 0 0 
0 2.36789 0.459493 3.82641 0.710692 3.62432 1.82845 2.22569 1.14844 1.98216 2.48558 3.97084 4.24058 4.51039 0.57384 3.37057 2.90176 4.01017 2.99961 3.53311 3.98789 4.88051 0.0977045 1.43555 1.41101 0.350973 2.55474 5.01498 2.85188 3.22802 3.15924 4.25331 4.97328 3.88116 2.63342 0.532591 0.421239 3.72662 1.11958 2.74352 2.32633 4.78558 4.86141 4.91679 3.50296 3.10213 0.500969 5.00001 1.40017 3.70005 0.300001 3.1 1.8 1.8 3.5 3 2.6 4.2 0.4 5 1.6 4.3 3.7 4.2 0.1 3.4 2.8 0.5 2.3 0.4 4 1.4 3.9 1 0 0 0 0 0 0 0 
0 2.22787 3.90576 3.75537 2.86238 3.69562 3.54465 1.56816 1.05632 2.94619 1.34038 1.32794 0.710437 3.13793 1.68792 1.923 0.99194 1.6889 4.68334 4.80536 1.36555 3.06363 4.96294 2.82027 4.24839 4.40435 0.549399 0.186947 3.54612 0.722301 0.237226 2.60567 1.17847 0.200043 3.53219 1.53189 1.50623 3.16795 4.19752 3.33027 0.194735 3.30191 5.01587 2.10441 3.10213 0.801168 4.20005 0.900201 3.10004 2.3 1.80001 0.100004 1.1 4.8 2.3 4 2.1 3 0.8 4.8 4.1 3 3.4 2.4 0.3 3.7 3.3 0.4 2.8 4.8 1 0.7 4 0 0 0 0 0 0 0 0 
0 3.04286 1.4178 2.67883 4.16269 4.49739 5.09274 3.7719 0.477028 1.17884 4.71352 4.85026 2.60941 0.111763 3.85808 3.16729 3.50191 1.66186 3.76312 2.02359 2.38198 0.301175 1.08092 4.25147 1.28344 3.7059 3.51134 0.862452 4.91739 5.05136 5.05674 4.80683 3.37762 3.67132 2.69924 4.84576 1.29516 4.1027 4.27218 3.54266 0.118532 3.21447 4.40257 0.202574 0.500969 4.20005 1.3002 0.200058 4.00002 4.10001 2.84831e-06 1.1 3 1.2 0.3 4.7 1.3 0.4 0.7 3 5 1.7 3.1 4.5 3.4 4.3 2.7 3.8 4.1 4.5 4.6 1.9 1 0 0 0 0 0 0 0 0 
0 3.37349 4.52156 4.98351 1.53695 1.9019 2.41049 0.396858 4.83799 4.90663 3.35536 2.69306 0.213726 3.64758 4.23286 4.02259 3.06872 4.06533 4.95362 2.82453 1.86979 2.53058 1.13054 1.18882 3.31998 3.12074 0.810288 3.6454 3.18816 3.50146 0.7374 4.44484 1.42887 1.03394 1.55298 2.78849 4.0693 1.38759 4.42858 3.14733 2.31083 4.40526 0.90057 3.30073 5.00001 0.900201 0.200058 2.90002 2.50001 1 1.2 4.3 3.3 5 2.5 2.5 0.7 4.7 0.8 0.2 1.7 4.8 2.2 4.7 4.6 0.5 1.1 3.8 3.7 2.3 0.8 3 0 0 0 0 0 0 0 0 0 
0 1.52687 2.83047 3.24291 2.95119 3.25582 1.33014 4.41171 3.16759 0.513659 2.40944 2.28618 4.07629 1.10489 2.82043 0.723111 4.26391 1.88337 4.80325 4.99742 4.25826 2.45391 0.868284 1.03172 3.78674 2.13804 2.26374 2.91265 1.06831 4.24451 0.499585 2.37114 2.36935 2.13873 0.271062 3.7296 4.5181 2.84987 1.62374 1.90865 2.90451 0.500148 0.000473422 1.60016 1.40017 3.10004 4.00002 2.50001 3.9 1.2 1.8 1.1 3.4 3.5 1.00956e-08 0.7 3.6 4.6 3.2 1.9 2.6 2.1 0.6 1.3 1.8 1.7 1.8 0.6 0.9 2.7 5 0 0 0 0 0 0 0 0 0 0 
0 4.38028 3.95874 2.39747 0.384021 2.85577 2.74901 1.01746 2.8132 5.01246 2.57122 1.58783 0.882452 4.67328 3.60748 2.06004 2.51993 4.79866 2.64193 2.69369 3.99746 4.30096 4.16871 3.87945 0.20612 3.75287 0.765632 1.32077 1.1632 3.55504 1.72721 0.44475 5.01237 2.52321 4.4466 3.98969 1.10471 3.41994 4.40488 3.20007 4.50157 0.100157 0.500296 4.00013 3.70005 2.3 4.10001 1 1.2 1.5 1.9 2.2 4.2 3.7 1.3 2 1.1 1.5 3.7 4.6 4.4 3.8 4.3 1.9 2.6 3.2 0.3 4.5 0.5 2.9 1 0 0 0 0 0 0 0 0 0 0 
0 3.74502 4.33544 5.04353 3.57911 3.83558 4.92866 2.81079 2.73555 0.243672 4.00849 1.03132 4.68695 3.74513 2.94835 1.35466 4.52002 1.01758 0.484204 0.792156 2.75251 0.0744862 4.03767 3.41447 3.68072 3.05388 4.68482 1.79648 1.55012 3.03844 0.228184 4.27066 0.627621 2.32267 0.326195 0.24282 1.61877 0.104279 0.90442 1.5011 2.90039 1.60023 1.10009 3.10005 0.300001 1.80001 2.84831e-06 1.2 1.8 1.9 2.1 0.7 4.7 0.9 1 3.2 1.7 4 1.7 2.5 4 2.8 0.8 1 0.9 2.8 1.9 0.3 1.8 3 0 0 0 0 0 0 0 0 0 0 0 
0 2.32842 0.885177 5.0325 1.34599 4.57287 5.06405 1.64091 0.578268 0.673839 3.71995 1.0382 0.837943 3.42592 0.69659 2.06551 2.91184 0.202103 0.300603 1.84459 2.86331 2.96163 2.94273 2.01776 0.753023 1.13229 0.631457 4.02153 0.206318 2.87107 2.79309 0.649686 3.05702 1.16686e-05 0.701852 0.209424 1.90431 2.70034 1.1009 4.6006 1.3 4.30009 2.33357e-06 3.90001 3.1 0.100004 1.1 4.3 1.1 2.2 0.7 1.8 1.9 2 0.6 3.7 3.3 1.4 4.8 3.1 0.9 2.2 0.5 2.2 1 4.3 2.1 0.7 5 0 0 0 0 0 0 0 0 0 0 0 0 
0 2.90358 4.95845 3.90413 0.75537 1.06775 2.29101 0.453579 3.56692 0.23874 2.8797 4.92336 4.67163 1.87956 1.13536 1.36992 1.66969 4.09083 3.61418 0.118279 1.28467 3.25035 4.21579 0.19913 1.03605 0.991668 0.257686 2.61402 2.70301 1.16629 3.67275 4.54738 0.722975 1.61081 4.90451 2.70308 0.00203428 3.90019 2.40035 1.6002 4.20003 3.30003 1.30002 4.00001 1.8 1.1 3 3.3 3.4 4.2 4.7 1.9 0.1 4.2 2.6 0.1 2.1 3.2 0.4 3 3.3 2.9 3.3 0.1 0.5 0.8 0.6 1.9 1 0 0 0 0 0 0 0 0 0 0 0 0 
0 0.50128 3.51182 3.94388 0.14429 2.11885 4.39248 0.259035 0.359363 4.40903 0.829926 2.33805 1.96195 0.50291 3.62428 3.9822 3.65582 3.34605 3.36564 0.326961 3.02165 3.68967 4.15894 1.67309 4.85663 3.69839 3.54356 1.75641 0.0895716 2.54848 1.24705 2.92008 3.20611 2.50063 2.10024 4.80114 4.60031 3.30022 1.10007 2.90003 2.70002 1.20001 3.7 0.3 1.8 4.8 1.2 5 3.5 3.7 0.9 2 4.2 1.8 4.1 4.4 1.1 0.5 1.8 0.6 2 3.5 0.2 2.8 0.5 1.5 3.9 2 0 0 0 0 0 0 0 0 0 0 0 0 0 
0 3.90022 4.80215 0.41075 4.84406 1.70659 0.983738 2.68416 4.92387 2.20881 2.28649 1.46198 2.90664 4.47776 4.80764 1.00822 1.6905 1.13182 1.02255 3.75283 2.96752 2.42696 3.84098 4.10612 0.900612 1.21796 3.85701 4.64571 0.944482 0.718617 4.20299 0.704707 4.1026 3.90118 1.50043 5.00029 4.90016 4.70006 0.600001 1.10002 1.5 4.1 1.4 4.1 3.5 2.3 0.3 2.5 1.00956e-08 1.3 1 0.6 2.6 4.1 2.9 0.3 1.5 1.8 4.9 0.9 4.2 4.5 3.1 4.3 1.4 0.8 3 0 0 0 0 0 0 0 0 0 0 0 0 0 0 
0 2.90005 3.00043 1.60431 0.0096819 3.24264 3.04278 1.12237 1.43 0.498658 0.812619 3.474 0.959157 2.0535 0.560742 0.386223 2.75623 5.00821 1.81121 4.04691 4.12882 0.24383 4.8076 0.688113 0.537962 3.2158 0.805845 2.01866 3.70586 0.104306 3.00216 3.80174 1.50003 1.10002 3.30002 0.600102 4.50005 2.10002 1.20001 2.5 2.1 2.2 1.5 0.3 3 4 4.7 2.5 0.7 2 3.2 3.7 0.1 4.4 0.3 0.6 5 3.2 2.6 4.8 5 4.5 2 1.3 2.8 4 0 0 0 0 0 0 0 0 0 0 0 0 0 0 0 
0 4.00001 0.800071 0.8005 4.40001 0.403728 1.3187 1.44406 3.24275 2.51478 4.31386 3.71102 3.39898 0.242293 4.56972 4.7424 0.503264 2.22907 4.47137 3.93 3.52957 2.03028 2.31421 4.42132 1.41539 2.61194 1.4045 1.70044 4.00232 4.60173 0.800063 0.000614358 1.90023 2.60012 4.40005 3.80003 3.00001 2.2 2 0.200002 2.8 3 5 4.1 2.6 2.1 1.3 0.7 3.6 1.1 1.7 3.3 2.1 1.1 1.5 5 1.1 1.7 4.6 4.9 5 2.8 1.2 4.8 4 0 0 0 0 0 0 0 0 0 0 0 0 0 0 0 0 
0 2.4 1.80002 0.400086 1.80059 1.10029 3.70428 1.7033 4.91039 4.71568 4.82303 0.829138 5.01727 3.40147 4.50287 4.20599 1.50185 0.914585 2.04481 0.906276 0.318534 2.41096 0.407577 4.40461 0.705709 4.50458 5.00156 3.70073 0.80031 4.80002 4.10005 2.60011 1.50002 2.8 3.2 3.80001 3.40001 3.2 2.3 5 4.2 4.1 3.1 1.3 4.2 3 0.4 4.7 4.6 1.5 4 1.4 3.2 0.5 1.8 3.2 1.7 2.8 4.3 1.6 1.6 0.1 1.7 5 0 0 0 0 0 0 0 0 0 0 0 0 0 0 0 0 0 
0 4.5 0.6 1.48249e-06 1.20008 3.90021 4.40027 1.10118 0.102248 3.20147 0.00513127 3.20286 0.00430889 5.0073 4.91154 1.3115 0.907325 1.50798 4.00147 0.803568 0.104307 0.10158 1.00247 4.70173 0.200484 5.00059 1.40029 4.10031 0.300016 3.30013 3.10369e-05 4.1 1.5 3.20001 3.3 3.5 2.9 4.5 3.7 0.8 0.2 3.3 5.69869e-09 0.5 0.4 0.8 0.7 0.8 3.2 3.7 1.7 4.8 0.4 1.8 4.9 2.6 4.6 4.3 2.5 1.5 3.1 2.7 0.9 1 0 0 0 0 0 0 0 0 0 0 0 0 0 0 0 0 0 
0 3.6 0.8 0.600006 1.30002 1.00005 2.50016 3.50045 1.80045 0.200444 3.80046 2.70175 3.20173 1.20057 0.802148 0.20236 0.602253 0.600428 3.50161 4.10148 0.301181 1.30085 0.800301 4.00049 3.00029 0.800002 2.20016 4.10009 4.00004 4.10001 2 1.40001 2.9 2.4 1.5 1.19528e-06 4.8 1.1 2.5 1.3 2.8 3.1 2.8 1.3 5 4.8 3 0.2 1.9 4.6 2.5 3.1 3 0.6 0.9 4.8 4.9 1.6 1.5 4.1 2.7 0.9 2 0 0 0 0 0 0 0 0 0 0 0 0 0 0 0 0 0 0 
0 3.8 0.6 0.700001 1.6 1.80001 1.40005 1.90002 3.80007 4.20016 4.90045 3.80014 0.000427193 3.30085 3.7004 1.80036 1.30036 0.60051 3.60043 3.5 1.9003 0.300218 2.20017 4.70011 2.20009 1.90003 1.8 1.80002 0.700016 1.90001 0.100004 3.5 4.1 3.9 1.9 3.7 1.6 3.7 0.7 1.6 2 4.5 0.5 1.3 1.6 4.1 5 1.7 2.6 4.4 4 0.9 3.3 2 4.2 5 5 1.6 3.1 2.7 0.9 2 0 0 0 0 0 0 0 0 0 0 0 0 0 0 0 0 0 0 0 
0 2 3 0.1 1.9 2.6 4.7 4.20001 4.00002 4.6 3.40002 4.80004 1.1001 4.70012 0.900187 0.600172 5.00019 1.50011 2.70013 1.6001 4.20006 3.70003 1.30004 1.90002 1.80002 1.42396e-05 1.70001 1.7 1.3 2.2 3.8 2.8 3.8 3.18323e-07 3.4 2.9 0.4 1.1 1.90854e-08 1.4 3 1 4.73236e-10 3.5 4.3 3 1.7 4.8 2.1 3.8 2.8 2.2 2.9 3.5 4.5 4.5 2.8 0.1 2.7 0.9 2 0 0 0 0 0 0 0 0 0 0 0 0 0 0 0 0 0 0 0 0 
0 2 1.6 2.6 2.5 1.9 1.7 3.1 3.4 2.80001 3.80002 2.20002 1.20003 0.100043 4.80003 4.70002 0.500015 0.800031 4.41874e-05 0.800024 1.4 0.100016 3.80001 0.800009 1.3 4.5 2.3 2.9 3.6 2.9 2.7 3.1 4.7 3.2 1.6 2.5 3.7 5 3.2 2.6 2.4 1.2 2.9 0.6 3.7 3.4 3.1 2.2 0.6 4.3 0.8 0.5 3.3 0.2 3.1 2 1.2 1.7 0.9 2 0 0 0 0 0 0 0 0 0 0 0 0 0 0 0 0 0 0 0 0 0 
0 0.2 5 4.4 4.7 4.5 0.5 2.3 2.3 4.3 2.5 5.00001 3.9 3.5 3.4 4.4 0.600005 2.10001 1 0.500004 0.400005 0.700006 2.5 1.6 1 3 4.1 3.8 1.6 4.7 0.9 4.4 0.4 3.1 2.8 0.2 3.9 2.3 0.1 2.5 2.3 3.2 4.3 3.3 4.2 2.4 4.5 4.7 1.3 1.9 1 2.2 0.1 2.8 4.3 1.3 4.8 5 1 0 0 0 0 0 0 0 0 0 0 0 0 0 0 0 0 0 0 0 0 0 0 
0 4 4.5 4.4 1 3.8 0.2 2.2 0.7 4.9 2.5 4.8 4.5 0.400002 2.7 1.1 2.3 4.5 2.5 2.5 1.5 2.2 2.6 3.8 1.5 3.1 1.9 2.6 1.2 0.9 3.9 3 0.7 2.4 3.7 1.5 0.3 0.5 0.1 2.2 0.1 3.4 2.9 2.7 0.1 0.3 3.4 4.6 1.8 2.6 0.9 1 0.5 0.5 1.4 2.8 4 0 0 0 0 0 0 0 0 0 0 0 0 0 0 0 0 0 0 0 0 0 0 0 0 
0 1.6 3.9 2.5 2.5 0.1 2.1 1.5 0.5 4.6 1.2 0.2 3.8 3.3 3.2 4.2 0.9 4.1 3.7 1.4 3 5 0.7 1.5 5 1.9 4.1 2.7 1.3 2.4 3.3 4.3 0.2 3.3 4.9 2.4 0.1 2.5 0.1 2.1 2 1 2.7 2.4 3.4 3.7 4.3 0.5 1.7 3.2 2.8 4.3 0.8 1.5 0.8 4 0 0 0 0 0 0 0 0 0 0 0 0 0 0 0 0 0 0 0 0 0 0 0 0 0 
0 4.4 2.8 1.8 1.4 1.2 2.4 2.1 4.3 2.7 5 2.9 3.14488e-08 2.7 1.2 4 4 4.8 0.6 3.5 1.8 2.7 3.9 2.5 3.3 2.7 0.9 3.9 1.7 2.3 2 3.1 2.3 2.5 2 1.8 1.84954e-10 1.9 3.1 0.4 1.4 3.1 2 1.4 2.8 3.3 2.7 1.1 1.8 0.3 1.9 2.1 0.6 3.9 3 0 0 0 0 0 0 0 0 0 0 0 0 0 0 0 0 0 0 0 0 0 0 0 0 0 0 
0 1.9 3.7 0.7 3.4 0.5 1.6 3.8 3.7 1.6 2.7 0.2 1.8 3.3 0.5 0.7 1.4 2.7 0.7 4.6 1.4 2.7 2.9 4.2 5 1.5 2.2 0.3 0.8 0.7 0.3 1 0.2 1 1.8 1.57172e-11 1.5 3 0.4 2.5 2.6 4.9 3.6 0.2 0.5 0.4 3.8 3.8 0.6 4.5 0.3 0.7 1.9 2 0 0 0 0 0 0 0 0 0 0 0 0 0 0 0 0 0 0 0 0 0 0 0 0 0 0 0 
0 3.4 1.7 3.6 1.8 0.2 2.5 1.8 0.1 3.5 1.66271e-09 1.8 0.5 0.1 3.7 1.2 0.2 1 1.2 4.3 1 4 4.3 3.5 4.5 2.3 1.9 3.7 3.4 4.5 2.2 4.2 5 3.8 3.4 1.9 0.8 4.2 3.6 0.3 0.6 2.5 2.7 4.7 2.3 2.8 4.1 3.7 0.9 0.5 1.8 5 1 0 0 0 0 0 0 0 0 0 0 0 0 0 0 0 0 0 0 0 0 0 0 0 0 0 0 0 0 
0 4.6 1.7 2.3 0.4 4.8 3.4 4.3 0.2 1.4 1 4.4 2.5 4.4 3.4 4.9 3.8 1.6 2.2 3.5 1.8 3 3.5 1.7 1.8 0.9 0.5 3.6 3.5 3.7 1.1 4.1 1.4 1.4 2.5 4 2.6 0.9 1.29319e-12 4.8 3.4 2 2.5 5 0.4 4.8 4.5 2.3 2.7 2.9 3 0 0 0 0 0 0 0 0 0 0 0 0 0 0 0 0 0 0 0 0 0 0 0 0 0 0 0 0 0 0 
0 3.8 1 3.9 4.4 3.2 0.9 0.2 0.1 4 3.1 1.6 1.5 2.1 5 3 0.2 0.1 0.3 1 4.4 2.6 2.8 3 1.4 1.2 1.2 3.2 5.98703e-11 2 4.1 0.4 1.5 2.8 3.6 2.1 2.7 0.1 4.2 2.7 0.6 3.9 3.1 5 4 1 4.6 0.8 5 1 0 0 0 0 0 0 0 0 0 0 0 0 0 0 0 0 0 0 0 0 0 0 0 0 0 0 0 0 0 0 0 
0 2 4.3 2.4 5 4.7 4.6 3 3.1 4 0.7 1.8 3.7 0.3 4.5 1.1 3.8 1.2 2.8 4.3 5 2.2 3.3 0.4 0.6 4.3 3.8 0.3 0.6 0.6 1.2 1.3 3.3 1.7 0.8 3.4 2.2 1.9 0.6 1.2 3.4 2.4 2.6 2.8 1.4 0.7 1.9 3 0 0 0 0 0 0 0 0 0 0 0 0 0 0 0 0 0 0 0 0 0 0 0 0 0 0 0 0 0 0 0 0 0 
0 0 1.9 0.9 0.5 2.7 1.3 4.2 3 3.2 3.6 0.3 2.6 1.2 0.5 4.9 4 0.6 2.4 3.1 3.8 2.3 4.1 4.3 0.3 1.7 0.2 3.7 3.7 2.3 4.3 3 0.7 1.6 0.3 0.2 0.6 0.2 3.6 2.3 0.4 0.6 2.3 3.7 3.9 4 1 0 0 0 0 0 0 0 0 0 0 0 0 0 0 0 0 0 0 0 0 0 0 0 0 0 0 0 0 0 0 0 0 0 0 
0 0 1 0.8 0.9 4.9 0.3 2.6 2.2 0.1 4.4 3.2 0.4 2 4 2.1 3 1.1 1.3 3.3 0.5 1 0.6 2.3 1.6 1.2 0.1 1.4 4.2 3.6 4 2 2.2 4.7 4.9 1.7 4.7 1.7 4.6 4.7 3.3 0.6 0.8 5 1 0 0 0 0 0 0 0 0 0 0 0 0 0 0 0 0 0 0 0 0 0 0 0 0 0 0 0 0 0 0 0 0 0 0 0 0 
0 0 0 2 0.8 2.2 2.4 3.2 0.6 2.4 2.3 0.9 3.6 3.7 2.6 8.59757e-13 3 1.4 1.4 4.8 2.9 3.6 0.6 2.7 2.9 1.2 0.7 3.5 2.3 4.6 2 3.5 3.9 5 0.3 1.5 0.9 2.8 0.3 4.7 4.9 5 2 0 0 0 0 0 0 0 0 0 0 0 0 0 0 0 0 0 0 0 0 0 0 0 0 0 0 0 0 0 0 0 0 0 0 0 0 0 0 
0 0 0 0 2 2.9 1.5 1.6 4.8 1.4 1 1.2 2 0.8 0.6 0.7 3.6 2.4 3.41061e-13 4.9 3.6 1.5 1.7 4.2 2.9 3.1 0.2 4.1 3.5 1.5 1.3 1.1 1.1 1.5 0.4 0 0.4 2.7 4.9 4 1 0 0 0 0 0 0 0 0 0 0 0 0 0 0 0 0 0 0 0 0 0 0 0 0 0 0 0 0 0 0 0 0 0 0 0 0 0 0 0 0 
0 0 0 0 0 1 5 3.8 3.4 0.6 1.4 4.7 1.3 4.5 1.3 4.2 3.4 1.2 0.9 4.7 0.3 1.8 1.9 3.4 4 3.5 4.8 4.8 2.4 2.7 2.7 0.4 4 4.4 1.6 3.8 2.9 4 1 0 0 0 0 0 0 0 0 0 0 0 0 0 0 0 0 0 0 0 0 0 0 0 0 0 0 0 0 0 0 0 0 0 0 0 0 0 0 0 0 0 0 
0 0 0 0 0 0 0 2 0.9 4.8 2.5 2.1 4.6 1.9 0.1 3.4 2.7 1.1 4.8 4.7 4.8 4.1 0.5 2.1 0.7 0.3 1.9 1.4 0.8 4.2 0.4 1.6 3.8 2.9 5 2 1 0 0 0 0 0 0 0 0 0 0 0 0 0 0 0 0 0 0 0 0 0 0 0 0 0 0 0 0 0 0 0 0 0 0 0 0 0 0 0 0 0 0 0 0 
0 0 0 0 0 0 0 0 1 2 5 3.9 4.8 2.6 2.4 1.2 0 2.9 1.8 3.8 2.8 4.9 5 3.1 1.2 4.4 1.5 0.6 0.7 0.8 2.9 5 2 1 0 0 0 0 0 0 0 0 0 0 0 0 0 0 0 0 0 0 0 0 0 0 0 0 0 0 0 0 0 0 0 0 0 0 0 0 0 0 0 0 0 0 0 0 0 0 0 
0 0 0 0 0 0 0 0 0 0 0 1 2 4 0.9 3.9 0.8 2.8 3.8 3.8 3.8 2.8 1.8 0.8 4.9 1.9 0.9 5 3 2 1 0 0 0 0 0 0 0 0 0 0 0 0 0 0 0 0 0 0 0 0 0 0 0 0 0 0 0 0 0 0 0 0 0 0 0 0 0 0 0 0 0 0 0 0 0 0 0 0 0 0 
0 0 0 0 0 0 0 0 0 0 0 0 0 0 1 1 2 2 2 2 2 2 2 2 1 1 1 0 0 0 0 0 0 0 0 0 0 0 0 0 0 0 0 0 0 0 0 0 0 0 0 0 0 0 0 0 0 0 0 0 0 0 0 0 0 0 0 0 0 0 0 0 0 0 0 0 0 0 0 0 0 
