0 0 0 0 0 0 0 0 0 0 0 0 0 0 0 0 0 0 0 0 0 0 0 0 0 0 0 0 0 0 0 0 0 0 0 0 0 0 0 0 0 0 0 0 0 0 0 0 0 1 1 2 2 2 2 2 2 2 2 2 2 2 2 2 2 2 2 2 2 2 2 2 2 2 2 2 1 1 0 0 0 0 0 0 0 0 0 0 0 0 0 0 0 0 0 0 0 0 0 0 0 0 0 0 0 0 0 0 0 0 0 0 0 0 0 0 0 0 0 0 0 0 0 0 0 0 0 
0 0 0 0 0 0 0 0 0 0 0 0 0 0 0 0 0 0 0 0 0 0 0 0 0 0 0 0 0 0 0 0 0 0 0 0 0 0 0 0 0 0 0 0 0 0 1 2 4 0.99 3.99 0.98 2.98 3.98 3.98 3.98 3.98 3.98 3.98 3.98 3.98 3.98 3.98 3.98 3.98 3.98 3.98 3.98 3.98 3.98 3.98 3.98 3.98 3.98 2.98 0.98 3.99 0.99 4 2 1 0 0 0 0 0 0 0 0 0 0 0 0 0 0 0 0 0 0 0 0 0 0 0 0 0 0 0 0 0 0 0 0 0 0 0 0 0 0 0 0 0 0 0 0 0 0 
0 0 0 0 0 0 0 0 0 0 0 0 0 0 0 0 0 0 0 0 0 0 0 0 0 0 0 0 0 0 0 0 0 0 0 0 0 0 0 0 0 0 0 1 2 4 2.99 2.98 2.97 2.96 2.95 3.94 2.93 0.92 2.92 3.92 3.92 3.92 3.92 3.92 3.92 3.92 3.92 3.92 3.92 3.92 3.92 3.92 3.92 3.92 3.92 3.92 2.92 0.92 2.93 3.94 2.95 2.96 2.97 2.98 2.99 4 2 1 0 0 0 0 0 0 0 0 0 0 0 0 0 0 0 0 0 0 0 0 0 0 0 0 0 0 0 0 0 0 0 0 0 0 0 0 0 0 0 0 0 0 0 
0 0 0 0 0 0 0 0 0 0 0 0 0 0 0 0 0 0 0 0 0 0 0 0 0 0 0 0 0 0 0 0 0 0 0 0 0 0 0 0 1 2 4 2.99 2.98 3.97 2.95 2.93 0.91 3.9 2.88 0.86 2.85 3.84 2.83 0.82 2.82 3.82 3.82 3.82 3.82 3.82 3.82 3.82 3.82 3.82 3.82 3.82 3.82 3.82 2.82 0.82 2.83 3.84 2.85 0.86 2.88 3.9 0.91 2.93 2.95 3.97 2.98 2.99 4 2 1 0 0 0 0 0 0 0 0 0 0 0 0 0 0 0 0 0 0 0 0 0 0 0 0 0 0 0 0 0 0 0 0 0 0 0 0 0 0 0 0 
0 0 0 0 0 0 0 0 0 0 0 0 0 0 0 0 0 0 0 0 0 0 0 0 0 0 0 0 0 0 0 0 0 0 0 0 0 0 1 3 1.99 2.98 3.97 2.95 2.93 3.91 2.88 0.85 2.83 3.81 0.78 2.76 2.74 0.72 2.71 3.7 3.69 1.68 3.68 3.68 3.68 3.68 3.68 3.68 3.68 3.68 3.68 3.68 3.68 1.68 3.69 3.7 2.71 0.72 2.74 2.76 0.78 3.81 2.83 0.85 2.88 3.91 2.93 2.95 3.97 2.98 1.99 3 1 0 0 0 0 0 0 0 0 0 0 0 0 0 0 0 0 0 0 0 0 0 0 0 0 0 0 0 0 0 0 0 0 0 0 0 0 0 0 
0 0 0 0 0 0 0 0 0 0 0 0 0 0 0 0 0 0 0 0 0 0 0 0 0 0 0 0 0 0 0 0 0 0 0 0 1 4 2.99 3.98 3.96 0.93 3.91 2.88 2.85 3.82 0.78 2.75 2.72 2.69 3.66 3.63 1.6 3.58 3.56 3.54 1.52 3.51 2.5 3.5 3.5 3.5 3.5 3.5 3.5 3.5 3.5 3.5 2.5 3.51 1.52 3.54 3.56 3.58 1.6 3.63 3.66 2.69 2.72 2.75 0.78 3.82 2.85 2.88 3.91 0.93 3.96 3.98 2.99 4 1 0 0 0 0 0 0 0 0 0 0 0 0 0 0 0 0 0 0 0 0 0 0 0 0 0 0 0 0 0 0 0 0 0 0 0 0 
0 0 0 0 0 0 0 0 0 0 0 0 0 0 0 0 0 0 0 0 0 0 0 0 0 0 0 0 0 0 0 0 0 0 1 4 3.99 1.97 2.95 3.93 3.9 2.86 1.82 1.78 1.74 1.7 2.66 2.62 2.58 2.54 2.5 0.46 2.43 2.4 2.37 1.34 3.32 3.3 0.28 3.28 3.28 3.28 3.28 3.28 3.28 3.28 3.28 3.28 0.28 3.3 3.32 1.34 2.37 2.4 2.43 0.46 2.5 2.54 2.58 2.62 2.66 1.7 1.74 1.78 1.82 2.86 3.9 3.93 2.95 1.97 3.99 4 1 0 0 0 0 0 0 0 0 0 0 0 0 0 0 0 0 0 0 0 0 0 0 0 0 0 0 0 0 0 0 0 0 0 0 
0 0 0 0 0 0 0 0 0 0 0 0 0 0 0 0 0 0 0 0 0 0 0 0 0 0 0 0 0 0 0 0 1 4 3.99 1.97 3.95 3.92 0.88 3.85 3.81 2.76 3.71 3.66 3.61 3.56 3.51 3.46 3.41 3.36 1.31 3.27 3.23 3.19 3.15 2.11 3.08 1.05 2.03 1.02 3.02 3.02 3.02 3.02 3.02 3.02 3.02 1.02 2.03 1.05 3.08 2.11 3.15 3.19 3.23 3.27 1.31 3.36 3.41 3.46 3.51 3.56 3.61 3.66 3.71 2.76 3.81 3.85 0.88 3.92 3.95 1.97 3.99 4 1 0 0 0 0 0 0 0 0 0 0 0 0 0 0 0 0 0 0 0 0 0 0 0 0 0 0 0 0 0 0 0 0 
0 0 0 0 0 0 0 0 0 0 0 0 0 0 0 0 0 0 0 0 0 0 0 0 0 0 0 0 0 0 1 4 3.99 1.97 3.95 3.92 1.88 3.84 2.79 2.74 3.69 3.63 0.56 2.5 2.44 2.38 2.32 2.26 2.2 1.14 3.09 3.04 2.99 2.94 2.89 1.84 1.8 3.77 0.74 3.73 2.72 3.72 3.72 3.72 3.72 3.72 2.72 3.73 0.74 3.77 1.8 1.84 2.89 2.94 2.99 3.04 3.09 1.14 2.2 2.26 2.32 2.38 2.44 2.5 0.56 3.63 3.69 2.74 2.79 3.84 1.88 3.92 3.95 1.97 3.99 4 1 0 0 0 0 0 0 0 0 0 0 0 0 0 0 0 0 0 0 0 0 0 0 0 0 0 0 0 0 0 0 
0 0 0 0 0 0 0 0 0 0 0 0 0 0 0 0 0 0 0 0 0 0 0 0 0 0 0 0 1 3 2.99 0.97 2.95 3.92 1.88 3.84 3.79 1.73 3.67 0.6 3.54 3.47 2.39 0.31 2.24 2.17 3.1 3.03 2.96 1.89 3.83 3.77 3.71 3.65 3.59 2.53 2.48 2.44 3.41 3.39 0.37 3.37 3.37 3.37 3.37 3.37 0.37 3.39 3.41 2.44 2.48 2.53 3.59 3.65 3.71 3.77 3.83 1.89 2.96 3.03 3.1 2.17 2.24 0.31 2.39 3.47 3.54 0.6 3.67 1.73 3.79 3.84 1.88 3.92 2.95 0.97 2.99 3 1 0 0 0 0 0 0 0 0 0 0 0 0 0 0 0 0 0 0 0 0 0 0 0 0 0 0 0 0 
0 0 0 0 0 0 0 0 0 0 0 0 0 0 0 0 0 0 0 0 0 0 0 0 0 0 0 2 0.99 2.98 3.96 3.93 2.89 0.84 2.79 0.73 2.67 3.6 1.52 2.44 1.36 3.28 2.19 3.1 1.01 3.93 0.84 2.76 3.68 3.6 1.52 3.45 3.38 3.31 3.24 2.17 2.11 2.06 1.02 4 2.98 2.97 3.97 3.97 3.97 2.97 2.98 4 1.02 2.06 2.11 2.17 3.24 3.31 3.38 3.45 1.52 3.6 3.68 2.76 0.84 3.93 1.01 3.1 2.19 3.28 1.36 2.44 1.52 3.6 2.67 0.73 2.79 0.84 2.89 3.93 3.96 2.98 0.99 2 0 0 0 0 0 0 0 0 0 0 0 0 0 0 0 0 0 0 0 0 0 0 0 0 0 0 0 
0 0 0 0 0 0 0 0 0 0 0 0 0 0 0 0 0 0 0 0 0 0 0 0 0 0 3 2.99 3.97 2.94 0.9 2.86 3.81 3.75 1.68 3.61 3.53 2.44 3.35 0.25 3.16 2.06 3.96 0.85 2.75 2.65 3.55 2.45 0.35 2.26 3.17 2.08 4 3.92 3.84 2.76 2.69 2.63 0.58 1.55 3.53 0.51 3.51 3.51 3.51 0.51 3.53 1.55 0.58 2.63 2.69 2.76 3.84 3.92 4 2.08 3.17 2.26 0.35 2.45 3.55 2.65 2.75 0.85 3.96 2.06 3.16 0.25 3.35 2.44 3.53 3.61 1.68 3.75 3.81 2.86 0.9 2.94 3.97 2.99 3 0 0 0 0 0 0 0 0 0 0 0 0 0 0 0 0 0 0 0 0 0 0 0 0 0 0 
0 0 0 0 0 0 0 0 0 0 0 0 0 0 0 0 0 0 0 0 0 0 0 0 0 4 0.98 3.96 0.92 2.88 3.83 2.77 0.7 2.63 3.55 3.46 3.36 0.25 3.15 3.04 3.93 2.81 2.69 3.57 3.45 3.33 1.21 3.1 3.99 3.88 3.77 2.66 1.56 3.47 3.38 2.29 2.21 0.14 2.09 2.05 2.02 3 2.99 3.99 2.99 3 2.02 2.05 2.09 0.14 2.21 2.29 3.38 3.47 1.56 2.66 3.77 3.88 3.99 3.1 1.21 3.33 3.45 3.57 2.69 2.81 3.93 3.04 3.15 0.25 3.36 3.46 3.55 2.63 0.7 2.77 3.83 2.88 0.92 3.96 0.98 4 0 0 0 0 0 0 0 0 0 0 0 0 0 0 0 0 0 0 0 0 0 0 0 0 0 
0 0 0 0 0 0 0 0 0 0 0 0 0 0 0 0 0 0 0 0 0 0 0 0 4 2.98 3.95 2.91 3.86 2.8 0.73 2.66 3.58 3.49 3.39 3.28 2.16 3.04 3.92 2.79 3.66 2.52 2.38 2.24 2.1 0.96 3.83 3.7 3.57 3.44 3.31 0.18 3.07 1.96 3.86 2.76 1.67 3.6 3.54 3.49 3.45 2.42 0.4 3.4 0.4 2.42 3.45 3.49 3.54 3.6 1.67 2.76 3.86 1.96 3.07 0.18 3.31 3.44 3.57 3.7 3.83 0.96 2.1 2.24 2.38 2.52 3.66 2.79 3.92 3.04 2.16 3.28 3.39 3.49 3.58 2.66 0.73 2.8 3.86 2.91 3.95 2.98 4 0 0 0 0 0 0 0 0 0 0 0 0 0 0 0 0 0 0 0 0 0 0 0 0 
0 0 0 0 0 0 0 0 0 0 0 0 0 0 0 0 0 0 0 0 0 0 0 4 3.98 2.94 0.89 3.84 0.77 2.7 3.62 3.53 3.43 3.32 3.2 3.07 1.93 1.79 3.65 2.5 3.35 2.19 2.03 2.87 2.71 2.55 0.39 2.24 3.09 2.94 1.79 2.65 3.52 2.39 2.27 2.16 1.06 2.98 2.91 2.85 1.8 3.77 3.75 1.74 3.75 3.77 1.8 2.85 2.91 2.98 1.06 2.16 2.27 2.39 3.52 2.65 1.79 2.94 3.09 2.24 0.39 2.55 2.71 2.87 2.03 2.19 3.35 2.5 3.65 1.79 1.93 3.07 3.2 3.32 3.43 3.53 3.62 2.7 0.77 3.84 0.89 2.94 3.98 4 0 0 0 0 0 0 0 0 0 0 0 0 0 0 0 0 0 0 0 0 0 0 0 
0 0 0 0 0 0 0 0 0 0 0 0 0 0 0 0 0 0 0 0 0 0 4 3.98 3.94 0.88 2.82 2.75 3.67 3.58 3.48 3.37 3.25 3.12 2.98 2.83 1.67 3.51 1.34 1.17 3 2.82 3.64 0.45 2.27 3.09 3.91 2.73 0.55 2.38 2.21 3.05 3.9 2.75 0.61 2.49 3.38 1.28 3.2 3.13 2.07 2.03 3.01 2 3.01 2.03 2.07 3.13 3.2 1.28 3.38 2.49 0.61 2.75 3.9 3.05 2.21 2.38 0.55 2.73 3.91 3.09 2.27 0.45 3.64 2.82 3 1.17 1.34 3.51 1.67 2.83 2.98 3.12 3.25 3.37 3.48 3.58 3.67 2.75 2.82 0.88 3.94 3.98 4 0 0 0 0 0 0 0 0 0 0 0 0 0 0 0 0 0 0 0 0 0 0 
0 0 0 0 0 0 0 0 0 0 0 0 0 0 0 0 0 0 0 0 0 4 3.98 3.94 2.88 3.81 3.73 3.64 3.54 3.43 3.31 3.18 3.04 2.89 3.73 3.56 3.38 1.19 2 3.81 3.61 0.4 3.2 2.99 2.78 2.57 1.36 3.16 3.96 3.76 2.56 0.37 3.2 1.03 3.88 3.74 1.61 3.5 2.4 3.32 2.25 0.2 3.18 2.17 3.18 0.2 2.25 3.32 2.4 3.5 1.61 3.74 3.88 1.03 3.2 0.37 2.56 3.76 3.96 3.16 1.36 2.57 2.78 2.99 3.2 0.4 3.61 3.81 2 1.19 3.38 3.56 3.73 2.89 3.04 3.18 3.31 3.43 3.54 3.64 3.73 3.81 2.88 3.94 3.98 4 0 0 0 0 0 0 0 0 0 0 0 0 0 0 0 0 0 0 0 0 0 
0 0 0 0 0 0 0 0 0 0 0 0 0 0 0 0 0 0 0 0 4 3.98 3.94 3.88 2.8 2.71 2.61 2.5 2.38 2.25 2.11 1.96 2.8 3.63 0.44 2.25 3.05 3.84 1.62 2.4 1.17 2.94 3.71 2.47 3.23 2.99 1.75 3.52 3.29 3.06 0.83 2.62 2.42 3.23 2.05 1.89 3.75 3.62 0.5 3.41 1.33 3.28 3.25 3.24 3.25 3.28 1.33 3.41 0.5 3.62 3.75 1.89 2.05 3.23 2.42 2.62 0.83 3.06 3.29 3.52 1.75 2.99 3.23 2.47 3.71 2.94 1.17 2.4 1.62 3.84 3.05 2.25 0.44 3.63 2.8 1.96 2.11 2.25 2.38 2.5 2.61 2.71 2.8 3.88 3.94 3.98 4 0 0 0 0 0 0 0 0 0 0 0 0 0 0 0 0 0 0 0 0 
0 0 0 0 0 0 0 0 0 0 0 0 0 0 0 0 0 0 0 4 3.98 3.94 3.88 3.8 1.7 1.59 1.47 1.34 1.2 1.05 1.89 3.72 0.53 3.34 3.13 2.91 2.68 1.44 3.2 3.95 3.69 0.42 3.16 3.89 0.61 2.34 3.07 1.8 3.54 3.28 1.02 2.78 3.55 3.33 0.12 1.94 3.78 2.63 3.5 3.39 2.3 3.24 1.2 3.19 1.2 3.24 2.3 3.39 3.5 2.63 3.78 1.94 0.12 3.33 3.55 2.78 1.02 3.28 3.54 1.8 3.07 2.34 0.61 3.89 3.16 0.42 3.69 3.95 3.2 1.44 2.68 2.91 3.13 3.34 0.53 3.72 1.89 1.05 1.2 1.34 1.47 1.59 1.7 3.8 3.88 3.94 3.98 4 0 0 0 0 0 0 0 0 0 0 0 0 0 0 0 0 0 0 0 
0 0 0 0 0 0 0 0 0 0 0 0 0 0 0 0 0 0 4 3.98 3.94 3.88 3.8 1.7 3.59 2.46 2.32 2.17 2.01 3.84 2.65 1.45 2.24 3.02 1.78 2.53 2.27 1 3.73 0.44 2.15 1.85 2.55 1.24 2.93 2.62 2.31 1 0.7 3.41 3.12 2.84 1.57 2.32 3.09 2.88 2.69 3.52 3.37 1.24 1.14 1.07 3.03 0.01 3.03 1.07 1.14 1.24 3.37 3.52 2.69 2.88 3.09 2.32 1.57 2.84 3.12 3.41 0.7 1 2.31 2.62 2.93 1.24 2.55 1.85 2.15 0.44 3.73 1 2.27 2.53 1.78 3.02 2.24 1.45 2.65 3.84 2.01 2.17 2.32 2.46 3.59 1.7 3.8 3.88 3.94 3.98 4 0 0 0 0 0 0 0 0 0 0 0 0 0 0 0 0 0 0 
0 0 0 0 0 0 0 0 0 0 0 0 0 0 0 0 0 4 3.98 3.94 3.88 3.8 1.7 3.59 3.46 2.31 2.15 1.98 3.8 3.6 0.38 3.16 1.92 3.67 3.4 0.11 1.82 2.52 2.21 3.89 3.56 2.22 3.88 3.53 0.17 1.82 2.47 2.12 3.78 2.44 3.11 2.79 1.48 0.19 2.93 3.69 3.47 2.27 2.1 2.96 3.85 3.77 3.72 2.7 3.72 3.77 3.85 2.96 2.1 2.27 3.47 3.69 2.93 0.19 1.48 2.79 3.11 2.44 3.78 2.12 2.47 1.82 0.17 3.53 3.88 2.22 3.56 3.89 2.21 2.52 1.82 0.11 3.4 3.67 1.92 3.16 0.38 3.6 3.8 1.98 2.15 2.31 3.46 3.59 1.7 3.8 3.88 3.94 3.98 4 0 0 0 0 0 0 0 0 0 0 0 0 0 0 0 0 0 
0 0 0 0 0 0 0 0 0 0 0 0 0 0 0 0 4 3.98 3.94 3.88 3.8 1.7 3.59 3.46 3.31 2.14 1.96 3.77 3.56 2.33 3.09 3.84 3.57 1.28 2.98 2.66 2.33 1.99 3.64 0.27 2.9 3.52 2.13 3.74 3.34 2.94 3.54 3.14 3.75 2.36 0.98 3.62 3.27 3.94 1.63 1.35 3.1 0.87 3.68 3.52 2.39 3.3 2.24 2.22 2.24 3.3 2.39 3.52 3.68 0.87 3.1 1.35 1.63 3.94 3.27 3.62 0.98 2.36 3.75 3.14 3.54 2.94 3.34 3.74 2.13 3.52 2.9 0.27 3.64 1.99 2.33 2.66 2.98 1.28 3.57 3.84 3.09 2.33 3.56 3.77 1.96 2.14 3.31 3.46 3.59 1.7 3.8 3.88 3.94 3.98 4 0 0 0 0 0 0 0 0 0 0 0 0 0 0 0 0 
0 0 0 0 0 0 0 0 0 0 0 0 0 0 0 4 3.98 3.94 3.88 3.8 1.7 3.59 3.46 3.31 3.14 1.95 3.75 3.53 2.29 1.03 0.76 2.48 3.18 3.86 3.52 2.16 1.79 3.41 2.01 3.6 0.17 1.74 1.3 2.86 2.41 3.96 2.5 0.04 3.6 3.16 3.73 2.31 2.91 1.53 2.18 2.86 2.57 3.31 0.08 2.9 0.75 3.65 1.58 2.56 1.58 3.65 0.75 2.9 0.08 3.31 2.57 2.86 2.18 1.53 2.91 2.31 3.73 3.16 3.6 0.04 2.5 3.96 2.41 2.86 1.3 1.74 0.17 3.6 2.01 3.41 1.79 2.16 3.52 3.86 3.18 2.48 0.76 1.03 2.29 3.53 3.75 1.95 3.14 3.31 3.46 3.59 1.7 3.8 3.88 3.94 3.98 4 0 0 0 0 0 0 0 0 0 0 0 0 0 0 0 
0 0 0 0 0 0 0 0 0 0 0 0 0 0 4 3.98 3.94 3.88 3.8 1.7 3.59 3.46 3.31 3.14 3.95 3.74 3.51 1.26 4 1.71 3.41 3.09 2.75 2.39 2.01 1.61 3.2 3.77 2.32 3.86 3.38 2.89 1.39 2.89 2.38 3.87 3.35 2.83 2.32 2.82 3.33 2.85 1.39 1.96 2.56 2.19 3.86 2.56 2.3 3.09 1.92 2.8 0.72 3.7 0.72 2.8 1.92 3.09 2.3 2.56 3.86 2.19 2.56 1.96 1.39 2.85 3.33 2.82 2.32 2.83 3.35 3.87 2.38 2.89 1.39 2.89 3.38 3.86 2.32 3.77 3.2 1.61 2.01 2.39 2.75 3.09 3.41 1.71 4 1.26 3.51 3.74 3.95 3.14 3.31 3.46 3.59 1.7 3.8 3.88 3.94 3.98 4 0 0 0 0 0 0 0 0 0 0 0 0 0 0 
0 0 0 0 0 0 0 0 0 0 0 0 0 4 3.98 3.94 2.88 2.8 1.7 3.59 3.46 3.31 3.14 3.95 0.73 3.5 0.24 2.97 3.68 2.36 2.02 1.66 1.28 1.88 3.46 1.01 3.55 1.06 2.56 3.04 1.5 1.95 3.39 3.82 2.24 3.66 3.07 2.48 2.9 3.33 3.77 1.22 2.7 3.21 3.75 1.32 2.94 3.6 1.3 3.06 3.87 3.73 2.64 2.61 2.64 3.73 3.87 3.06 1.3 3.6 2.94 1.32 3.75 3.21 2.7 1.22 3.77 3.33 2.9 2.48 3.07 3.66 2.24 3.82 3.39 1.95 1.5 3.04 2.56 1.06 3.55 1.01 3.46 1.88 1.28 1.66 2.02 2.36 3.68 2.97 0.24 3.5 0.73 3.95 3.14 3.31 3.46 3.59 1.7 2.8 2.88 3.94 3.98 4 0 0 0 0 0 0 0 0 0 0 0 0 0 
0 0 0 0 0 0 0 0 0 0 0 0 4 2.98 2.94 0.88 3.81 2.71 1.59 2.46 2.31 2.14 1.95 3.74 3.5 2.24 3.96 0.65 3.33 3.98 2.6 2.2 3.78 2.33 3.86 3.36 3.84 1.29 3.73 1.14 3.54 3.92 2.28 0.63 2.98 3.32 2.65 1.98 2.32 2.67 2.03 3.41 0.81 3.25 1.72 1.23 1.79 2.4 2.06 2.78 3.56 3.4 3.3 0.26 3.3 3.4 3.56 2.78 2.06 2.4 1.79 1.23 1.72 3.25 0.81 3.41 2.03 2.67 2.32 1.98 2.65 3.32 2.98 0.63 2.28 3.92 3.54 1.14 3.73 1.29 3.84 3.36 3.86 2.33 3.78 2.2 2.6 3.98 3.33 0.65 3.96 2.24 3.5 3.74 1.95 2.14 2.31 2.46 1.59 2.71 3.81 0.88 2.94 2.98 4 0 0 0 0 0 0 0 0 0 0 0 0 
0 0 0 0 0 0 0 0 0 0 0 3 0.98 3.95 0.89 2.82 3.73 2.61 1.47 2.32 2.15 1.96 3.75 3.51 0.24 3.96 3.65 3.31 3.95 3.56 2.14 3.7 3.23 3.73 3.2 1.64 3.06 2.45 3.82 3.16 3.48 2.78 2.06 3.33 3.59 3.84 3.08 2.32 3.57 3.83 3.1 2.39 3.71 1.06 3.46 3.9 2.39 2.94 3.55 2.22 0.96 2.78 3.67 3.63 3.67 2.78 0.96 2.22 3.55 2.94 2.39 3.9 3.46 1.06 3.71 2.39 3.1 3.83 3.57 2.32 3.08 3.84 3.59 3.33 2.06 2.78 3.48 3.16 3.82 2.45 3.06 1.64 3.2 3.73 3.23 3.7 2.14 3.56 3.95 3.31 3.65 3.96 0.24 3.51 3.75 1.96 2.15 2.32 1.47 2.61 3.73 2.82 0.89 3.95 0.98 3 0 0 0 0 0 0 0 0 0 0 0 
0 0 0 0 0 0 0 0 0 0 2 2.99 3.96 2.91 3.84 2.75 3.64 2.5 1.34 2.17 1.98 3.77 3.53 1.26 2.97 0.65 3.31 0.93 2.53 2.1 2.64 2.15 3.63 2.07 2.48 2.86 3.21 3.53 2.82 3.08 0.31 3.53 2.72 1.89 2.05 3.2 2.34 3.48 0.62 2.78 2.95 2.14 1.36 1.62 3.93 1.28 3.7 3.18 3.73 3.35 3.05 3.84 3.71 0.66 3.71 3.84 3.05 3.35 3.73 3.18 3.7 1.28 3.93 1.62 1.36 2.14 2.95 2.78 0.62 3.48 2.34 3.2 2.05 1.89 2.72 3.53 0.31 3.08 2.82 3.53 3.21 2.86 2.48 2.07 3.63 2.15 2.64 2.1 2.53 0.93 3.31 0.65 2.97 1.26 3.53 3.77 1.98 2.17 1.34 2.5 3.64 2.75 3.84 2.91 3.96 2.99 2 0 0 0 0 0 0 0 0 0 0 
0 0 0 0 0 0 0 0 0 1 0.99 3.97 0.92 3.86 0.77 3.67 3.54 2.38 1.2 2.01 3.8 3.56 2.29 4 3.68 3.33 3.95 2.53 0.08 3.61 2.1 3.56 3.98 3.36 1.7 3.01 1.28 1.52 2.73 1.9 1.04 3.16 3.25 1.31 3.36 0.39 3.42 1.44 3.47 3.51 1.56 3.64 3.75 2.9 3.1 0.35 2.68 3.08 3.56 3.12 0.77 3.53 2.38 3.33 2.38 3.53 0.77 3.12 3.56 3.08 2.68 0.35 3.1 2.9 3.75 3.64 1.56 3.51 3.47 1.44 3.42 0.39 3.36 1.31 3.25 3.16 1.04 1.9 2.73 1.52 1.28 3.01 1.7 3.36 3.98 3.56 2.1 3.61 0.08 2.53 3.95 3.33 3.68 4 2.29 3.56 3.8 2.01 1.2 2.38 3.54 3.67 0.77 3.86 0.92 3.97 0.99 1 0 0 0 0 0 0 0 0 0 
0 0 0 0 0 0 0 0 0 3 2.98 2.94 2.88 2.8 2.7 3.58 3.43 2.25 1.05 3.84 3.6 2.33 1.03 1.71 2.36 3.98 3.56 2.1 3.61 1.08 2.52 3.92 0.27 3.59 1.86 2.09 2.28 0.43 3.55 1.62 3.66 0.66 3.64 1.58 0.5 3.41 1.3 3.19 1.08 3.99 3.91 1.85 1.83 3.86 3.94 3.08 3.3 1.6 4 1.49 1.09 2.81 3.64 2.58 3.64 2.81 1.09 1.49 4 1.6 3.3 3.08 3.94 3.86 1.83 1.85 3.91 3.99 1.08 3.19 1.3 3.41 0.5 1.58 3.64 0.66 3.66 1.62 3.55 0.43 2.28 2.09 1.86 3.59 0.27 3.92 2.52 1.08 3.61 2.1 3.56 3.98 2.36 1.71 1.03 2.33 3.6 3.84 1.05 2.25 3.43 3.58 2.7 2.8 2.88 2.94 2.98 3 0 0 0 0 0 0 0 0 0 
0 0 0 0 0 0 0 0 1 2.99 3.96 0.9 3.83 0.73 3.62 3.48 3.31 2.11 1.89 2.65 0.38 3.09 0.76 3.41 2.02 2.6 2.14 2.64 2.1 2.52 3.9 2.23 3.52 0.76 3.96 1.1 1.2 3.26 3.27 2.23 2.15 2.03 2.88 2.69 2.47 3.23 2.97 0.7 2.44 2.19 3.96 3.75 3.58 3.46 3.4 2.41 3.51 1.7 1 3.42 2.96 3.63 3.43 2.36 3.43 3.63 2.96 3.42 1 1.7 3.51 2.41 3.4 3.46 3.58 3.75 3.96 2.19 2.44 0.7 2.97 3.23 2.47 2.69 2.88 2.03 2.15 2.23 3.27 3.26 1.2 1.1 3.96 0.76 3.52 2.23 3.9 2.52 2.1 2.64 2.14 2.6 2.02 3.41 0.76 3.09 0.38 2.65 1.89 2.11 3.31 3.48 3.62 0.73 3.83 0.9 3.96 2.99 1 0 0 0 0 0 0 0 0 
0 0 0 0 0 0 0 0 4 0.97 3.93 2.86 2.77 2.66 3.53 3.37 3.18 1.96 3.72 1.45 3.16 3.84 2.48 3.09 1.66 2.2 3.7 2.15 3.56 3.92 2.23 0.49 1.71 3.88 3.99 3.04 3.04 3.99 2.88 2.72 2.51 0.25 3.96 3.62 3.24 1.83 1.4 1.96 1.52 2.09 3.68 1.29 2.95 2.66 3.44 2.3 2.26 3.33 3.52 0.84 3.31 0.92 3.69 2.61 3.69 0.92 3.31 0.84 3.52 3.33 2.26 2.3 3.44 2.66 2.95 1.29 3.68 2.09 1.52 1.96 1.4 1.83 3.24 3.62 3.96 0.25 2.51 2.72 2.88 3.99 3.04 3.04 3.99 3.88 1.71 0.49 2.23 3.92 3.56 2.15 3.7 2.2 1.66 3.09 2.48 3.84 3.16 1.45 3.72 1.96 3.18 3.37 3.53 2.66 2.77 2.86 3.93 0.97 4 0 0 0 0 0 0 0 0 
0 0 0 0 0 0 0 1 3.99 2.95 2.89 3.81 0.7 3.58 3.43 3.25 3.04 2.8 0.53 2.24 1.92 3.57 3.18 2.75 1.28 3.78 3.23 3.63 3.98 0.27 3.52 1.71 2.85 3.93 1.94 1.89 1.78 3.61 0.37 3.08 3.73 3.32 2.86 3.35 1.79 3.2 3.58 1.94 3.3 1.66 2.04 2.45 3.91 1.42 1.01 2.7 3.5 2.42 1.48 3.7 3.08 3.63 0.35 2.26 0.35 3.63 3.08 3.7 1.48 2.42 3.5 2.7 1.01 1.42 3.91 2.45 2.04 1.66 3.3 1.94 3.58 3.2 1.79 3.35 2.86 3.32 3.73 3.08 0.37 3.61 1.78 1.89 1.94 3.93 2.85 1.71 3.52 0.27 3.98 3.63 3.23 3.78 1.28 2.75 3.18 3.57 1.92 2.24 0.53 2.8 3.04 3.25 3.43 3.58 0.7 3.81 2.89 2.95 3.99 1 0 0 0 0 0 0 0 
0 0 0 0 0 0 0 4 1.97 3.92 0.84 3.75 2.63 3.49 3.32 3.12 2.89 3.63 3.34 3.02 3.67 1.28 3.86 2.39 1.88 2.33 3.73 2.07 3.36 3.59 0.76 3.88 3.93 2.91 2.82 2.66 3.43 0.12 3.75 0.3 1.79 1.21 2.57 3.87 2.11 3.31 2.47 2.61 2.74 3.87 3.01 1.18 3.41 3.7 2.07 1.55 2.16 1.91 1.82 1.91 2.19 3.67 3.35 2.24 3.35 3.67 2.19 1.91 1.82 1.91 2.16 1.55 2.07 3.7 3.41 1.18 3.01 3.87 2.74 2.61 2.47 3.31 2.11 3.87 2.57 1.21 1.79 0.3 3.75 0.12 3.43 2.66 2.82 2.91 3.93 3.88 0.76 3.59 3.36 2.07 3.73 2.33 1.88 2.39 3.86 1.28 3.67 3.02 3.34 3.63 2.89 3.12 3.32 3.49 2.63 3.75 0.84 3.92 1.97 4 0 0 0 0 0 0 0 
0 0 0 0 0 0 1 3.99 3.95 1.88 2.79 1.68 3.55 3.39 3.2 2.98 3.73 0.44 3.13 1.78 3.4 2.98 3.52 2.01 3.46 3.86 3.2 2.48 1.7 1.86 3.96 3.99 1.94 2.82 2.62 2.34 3.98 3.53 3 3.39 3.7 3.93 3.08 2.16 3.18 3.14 1.05 2.94 3.81 3.67 3.54 2.44 3.4 3.43 2.55 1.79 3.18 3.73 1.46 2.4 3.56 2.95 3.58 1.45 3.58 2.95 3.56 2.4 1.46 3.73 3.18 1.79 2.55 3.43 3.4 2.44 3.54 3.67 3.81 2.94 1.05 3.14 3.18 2.16 3.08 3.93 3.7 3.39 3 3.53 3.98 2.34 2.62 2.82 1.94 3.99 3.96 1.86 1.7 2.48 3.2 3.86 3.46 2.01 3.52 2.98 3.4 1.78 3.13 0.44 3.73 2.98 3.2 3.39 3.55 1.68 2.79 1.88 3.95 3.99 1 0 0 0 0 0 0 
0 0 0 0 0 0 4 1.97 3.92 3.84 0.73 3.61 3.46 3.28 3.07 2.83 3.56 2.25 2.91 2.53 0.11 2.66 2.16 1.61 1.01 3.36 1.64 2.86 3.01 2.09 1.1 3.04 1.89 2.66 2.34 3.93 3.42 0.81 1.11 3.32 1.43 3.45 1.37 1.21 3.98 2.67 0.3 2.9 3.47 2.02 2.58 2.17 2.82 3.55 3.38 2.34 3.47 0.78 3.31 3.07 1.08 3.37 3.94 1.79 3.94 3.37 1.08 3.07 3.31 0.78 3.47 2.34 3.38 3.55 2.82 2.17 2.58 2.02 3.47 2.9 0.3 2.67 3.98 1.21 1.37 3.45 1.43 3.32 1.11 0.81 3.42 3.93 2.34 2.66 1.89 3.04 1.1 2.09 3.01 2.86 1.64 3.36 1.01 1.61 2.16 2.66 0.11 2.53 2.91 2.25 3.56 2.83 3.07 3.28 3.46 3.61 0.73 3.84 3.92 1.97 4 0 0 0 0 0 0 
0 0 0 0 0 1 3.99 3.95 1.88 3.79 2.67 3.53 3.36 2.16 1.93 1.67 3.38 3.05 2.68 2.27 1.82 2.33 1.79 3.2 3.55 3.84 3.06 3.21 1.28 2.28 1.2 3.04 1.78 3.43 3.98 3.42 0.75 3.98 2.09 0.09 3.99 2.77 2.44 2.01 2.49 1.88 3.2 0.46 3.69 2.89 2.09 1.32 1.61 2.99 3.48 0.11 2.94 3.98 3.26 3.81 2.65 0.81 3.31 3.14 3.31 0.81 2.65 3.81 3.26 3.98 2.94 0.11 3.48 2.99 1.61 1.32 2.09 2.89 3.69 0.46 3.2 1.88 2.49 2.01 2.44 2.77 3.99 0.09 2.09 3.98 0.75 3.42 3.98 3.43 1.78 3.04 1.2 2.28 1.28 3.21 3.06 3.84 3.55 3.2 1.79 2.33 1.82 2.27 2.68 3.05 3.38 1.67 1.93 2.16 3.36 3.53 2.67 3.79 1.88 3.95 3.99 1 0 0 0 0 0 
0 0 0 0 0 4 1.97 3.92 3.84 1.73 3.6 2.44 0.25 3.04 1.79 3.51 1.19 3.84 1.44 1 2.52 1.99 3.41 3.77 1.06 1.29 2.45 3.53 1.52 0.43 3.26 3.99 3.61 0.12 3.53 0.81 3.98 3.02 3.93 3.71 3.36 3.88 3.27 2.54 3.7 2.75 1.71 3.6 2.43 3.23 2.02 3.84 1.71 3.68 3.77 1.02 3.49 3.2 3.19 2.49 0.13 2.15 3.56 3.36 3.56 2.15 0.13 2.49 3.19 3.2 3.49 1.02 3.77 3.68 1.71 3.84 2.02 3.23 2.43 3.6 1.71 2.75 3.7 2.54 3.27 3.88 3.36 3.71 3.93 3.02 3.98 0.81 3.53 0.12 3.61 3.99 3.26 0.43 1.52 3.53 2.45 1.29 1.06 3.77 3.41 1.99 2.52 1 1.44 3.84 1.19 3.51 1.79 3.04 0.25 2.44 3.6 1.73 3.84 3.92 1.97 4 0 0 0 0 0 
0 0 0 0 1 2.99 2.95 0.88 2.79 3.67 1.52 3.35 3.15 3.92 3.65 1.34 2 1.62 3.2 3.73 2.21 3.64 2.01 2.32 2.56 3.73 3.82 2.82 2.73 3.55 3.27 2.88 0.37 3.75 3 1.11 2.09 3.93 0.61 3.15 1.53 1.76 1.84 3.78 3.58 3.25 3.81 3.27 0.65 1.99 1.31 2.65 2.04 3.53 1.15 2.96 2 1.32 2.97 2.98 3.39 1.23 2.53 0.29 2.53 1.23 3.39 2.98 2.97 1.32 2 2.96 1.15 3.53 2.04 2.65 1.31 1.99 0.65 3.27 3.81 3.25 3.58 3.78 1.84 1.76 1.53 3.15 0.61 3.93 2.09 1.11 3 3.75 0.37 2.88 3.27 3.55 2.73 2.82 3.82 3.73 2.56 2.32 2.01 3.64 2.21 3.73 3.2 1.62 2 1.34 3.65 3.92 3.15 3.35 1.52 3.67 2.79 0.88 2.95 2.99 1 0 0 0 0 
0 0 0 0 3 3.98 3.93 3.85 2.74 0.6 2.44 0.25 3.04 2.79 2.5 1.17 3.81 2.4 3.95 0.44 3.89 0.27 3.6 3.86 3.04 1.14 3.16 3.08 1.9 1.62 2.23 2.72 3.08 0.3 3.39 3.32 0.09 3.71 3.15 3.42 3.51 3.42 2.15 0.71 2.11 0.35 3.46 3.44 3.32 2.13 3.91 2.69 2.52 2.45 3.53 2.81 2.35 1.21 2.45 2.11 2.24 3.88 3.05 2.77 3.05 3.88 2.24 2.11 2.45 1.21 2.35 2.81 3.53 2.45 2.52 2.69 3.91 2.13 3.32 3.44 3.46 0.35 2.11 0.71 2.15 3.42 3.51 3.42 3.15 3.71 0.09 3.32 3.39 0.3 3.08 2.72 2.23 1.62 1.9 3.08 3.16 1.14 3.04 3.86 3.6 0.27 3.89 0.44 3.95 2.4 3.81 1.17 2.5 2.79 3.04 0.25 2.44 0.6 2.74 3.85 3.93 3.98 3 0 0 0 0 
0 0 0 1 1.99 3.96 3.9 3.81 3.69 3.54 1.36 3.16 3.93 3.66 3.35 3 3.61 1.17 3.69 2.15 3.56 2.9 0.17 3.38 1.5 3.54 3.48 0.31 1.04 3.66 2.15 2.51 3.73 1.79 3.7 1.43 3.99 3.36 1.53 3.51 3.28 3.84 2.19 3.34 3.29 3.05 3.64 2.07 3.38 3.59 2.74 2.88 2.06 2.34 3.78 3.44 1.39 2.71 3.46 3.7 2.49 2.88 3.9 3.57 3.9 2.88 2.49 3.7 3.46 2.71 1.39 3.44 3.78 2.34 2.06 2.88 2.74 3.59 3.38 2.07 3.64 3.05 3.29 3.34 2.19 3.84 3.28 3.51 1.53 3.36 3.99 1.43 3.7 1.79 3.73 2.51 2.15 3.66 1.04 0.31 3.48 3.54 1.5 3.38 0.17 2.9 3.56 2.15 3.69 1.17 3.61 3 3.35 3.66 3.93 3.16 1.36 3.54 3.69 3.81 3.9 3.96 1.99 1 0 0 0 
0 0 0 2 2.98 0.93 2.86 2.76 3.63 3.47 3.28 2.06 2.81 2.52 2.19 2.82 0.4 2.94 0.42 1.85 2.22 3.52 1.74 2.89 1.95 3.92 2.78 3.53 3.16 0.66 2.03 0.25 3.32 1.21 3.93 3.45 2.77 3.88 1.76 3.42 3.84 0.01 3.95 3.64 3.09 2.31 3.32 0.13 3.79 2.31 0.74 1.14 2.57 3.09 0.77 1.7 2.96 3.63 3.79 0.52 3.91 4 1.83 3.44 1.83 4 3.91 0.52 3.79 3.63 2.96 1.7 0.77 3.09 2.57 1.14 0.74 2.31 3.79 0.13 3.32 2.31 3.09 3.64 3.95 0.01 3.84 3.42 1.76 3.88 2.77 3.45 3.93 1.21 3.32 0.25 2.03 0.66 3.16 3.53 2.78 3.92 1.95 2.89 1.74 3.52 2.22 1.85 0.42 2.94 0.4 2.82 2.19 2.52 2.81 2.06 3.28 3.47 3.63 2.76 2.86 0.93 2.98 2 0 0 0 
0 0 0 4 3.97 3.91 1.82 3.71 0.56 2.39 2.19 3.96 2.69 2.38 2.03 3.64 3.2 3.71 3.16 2.55 3.88 2.13 1.3 1.39 3.39 2.28 2.06 2.72 3.25 3.64 2.88 3.96 2.86 2.57 3.08 1.37 2.44 3.27 1.84 2.15 2.19 3.95 3.42 2.6 3.5 3.12 2.48 2.6 1.51 3.25 3.86 1.4 1.95 1.58 3.38 2.44 3.87 3.76 0.21 2.34 1.23 3.96 3.57 2.1 3.57 3.96 1.23 2.34 0.21 3.76 3.87 2.44 3.38 1.58 1.95 1.4 3.86 3.25 1.51 2.6 2.48 3.12 3.5 2.6 3.42 3.95 2.19 2.15 1.84 3.27 2.44 1.37 3.08 2.57 2.86 3.96 2.88 3.64 3.25 2.72 2.06 2.28 3.39 1.39 1.3 2.13 3.88 2.55 3.16 3.71 3.2 3.64 2.03 2.38 2.69 3.96 2.19 2.39 0.56 3.71 1.82 3.91 3.97 4 0 0 0 
0 0 1 2.99 2.95 2.88 1.78 3.66 2.5 0.31 3.1 0.85 3.57 2.24 2.87 0.45 2.99 2.47 3.89 1.24 3.53 3.74 2.86 2.89 3.82 0.63 3.33 1.89 1.31 1.58 2.69 3.62 3.35 3.87 2.16 1.21 2.01 2.54 3.78 0.71 3.34 3.64 2.6 1.22 3.51 1.46 3.1 3.44 3.51 3.35 1.01 2.57 3.1 3.69 2.44 1.47 3.91 3.87 3.48 1.87 2.16 2.44 3.78 3.22 3.78 2.44 2.16 1.87 3.48 3.87 3.91 1.47 2.44 3.69 3.1 2.57 1.01 3.35 3.51 3.44 3.1 1.46 3.51 1.22 2.6 3.64 3.34 0.71 3.78 2.54 2.01 1.21 2.16 3.87 3.35 3.62 2.69 1.58 1.31 1.89 3.33 0.63 3.82 2.89 2.86 3.74 3.53 1.24 3.89 2.47 2.99 0.45 2.87 2.24 3.57 0.85 3.1 0.31 2.5 3.66 1.78 2.88 2.95 2.99 1 0 0 
0 0 2 2.98 2.93 2.85 1.74 3.61 2.44 2.24 1.01 2.75 3.45 2.1 2.71 2.27 2.78 3.23 0.61 2.93 0.17 3.34 2.41 2.38 2.24 2.98 3.59 2.05 3.36 0.5 2.47 3.24 1.79 2.11 3.18 3.98 2.49 3.7 3.58 2.11 3.29 3.09 3.5 3.51 3.12 1.33 2.16 2.62 3.74 2.56 2.14 3.56 2.9 3.27 3.79 3.6 3.85 3.69 3.28 1.78 3.34 2.07 1.07 3.4 1.07 2.07 3.34 1.78 3.28 3.69 3.85 3.6 3.79 3.27 2.9 3.56 2.14 2.56 3.74 2.62 2.16 1.33 3.12 3.51 3.5 3.09 3.29 2.11 3.58 3.7 2.49 3.98 3.18 2.11 1.79 3.24 2.47 0.5 3.36 2.05 3.59 2.98 2.24 2.38 2.41 3.34 0.17 2.93 0.61 3.23 2.78 2.27 2.71 2.1 3.45 2.75 1.01 2.24 2.44 3.61 1.74 2.85 2.93 2.98 2 0 0 
0 0 4 3.97 3.91 3.82 1.7 3.56 2.38 2.17 3.93 2.65 3.33 0.96 2.55 3.09 2.57 2.99 2.34 2.62 1.82 2.94 3.96 3.87 3.66 3.32 3.84 3.2 0.39 3.41 3.23 1.83 3.2 3.31 3.14 2.67 1.88 2.75 3.25 0.35 3.05 2.31 3.12 1.46 1.33 2.73 3.66 3.13 0.17 3.84 3.18 3.28 3.24 3.18 1.24 2.6 3.43 3.92 2.27 3.69 2.35 1.41 4 0.18 4 1.41 2.35 3.69 2.27 3.92 3.43 2.6 1.24 3.18 3.24 3.28 3.18 3.84 0.17 3.13 3.66 2.73 1.33 1.46 3.12 2.31 3.05 0.35 3.25 2.75 1.88 2.67 3.14 3.31 3.2 1.83 3.23 3.41 0.39 3.2 3.84 3.32 3.66 3.87 3.96 2.94 1.82 2.62 2.34 2.99 2.57 3.09 2.55 0.96 3.33 2.65 3.93 2.17 2.38 3.56 1.7 3.82 3.91 3.97 4 0 0 
0 1 2.99 2.95 2.88 0.78 2.66 3.51 2.32 3.1 0.84 3.55 1.21 3.83 0.39 3.91 1.36 1.75 3.07 2.31 2.47 3.54 2.5 3.35 3.07 2.65 3.08 2.34 3.42 1.3 2.97 1.4 3.58 2.47 1.05 0.3 3.2 1.71 3.81 3.46 3.64 3.32 2.48 3.1 2.16 3.66 3.59 2.96 3.8 3.15 2.07 0.65 2.01 3.28 0.62 3.25 3.37 1.22 0.06 2.15 3.71 2.94 2.01 2.02 2.01 2.94 3.71 2.15 0.06 1.22 3.37 3.25 0.62 3.28 2.01 0.65 2.07 3.15 3.8 2.96 3.59 3.66 2.16 3.1 2.48 3.32 3.64 3.46 3.81 1.71 3.2 0.3 1.05 2.47 3.58 1.4 2.97 1.3 3.42 2.34 3.08 2.65 3.07 3.35 2.5 3.54 2.47 2.31 3.07 1.75 1.36 3.91 0.39 3.83 1.21 3.55 0.84 3.1 2.32 3.51 2.66 0.78 2.88 2.95 2.99 1 0 
0 2 2.98 2.93 0.85 2.75 2.62 3.46 2.26 3.03 2.76 2.45 3.1 3.7 2.24 2.73 3.16 3.52 1.8 1 2.12 3.14 0.04 2.83 2.48 1.98 2.32 3.48 1.44 3.19 0.7 1.96 1.94 2.61 2.94 2.9 0.46 3.6 3.27 3.44 2.07 0.13 2.6 3.44 2.62 3.13 2.96 3.11 3.6 3.47 3.78 2.62 3.12 3.43 1.74 3.3 1.36 3.23 2.22 3.66 2.84 0.03 2.46 1.25 2.46 0.03 2.84 3.66 2.22 3.23 1.36 3.3 1.74 3.43 3.12 2.62 3.78 3.47 3.6 3.11 2.96 3.13 2.62 3.44 2.6 0.13 2.07 3.44 3.27 3.6 0.46 2.9 2.94 2.61 1.94 1.96 0.7 3.19 1.44 3.48 2.32 1.98 2.48 2.83 0.04 3.14 2.12 1 1.8 3.52 3.16 2.73 2.24 3.7 3.1 2.45 2.76 3.03 2.26 3.46 2.62 2.75 0.85 2.93 2.98 2 0 
0 4 2.97 0.91 2.83 2.72 2.58 3.41 2.2 2.96 3.68 0.35 3.99 3.57 3.09 0.55 3.96 3.29 3.54 0.7 3.78 3.75 3.6 2.32 2.9 2.32 3.57 0.62 3.47 1.08 2.44 1.52 3.3 2.74 3.81 3.47 3.69 2.43 0.65 3.32 3.38 3.79 1.51 3.51 3.74 0.17 3.8 3.6 0.58 3.79 3.27 3.12 3.47 3.49 1.4 3.49 3.07 1.51 2.22 3.61 3.07 2.96 3.57 1.08 3.57 2.96 3.07 3.61 2.22 1.51 3.07 3.49 1.4 3.49 3.47 3.12 3.27 3.79 0.58 3.6 3.8 0.17 3.74 3.51 1.51 3.79 3.38 3.32 0.65 2.43 3.69 3.47 3.81 2.74 3.3 1.52 2.44 1.08 3.47 0.62 3.57 2.32 2.9 2.32 3.6 3.75 3.78 0.7 3.54 3.29 3.96 0.55 3.09 3.57 3.99 0.35 3.68 2.96 2.2 3.41 2.58 2.72 2.83 0.91 2.97 4 0 
1 0.99 2.96 3.9 3.81 2.69 2.54 3.36 1.14 1.89 3.6 2.26 3.88 3.44 2.94 2.38 3.76 3.06 3.28 3.41 2.44 2.36 3.16 2.82 3.33 2.67 3.83 2.78 3.51 3.99 2.19 2.09 1.66 3.87 3.67 2.02 2.89 3.23 1.99 2.13 3.59 2.31 3.25 3.35 2.56 3.84 3.15 3.47 3.79 3.13 0.54 3.12 2.99 3.34 3.42 1.55 3.13 0.6 1.48 1.3 3.59 3.82 1.38 3.54 1.38 3.82 3.59 1.3 1.48 0.6 3.13 1.55 3.42 3.34 2.99 3.12 0.54 3.13 3.79 3.47 3.15 3.84 2.56 3.35 3.25 2.31 3.59 2.13 1.99 3.23 2.89 2.02 3.67 3.87 1.66 2.09 2.19 3.99 3.51 2.78 3.83 2.67 3.33 2.82 3.16 2.36 2.44 3.41 3.28 3.06 3.76 2.38 2.94 3.44 3.88 2.26 3.6 1.89 1.14 3.36 2.54 2.69 3.81 3.9 2.96 0.99 1 
1 3.99 2.95 2.88 0.78 3.66 2.5 1.31 3.09 3.83 1.52 3.17 3.77 3.31 1.79 2.21 2.56 0.83 1.02 3.12 3.11 0.98 3.73 3.33 3.77 2.03 3.1 2.95 1.56 3.91 3.96 3.68 2.04 3.01 3.54 2.58 2.09 2.02 1.31 3.91 2.74 0.74 3.86 1.01 2.14 3.18 2.07 3.78 3.27 0.54 3.64 1.63 2.65 1.89 2.63 0.23 1.17 4 2.35 2.93 3.44 3.53 3.74 1.43 3.74 3.53 3.44 2.93 2.35 4 1.17 0.23 2.63 1.89 2.65 1.63 3.64 0.54 3.27 3.78 2.07 3.18 2.14 1.01 3.86 0.74 2.74 3.91 1.31 2.02 2.09 2.58 3.54 3.01 2.04 3.68 3.96 3.91 1.56 2.95 3.1 2.03 3.77 3.33 3.73 0.98 3.11 3.12 1.02 0.83 2.56 2.21 1.79 3.31 3.77 3.17 1.52 3.83 3.09 1.31 2.5 3.66 0.78 2.88 2.95 3.99 1 
2 0.98 3.94 0.86 2.76 3.63 0.46 3.27 3.04 3.77 3.45 2.08 2.66 0.18 2.65 3.05 0.37 2.62 2.78 2.84 2.79 3.62 2.31 2.85 1.22 3.41 2.39 2.14 3.64 1.85 3.75 1.29 2.45 1.18 2.44 2.17 1.32 3.84 2.65 2.69 2.88 1.14 1.4 2.57 3.56 3.28 0.65 2.62 3.12 3.12 1.63 2.71 2.47 3.11 2.92 2.31 3.83 3.15 1.08 2.54 3.47 3.77 2.2 1.28 2.2 3.77 3.47 2.54 1.08 3.15 3.83 2.31 2.92 3.11 2.47 2.71 1.63 3.12 3.12 2.62 0.65 3.28 3.56 2.57 1.4 1.14 2.88 2.69 2.65 3.84 1.32 2.17 2.44 1.18 2.45 1.29 3.75 1.85 3.64 2.14 2.39 3.41 1.22 2.85 2.31 3.62 2.79 2.84 2.78 2.62 0.37 3.05 2.65 0.18 2.66 2.08 3.45 3.77 3.04 3.27 0.46 3.63 2.76 0.86 3.94 0.98 2 
2 2.98 2.93 2.85 2.74 1.6 2.43 3.23 2.99 3.71 3.38 4 1.56 3.07 3.52 3.9 3.2 2.42 3.55 1.57 1.48 3.27 2.91 1.39 2.7 0.81 3.71 1.36 3.75 1.83 3.58 2.95 3.91 3.41 3.4 2.82 1.61 1.71 2.04 2.52 2.06 2.57 1.95 3.1 2.9 3.24 2.01 3.12 3.47 2.99 2.65 2.47 0.53 2.02 3.23 3.6 2.75 1.5 2.87 2.04 3.3 2.91 3.97 3.23 3.97 2.91 3.3 2.04 2.87 1.5 2.75 3.6 3.23 2.02 0.53 2.47 2.65 2.99 3.47 3.12 2.01 3.24 2.9 3.1 1.95 2.57 2.06 2.52 2.04 1.71 1.61 2.82 3.4 3.41 3.91 2.95 3.58 1.83 3.75 1.36 3.71 0.81 2.7 1.39 2.91 3.27 1.48 1.57 3.55 2.42 3.2 3.9 3.52 3.07 1.56 4 3.38 3.71 2.99 3.23 2.43 1.6 2.74 2.85 2.93 2.98 2 
2 3.98 0.92 3.84 0.72 3.58 2.4 3.19 2.94 3.65 3.31 3.92 3.47 1.96 2.39 2.75 1.03 3.23 3.33 2.32 0.19 3.94 1.53 1.96 3.21 3.25 1.06 1.62 2.9 3.86 3.46 2.66 1.42 3.7 3.43 3.55 2.99 3.68 3.53 2.45 2.34 3.09 1.58 3.69 3.27 3.18 3.28 3.43 3.49 3.34 1.89 3.11 2.02 0.76 1.61 3.02 1.67 3.53 2.85 3.18 3.27 3.92 3.74 1.87 3.74 3.92 3.27 3.18 2.85 3.53 1.67 3.02 1.61 0.76 2.02 3.11 1.89 3.34 3.49 3.43 3.28 3.18 3.27 3.69 1.58 3.09 2.34 2.45 3.53 3.68 2.99 3.55 3.43 3.7 1.42 2.66 3.46 3.86 2.9 1.62 1.06 3.25 3.21 1.96 1.53 3.94 0.19 2.32 3.33 3.23 1.03 2.75 2.39 1.96 3.47 3.92 3.31 3.65 2.94 3.19 2.4 3.58 0.72 3.84 0.92 3.98 2 
2 3.98 2.92 2.83 2.71 3.56 2.37 3.15 2.89 3.59 3.24 3.84 3.38 3.86 2.27 0.61 3.88 2.05 0.12 3.09 2.93 1.63 2.18 2.56 3.75 1.72 3.46 3.93 3.1 3.94 3.4 3.44 1.01 2.07 2.55 3.38 3.48 3.77 1.15 3.53 3.78 0.77 3.38 2.44 3.79 1.24 0.62 1.74 1.4 3.42 2.63 2.92 3.23 1.61 2.28 1.66 3.47 2.79 1.15 1.55 2.38 3.23 2.53 0.07 2.53 3.23 2.38 1.55 1.15 2.79 3.47 1.66 2.28 1.61 3.23 2.92 2.63 3.42 1.4 1.74 0.62 1.24 3.79 2.44 3.38 0.77 3.78 3.53 1.15 3.77 3.48 3.38 2.55 2.07 1.01 3.44 3.4 3.94 3.1 3.93 3.46 1.72 3.75 2.56 2.18 1.63 2.93 3.09 0.12 2.05 3.88 0.61 2.27 3.86 3.38 3.84 3.24 3.59 2.89 3.15 2.37 3.56 2.71 2.83 2.92 3.98 2 
2 3.98 3.92 0.82 3.7 3.54 1.34 2.11 1.84 2.53 2.17 2.76 2.29 2.76 2.16 2.49 3.74 1.89 1.94 2.88 3.69 1.35 2.86 2.19 1.32 1.23 3.9 1.28 0.35 3.08 2.41 2.3 2.7 1.55 1.79 2.34 0.11 1.02 2.96 2.81 3.44 1.7 2.44 1.47 3.6 2.6 3.25 3.3 3.49 1.55 0.23 2.31 3.6 3.02 1.66 2.85 3.26 2.05 2.01 1.66 3.26 3.58 1.39 1.62 1.39 3.58 3.26 1.66 2.01 2.05 3.26 2.85 1.66 3.02 3.6 2.31 0.23 1.55 3.49 3.3 3.25 2.6 3.6 1.47 2.44 1.7 3.44 2.81 2.96 1.02 0.11 2.34 1.79 1.55 2.7 2.3 2.41 3.08 0.35 1.28 3.9 1.23 1.32 2.19 2.86 1.35 3.69 2.88 1.94 1.89 3.74 2.49 2.16 2.76 2.29 2.76 2.17 2.53 1.84 2.11 1.34 3.54 3.7 0.82 3.92 3.98 2 
2 3.98 3.92 2.82 3.69 1.52 3.32 3.08 1.8 2.48 2.11 2.69 2.21 1.67 1.06 3.38 1.61 3.75 3.78 2.69 3.47 3.1 2.57 3.86 2.94 1.79 2.39 3.7 2.68 3.3 3.51 2.26 3.5 2.16 3.18 3.47 2.94 3.49 2 2.35 1.39 2.96 3.87 3.91 3.85 3.43 3.37 1.36 3.07 3.13 1.17 3.83 2.75 1.67 3.47 3.26 0.55 3.46 3.93 2.03 2.13 3.76 1.92 3.63 1.92 3.76 2.13 2.03 3.93 3.46 0.55 3.26 3.47 1.67 2.75 3.83 1.17 3.13 3.07 1.36 3.37 3.43 3.85 3.91 3.87 2.96 1.39 2.35 2 3.49 2.94 3.47 3.18 2.16 3.5 2.26 3.51 3.3 2.68 3.7 2.39 1.79 2.94 3.86 2.57 3.1 3.47 2.69 3.78 3.75 1.61 3.38 1.06 1.67 2.21 2.69 2.11 2.48 1.8 3.08 3.32 1.52 3.69 2.82 3.92 3.98 2 
2 3.98 3.92 3.82 1.68 3.51 3.3 1.05 3.77 2.44 2.06 2.63 0.14 3.6 2.98 1.28 3.5 3.62 2.63 3.52 2.27 0.87 3.31 2.56 3.6 2.4 2.94 3.18 3.08 1.6 1.7 3.33 2.42 1.91 3.73 0.78 3.98 3.2 1.32 1.21 2.71 3.63 3.76 3.87 3.69 3.92 1.22 3.23 1.51 0.6 4 3.15 1.5 3.53 2.79 2.05 3.46 2.82 2.01 2.51 2.94 3.34 2.5 3.52 2.5 3.34 2.94 2.51 2.01 2.82 3.46 2.05 2.79 3.53 1.5 3.15 4 0.6 1.51 3.23 1.22 3.92 3.69 3.87 3.76 3.63 2.71 1.21 1.32 3.2 3.98 0.78 3.73 1.91 2.42 3.33 1.7 1.6 3.08 3.18 2.94 2.4 3.6 2.56 3.31 0.87 2.27 3.52 2.63 3.62 3.5 1.28 2.98 3.6 0.14 2.63 2.06 2.44 3.77 1.05 3.3 3.51 1.68 3.82 3.92 3.98 2 
2 3.98 3.92 3.82 3.68 2.5 0.28 2.03 0.74 3.41 1.02 0.58 2.09 3.54 2.91 3.2 2.4 0.5 3.5 3.37 2.1 3.68 0.08 2.3 1.3 2.06 3.55 3.73 3.56 4 1 3.52 1.48 1.82 1.46 3.31 3.26 3.19 2.97 2.45 3.46 3.79 0.21 3.48 3.28 2.27 0.06 2.22 2.22 1.48 2.35 1.08 2.87 2.85 1.15 2.01 3.93 2.01 0.55 3.92 2.78 0.43 3 1.04 3 0.43 2.78 3.92 0.55 2.01 3.93 2.01 1.15 2.85 2.87 1.08 2.35 1.48 2.22 2.22 0.06 2.27 3.28 3.48 0.21 3.79 3.46 2.45 2.97 3.19 3.26 3.31 1.46 1.82 1.48 3.52 1 4 3.56 3.73 3.55 2.06 1.3 2.3 0.08 3.68 2.1 3.37 3.5 0.5 2.4 3.2 2.91 3.54 2.09 0.58 1.02 3.41 0.74 2.03 0.28 2.5 3.68 3.82 3.92 3.98 2 
2 3.98 3.92 3.82 3.68 3.5 3.28 1.02 3.73 3.39 4 1.55 2.05 3.49 2.85 3.13 3.32 3.41 3.39 1.24 2.96 3.52 2.9 3.09 3.06 2.78 2.22 3.35 3.12 1.49 3.42 0.84 3.7 1.91 2.4 3.07 3.81 2.49 2.98 2.11 3.7 0.52 2.34 1.87 1.78 3.69 2.15 3.66 3.61 1.3 2.93 2.54 2.04 3.18 1.55 1.66 2.03 2.51 3.92 2.29 2.13 3.89 3.55 1.9 3.55 3.89 2.13 2.29 3.92 2.51 2.03 1.66 1.55 3.18 2.04 2.54 2.93 1.3 3.61 3.66 2.15 3.69 1.78 1.87 2.34 0.52 3.7 2.11 2.98 2.49 3.81 3.07 2.4 1.91 3.7 0.84 3.42 1.49 3.12 3.35 2.22 2.78 3.06 3.09 2.9 3.52 2.96 1.24 3.39 3.41 3.32 3.13 2.85 3.49 2.05 1.55 4 3.39 3.73 1.02 3.28 3.5 3.68 3.82 3.92 3.98 2 
2 3.98 3.92 3.82 3.68 3.5 3.28 3.02 2.72 0.37 2.98 3.53 2.02 3.45 1.8 2.07 2.25 1.33 2.3 1.14 3.85 2.39 0.75 1.92 3.87 3.56 0.96 3.05 0.77 1.09 2.96 3.31 3.08 2.19 3.56 1.08 2.65 0.13 3.39 2.24 2.49 3.91 1.23 2.16 3.34 2.35 3.71 2.84 3.07 3.59 3.44 3.47 3.3 3.27 2.38 3.26 2.13 2.94 2.78 2.13 2.91 3.27 2.06 1.65 2.06 3.27 2.91 2.13 2.78 2.94 2.13 3.26 2.38 3.27 3.3 3.47 3.44 3.59 3.07 2.84 3.71 2.35 3.34 2.16 1.23 3.91 2.49 2.24 3.39 0.13 2.65 1.08 3.56 2.19 3.08 3.31 2.96 1.09 0.77 3.05 0.96 3.56 3.87 1.92 0.75 2.39 3.85 1.14 2.3 1.33 2.25 2.07 1.8 3.45 2.02 3.53 2.98 0.37 2.72 3.02 3.28 3.5 3.68 3.82 3.92 3.98 2 
2 3.98 3.92 3.82 3.68 3.5 3.28 3.02 3.72 3.37 2.97 0.51 3 2.42 3.77 2.03 0.2 3.28 3.24 1.07 3.77 3.3 3.65 2.8 3.73 3.4 2.78 3.84 3.53 2.81 3.63 0.92 3.63 3.67 2.95 3.37 0.81 2.15 1.23 3.88 2.88 4 3.96 2.44 2.07 1.41 2.94 0.03 2.96 3.82 3.53 3.77 2.91 3.92 3.23 3.58 3.76 3.34 0.43 3.89 3.27 0.11 2.7 3.58 2.7 0.11 3.27 3.89 0.43 3.34 3.76 3.58 3.23 3.92 2.91 3.77 3.53 3.82 2.96 0.03 2.94 1.41 2.07 2.44 3.96 4 2.88 3.88 1.23 2.15 0.81 3.37 2.95 3.67 3.63 0.92 3.63 2.81 3.53 3.84 2.78 3.4 3.73 2.8 3.65 3.3 3.77 1.07 3.24 3.28 0.2 2.03 3.77 2.42 3 0.51 2.97 3.37 3.72 3.02 3.28 3.5 3.68 3.82 3.92 3.98 2 
2 3.98 3.92 3.82 3.68 3.5 3.28 3.02 3.72 3.37 3.97 3.51 2.99 0.4 3.75 3.01 3.18 3.25 1.2 3.03 3.72 2.24 1.58 0.72 2.64 3.3 3.67 3.71 2.38 3.64 3.43 3.69 0.35 3.35 3.58 3.94 3.31 3.56 2.53 3.05 3.9 1.83 3.57 3.78 1.07 4 2.01 2.46 3.57 1.38 3.74 2.2 3.97 3.74 2.53 1.39 1.92 2.5 3 3.55 2.06 2.7 3.99 1.97 3.99 2.7 2.06 3.55 3 2.5 1.92 1.39 2.53 3.74 3.97 2.2 3.74 1.38 3.57 2.46 2.01 4 1.07 3.78 3.57 1.83 3.9 3.05 2.53 3.56 3.31 3.94 3.58 3.35 0.35 3.69 3.43 3.64 2.38 3.71 3.67 3.3 2.64 0.72 1.58 2.24 3.72 3.03 1.2 3.25 3.18 3.01 3.75 0.4 2.99 3.51 3.97 3.37 3.72 3.02 3.28 3.5 3.68 3.82 3.92 3.98 2 
2 3.98 3.92 3.82 3.68 3.5 3.28 3.02 3.72 3.37 3.97 3.51 3.99 3.4 1.74 2 2.17 3.24 3.19 0.01 2.7 2.22 2.56 3.7 2.61 0.26 3.63 0.66 3.33 2.58 2.36 2.61 2.26 2.24 1.45 1.79 3.14 3.36 0.29 2.77 3.57 3.44 2.1 3.22 3.4 0.18 2.02 1.25 1.08 3.54 1.43 1.28 3.23 1.87 0.07 1.62 3.63 3.52 1.04 1.9 1.65 3.58 1.97 3.01 1.97 3.58 1.65 1.9 1.04 3.52 3.63 1.62 0.07 1.87 3.23 1.28 1.43 3.54 1.08 1.25 2.02 0.18 3.4 3.22 2.1 3.44 3.57 2.77 0.29 3.36 3.14 1.79 1.45 2.24 2.26 2.61 2.36 2.58 3.33 0.66 3.63 0.26 2.61 3.7 2.56 2.22 2.7 0.01 3.19 3.24 2.17 2 1.74 3.4 3.99 3.51 3.97 3.37 3.72 3.02 3.28 3.5 3.68 3.82 3.92 3.98 2 
2 3.98 3.92 3.82 3.68 3.5 3.28 3.02 3.72 3.37 3.97 3.51 2.99 0.4 3.75 3.01 3.18 3.25 1.2 3.03 3.72 2.24 1.58 0.72 2.64 3.3 3.67 3.71 2.38 3.64 3.43 3.69 0.35 3.35 3.58 3.94 3.31 3.56 2.53 3.05 3.9 1.83 3.57 3.78 1.07 4 2.01 2.46 3.57 1.38 3.74 2.2 3.97 3.74 2.53 1.39 1.92 2.5 3 3.55 2.06 2.7 3.99 1.97 3.99 2.7 2.06 3.55 3 2.5 1.92 1.39 2.53 3.74 3.97 2.2 3.74 1.38 3.57 2.46 2.01 4 1.07 3.78 3.57 1.83 3.9 3.05 2.53 3.56 3.31 3.94 3.58 3.35 0.35 3.69 3.43 3.64 2.38 3.71 3.67 3.3 2.64 0.72 1.58 2.24 3.72 3.03 1.2 3.25 3.18 3.01 3.75 0.4 2.99 3.51 3.97 3.37 3.72 3.02 3.28 3.5 3.68 3.82 3.92 3.98 2 
2 3.98 3.92 3.82 3.68 3.5 3.28 3.02 3.72 3.37 2.97 0.51 3 2.42 3.77 2.03 0.2 3.28 3.24 1.07 3.77 3.3 3.65 2.8 3.73 3.4 2.78 3.84 3.53 2.81 3.63 0.92 3.63 3.67 2.95 3.37 0.81 2.15 1.23 3.88 2.88 4 3.96 2.44 2.07 1.41 2.94 0.03 2.96 3.82 3.53 3.77 2.91 3.92 3.23 3.58 3.76 3.34 0.43 3.89 3.27 0.11 2.7 3.58 2.7 0.11 3.27 3.89 0.43 3.34 3.76 3.58 3.23 3.92 2.91 3.77 3.53 3.82 2.96 0.03 2.94 1.41 2.07 2.44 3.96 4 2.88 3.88 1.23 2.15 0.81 3.37 2.95 3.67 3.63 0.92 3.63 2.81 3.53 3.84 2.78 3.4 3.73 2.8 3.65 3.3 3.77 1.07 3.24 3.28 0.2 2.03 3.77 2.42 3 0.51 2.97 3.37 3.72 3.02 3.28 3.5 3.68 3.82 3.92 3.98 2 
2 3.98 3.92 3.82 3.68 3.5 3.28 3.02 2.72 0.37 2.98 3.53 2.02 3.45 1.8 2.07 2.25 1.33 2.3 1.14 3.85 2.39 0.75 1.92 3.87 3.56 0.96 3.05 0.77 1.09 2.96 3.31 3.08 2.19 3.56 1.08 2.65 0.13 3.39 2.24 2.49 3.91 1.23 2.16 3.34 2.35 3.71 2.84 3.07 3.59 3.44 3.47 3.3 3.27 2.38 3.26 2.13 2.94 2.78 2.13 2.91 3.27 2.06 1.65 2.06 3.27 2.91 2.13 2.78 2.94 2.13 3.26 2.38 3.27 3.3 3.47 3.44 3.59 3.07 2.84 3.71 2.35 3.34 2.16 1.23 3.91 2.49 2.24 3.39 0.13 2.65 1.08 3.56 2.19 3.08 3.31 2.96 1.09 0.77 3.05 0.96 3.56 3.87 1.92 0.75 2.39 3.85 1.14 2.3 1.33 2.25 2.07 1.8 3.45 2.02 3.53 2.98 0.37 2.72 3.02 3.28 3.5 3.68 3.82 3.92 3.98 2 
2 3.98 3.92 3.82 3.68 3.5 3.28 1.02 3.73 3.39 4 1.55 2.05 3.49 2.85 3.13 3.32 3.41 3.39 1.24 2.96 3.52 2.9 3.09 3.06 2.78 2.22 3.35 3.12 1.49 3.42 0.84 3.7 1.91 2.4 3.07 3.81 2.49 2.98 2.11 3.7 0.52 2.34 1.87 1.78 3.69 2.15 3.66 3.61 1.3 2.93 2.54 2.04 3.18 1.55 1.66 2.03 2.51 3.92 2.29 2.13 3.89 3.55 1.9 3.55 3.89 2.13 2.29 3.92 2.51 2.03 1.66 1.55 3.18 2.04 2.54 2.93 1.3 3.61 3.66 2.15 3.69 1.78 1.87 2.34 0.52 3.7 2.11 2.98 2.49 3.81 3.07 2.4 1.91 3.7 0.84 3.42 1.49 3.12 3.35 2.22 2.78 3.06 3.09 2.9 3.52 2.96 1.24 3.39 3.41 3.32 3.13 2.85 3.49 2.05 1.55 4 3.39 3.73 1.02 3.28 3.5 3.68 3.82 3.92 3.98 2 
2 3.98 3.92 3.82 3.68 2.5 0.28 2.03 0.74 3.41 1.02 0.58 2.09 3.54 2.91 3.2 2.4 0.5 3.5 3.37 2.1 3.68 0.08 2.3 1.3 2.06 3.55 3.73 3.56 4 1 3.52 1.48 1.82 1.46 3.31 3.26 3.19 2.97 2.45 3.46 3.79 0.21 3.48 3.28 2.27 0.06 2.22 2.22 1.48 2.35 1.08 2.87 2.85 1.15 2.01 3.93 2.01 0.55 3.92 2.78 0.43 3 1.04 3 0.43 2.78 3.92 0.55 2.01 3.93 2.01 1.15 2.85 2.87 1.08 2.35 1.48 2.22 2.22 0.06 2.27 3.28 3.48 0.21 3.79 3.46 2.45 2.97 3.19 3.26 3.31 1.46 1.82 1.48 3.52 1 4 3.56 3.73 3.55 2.06 1.3 2.3 0.08 3.68 2.1 3.37 3.5 0.5 2.4 3.2 2.91 3.54 2.09 0.58 1.02 3.41 0.74 2.03 0.28 2.5 3.68 3.82 3.92 3.98 2 
2 3.98 3.92 3.82 1.68 3.51 3.3 1.05 3.77 2.44 2.06 2.63 0.14 3.6 2.98 1.28 3.5 3.62 2.63 3.52 2.27 0.87 3.31 2.56 3.6 2.4 2.94 3.18 3.08 1.6 1.7 3.33 2.42 1.91 3.73 0.78 3.98 3.2 1.32 1.21 2.71 3.63 3.76 3.87 3.69 3.92 1.22 3.23 1.51 0.6 4 3.15 1.5 3.53 2.79 2.05 3.46 2.82 2.01 2.51 2.94 3.34 2.5 3.52 2.5 3.34 2.94 2.51 2.01 2.82 3.46 2.05 2.79 3.53 1.5 3.15 4 0.6 1.51 3.23 1.22 3.92 3.69 3.87 3.76 3.63 2.71 1.21 1.32 3.2 3.98 0.78 3.73 1.91 2.42 3.33 1.7 1.6 3.08 3.18 2.94 2.4 3.6 2.56 3.31 0.87 2.27 3.52 2.63 3.62 3.5 1.28 2.98 3.6 0.14 2.63 2.06 2.44 3.77 1.05 3.3 3.51 1.68 3.82 3.92 3.98 2 
2 3.98 3.92 2.82 3.69 1.52 3.32 3.08 1.8 2.48 2.11 2.69 2.21 1.67 1.06 3.38 1.61 3.75 3.78 2.69 3.47 3.1 2.57 3.86 2.94 1.79 2.39 3.7 2.68 3.3 3.51 2.26 3.5 2.16 3.18 3.47 2.94 3.49 2 2.35 1.39 2.96 3.87 3.91 3.85 3.43 3.37 1.36 3.07 3.13 1.17 3.83 2.75 1.67 3.47 3.26 0.55 3.46 3.93 2.03 2.13 3.76 1.92 3.63 1.92 3.76 2.13 2.03 3.93 3.46 0.55 3.26 3.47 1.67 2.75 3.83 1.17 3.13 3.07 1.36 3.37 3.43 3.85 3.91 3.87 2.96 1.39 2.35 2 3.49 2.94 3.47 3.18 2.16 3.5 2.26 3.51 3.3 2.68 3.7 2.39 1.79 2.94 3.86 2.57 3.1 3.47 2.69 3.78 3.75 1.61 3.38 1.06 1.67 2.21 2.69 2.11 2.48 1.8 3.08 3.32 1.52 3.69 2.82 3.92 3.98 2 
2 3.98 3.92 0.82 3.7 3.54 1.34 2.11 1.84 2.53 2.17 2.76 2.29 2.76 2.16 2.49 3.74 1.89 1.94 2.88 3.69 1.35 2.86 2.19 1.32 1.23 3.9 1.28 0.35 3.08 2.41 2.3 2.7 1.55 1.79 2.34 0.11 1.02 2.96 2.81 3.44 1.7 2.44 1.47 3.6 2.6 3.25 3.3 3.49 1.55 0.23 2.31 3.6 3.02 1.66 2.85 3.26 2.05 2.01 1.66 3.26 3.58 1.39 1.62 1.39 3.58 3.26 1.66 2.01 2.05 3.26 2.85 1.66 3.02 3.6 2.31 0.23 1.55 3.49 3.3 3.25 2.6 3.6 1.47 2.44 1.7 3.44 2.81 2.96 1.02 0.11 2.34 1.79 1.55 2.7 2.3 2.41 3.08 0.35 1.28 3.9 1.23 1.32 2.19 2.86 1.35 3.69 2.88 1.94 1.89 3.74 2.49 2.16 2.76 2.29 2.76 2.17 2.53 1.84 2.11 1.34 3.54 3.7 0.82 3.92 3.98 2 
2 3.98 2.92 2.83 2.71 3.56 2.37 3.15 2.89 3.59 3.24 3.84 3.38 3.86 2.27 0.61 3.88 2.05 0.12 3.09 2.93 1.63 2.18 2.56 3.75 1.72 3.46 3.93 3.1 3.94 3.4 3.44 1.01 2.07 2.55 3.38 3.48 3.77 1.15 3.53 3.78 0.77 3.38 2.44 3.79 1.24 0.62 1.74 1.4 3.42 2.63 2.92 3.23 1.61 2.28 1.66 3.47 2.79 1.15 1.55 2.38 3.23 2.53 0.07 2.53 3.23 2.38 1.55 1.15 2.79 3.47 1.66 2.28 1.61 3.23 2.92 2.63 3.42 1.4 1.74 0.62 1.24 3.79 2.44 3.38 0.77 3.78 3.53 1.15 3.77 3.48 3.38 2.55 2.07 1.01 3.44 3.4 3.94 3.1 3.93 3.46 1.72 3.75 2.56 2.18 1.63 2.93 3.09 0.12 2.05 3.88 0.61 2.27 3.86 3.38 3.84 3.24 3.59 2.89 3.15 2.37 3.56 2.71 2.83 2.92 3.98 2 
2 3.98 0.92 3.84 0.72 3.58 2.4 3.19 2.94 3.65 3.31 3.92 3.47 1.96 2.39 2.75 1.03 3.23 3.33 2.32 0.19 3.94 1.53 1.96 3.21 3.25 1.06 1.62 2.9 3.86 3.46 2.66 1.42 3.7 3.43 3.55 2.99 3.68 3.53 2.45 2.34 3.09 1.58 3.69 3.27 3.18 3.28 3.43 3.49 3.34 1.89 3.11 2.02 0.76 1.61 3.02 1.67 3.53 2.85 3.18 3.27 3.92 3.74 1.87 3.74 3.92 3.27 3.18 2.85 3.53 1.67 3.02 1.61 0.76 2.02 3.11 1.89 3.34 3.49 3.43 3.28 3.18 3.27 3.69 1.58 3.09 2.34 2.45 3.53 3.68 2.99 3.55 3.43 3.7 1.42 2.66 3.46 3.86 2.9 1.62 1.06 3.25 3.21 1.96 1.53 3.94 0.19 2.32 3.33 3.23 1.03 2.75 2.39 1.96 3.47 3.92 3.31 3.65 2.94 3.19 2.4 3.58 0.72 3.84 0.92 3.98 2 
2 2.98 2.93 2.85 2.74 1.6 2.43 3.23 2.99 3.71 3.38 4 1.56 3.07 3.52 3.9 3.2 2.42 3.55 1.57 1.48 3.27 2.91 1.39 2.7 0.81 3.71 1.36 3.75 1.83 3.58 2.95 3.91 3.41 3.4 2.82 1.61 1.71 2.04 2.52 2.06 2.57 1.95 3.1 2.9 3.24 2.01 3.12 3.47 2.99 2.65 2.47 0.53 2.02 3.23 3.6 2.75 1.5 2.87 2.04 3.3 2.91 3.97 3.23 3.97 2.91 3.3 2.04 2.87 1.5 2.75 3.6 3.23 2.02 0.53 2.47 2.65 2.99 3.47 3.12 2.01 3.24 2.9 3.1 1.95 2.57 2.06 2.52 2.04 1.71 1.61 2.82 3.4 3.41 3.91 2.95 3.58 1.83 3.75 1.36 3.71 0.81 2.7 1.39 2.91 3.27 1.48 1.57 3.55 2.42 3.2 3.9 3.52 3.07 1.56 4 3.38 3.71 2.99 3.23 2.43 1.6 2.74 2.85 2.93 2.98 2 
2 0.98 3.94 0.86 2.76 3.63 0.46 3.27 3.04 3.77 3.45 2.08 2.66 0.18 2.65 3.05 0.37 2.62 2.78 2.84 2.79 3.62 2.31 2.85 1.22 3.41 2.39 2.14 3.64 1.85 3.75 1.29 2.45 1.18 2.44 2.17 1.32 3.84 2.65 2.69 2.88 1.14 1.4 2.57 3.56 3.28 0.65 2.62 3.12 3.12 1.63 2.71 2.47 3.11 2.92 2.31 3.83 3.15 1.08 2.54 3.47 3.77 2.2 1.28 2.2 3.77 3.47 2.54 1.08 3.15 3.83 2.31 2.92 3.11 2.47 2.71 1.63 3.12 3.12 2.62 0.65 3.28 3.56 2.57 1.4 1.14 2.88 2.69 2.65 3.84 1.32 2.17 2.44 1.18 2.45 1.29 3.75 1.85 3.64 2.14 2.39 3.41 1.22 2.85 2.31 3.62 2.79 2.84 2.78 2.62 0.37 3.05 2.65 0.18 2.66 2.08 3.45 3.77 3.04 3.27 0.46 3.63 2.76 0.86 3.94 0.98 2 
1 3.99 2.95 2.88 0.78 3.66 2.5 1.31 3.09 3.83 1.52 3.17 3.77 3.31 1.79 2.21 2.56 0.83 1.02 3.12 3.11 0.98 3.73 3.33 3.77 2.03 3.1 2.95 1.56 3.91 3.96 3.68 2.04 3.01 3.54 2.58 2.09 2.02 1.31 3.91 2.74 0.74 3.86 1.01 2.14 3.18 2.07 3.78 3.27 0.54 3.64 1.63 2.65 1.89 2.63 0.23 1.17 4 2.35 2.93 3.44 3.53 3.74 1.43 3.74 3.53 3.44 2.93 2.35 4 1.17 0.23 2.63 1.89 2.65 1.63 3.64 0.54 3.27 3.78 2.07 3.18 2.14 1.01 3.86 0.74 2.74 3.91 1.31 2.02 2.09 2.58 3.54 3.01 2.04 3.68 3.96 3.91 1.56 2.95 3.1 2.03 3.77 3.33 3.73 0.98 3.11 3.12 1.02 0.83 2.56 2.21 1.79 3.31 3.77 3.17 1.52 3.83 3.09 1.31 2.5 3.66 0.78 2.88 2.95 3.99 1 
1 0.99 2.96 3.9 3.81 2.69 2.54 3.36 1.14 1.89 3.6 2.26 3.88 3.44 2.94 2.38 3.76 3.06 3.28 3.41 2.44 2.36 3.16 2.82 3.33 2.67 3.83 2.78 3.51 3.99 2.19 2.09 1.66 3.87 3.67 2.02 2.89 3.23 1.99 2.13 3.59 2.31 3.25 3.35 2.56 3.84 3.15 3.47 3.79 3.13 0.54 3.12 2.99 3.34 3.42 1.55 3.13 0.6 1.48 1.3 3.59 3.82 1.38 3.54 1.38 3.82 3.59 1.3 1.48 0.6 3.13 1.55 3.42 3.34 2.99 3.12 0.54 3.13 3.79 3.47 3.15 3.84 2.56 3.35 3.25 2.31 3.59 2.13 1.99 3.23 2.89 2.02 3.67 3.87 1.66 2.09 2.19 3.99 3.51 2.78 3.83 2.67 3.33 2.82 3.16 2.36 2.44 3.41 3.28 3.06 3.76 2.38 2.94 3.44 3.88 2.26 3.6 1.89 1.14 3.36 2.54 2.69 3.81 3.9 2.96 0.99 1 
0 4 2.97 0.91 2.83 2.72 2.58 3.41 2.2 2.96 3.68 0.35 3.99 3.57 3.09 0.55 3.96 3.29 3.54 0.7 3.78 3.75 3.6 2.32 2.9 2.32 3.57 0.62 3.47 1.08 2.44 1.52 3.3 2.74 3.81 3.47 3.69 2.43 0.65 3.32 3.38 3.79 1.51 3.51 3.74 0.17 3.8 3.6 0.58 3.79 3.27 3.12 3.47 3.49 1.4 3.49 3.07 1.51 2.22 3.61 3.07 2.96 3.57 1.08 3.57 2.96 3.07 3.61 2.22 1.51 3.07 3.49 1.4 3.49 3.47 3.12 3.27 3.79 0.58 3.6 3.8 0.17 3.74 3.51 1.51 3.79 3.38 3.32 0.65 2.43 3.69 3.47 3.81 2.74 3.3 1.52 2.44 1.08 3.47 0.62 3.57 2.32 2.9 2.32 3.6 3.75 3.78 0.7 3.54 3.29 3.96 0.55 3.09 3.57 3.99 0.35 3.68 2.96 2.2 3.41 2.58 2.72 2.83 0.91 2.97 4 0 
0 2 2.98 2.93 0.85 2.75 2.62 3.46 2.26 3.03 2.76 2.45 3.1 3.7 2.24 2.73 3.16 3.52 1.8 1 2.12 3.14 0.04 2.83 2.48 1.98 2.32 3.48 1.44 3.19 0.7 1.96 1.94 2.61 2.94 2.9 0.46 3.6 3.27 3.44 2.07 0.13 2.6 3.44 2.62 3.13 2.96 3.11 3.6 3.47 3.78 2.62 3.12 3.43 1.74 3.3 1.36 3.23 2.22 3.66 2.84 0.03 2.46 1.25 2.46 0.03 2.84 3.66 2.22 3.23 1.36 3.3 1.74 3.43 3.12 2.62 3.78 3.47 3.6 3.11 2.96 3.13 2.62 3.44 2.6 0.13 2.07 3.44 3.27 3.6 0.46 2.9 2.94 2.61 1.94 1.96 0.7 3.19 1.44 3.48 2.32 1.98 2.48 2.83 0.04 3.14 2.12 1 1.8 3.52 3.16 2.73 2.24 3.7 3.1 2.45 2.76 3.03 2.26 3.46 2.62 2.75 0.85 2.93 2.98 2 0 
0 1 2.99 2.95 2.88 0.78 2.66 3.51 2.32 3.1 0.84 3.55 1.21 3.83 0.39 3.91 1.36 1.75 3.07 2.31 2.47 3.54 2.5 3.35 3.07 2.65 3.08 2.34 3.42 1.3 2.97 1.4 3.58 2.47 1.05 0.3 3.2 1.71 3.81 3.46 3.64 3.32 2.48 3.1 2.16 3.66 3.59 2.96 3.8 3.15 2.07 0.65 2.01 3.28 0.62 3.25 3.37 1.22 0.06 2.15 3.71 2.94 2.01 2.02 2.01 2.94 3.71 2.15 0.06 1.22 3.37 3.25 0.62 3.28 2.01 0.65 2.07 3.15 3.8 2.96 3.59 3.66 2.16 3.1 2.48 3.32 3.64 3.46 3.81 1.71 3.2 0.3 1.05 2.47 3.58 1.4 2.97 1.3 3.42 2.34 3.08 2.65 3.07 3.35 2.5 3.54 2.47 2.31 3.07 1.75 1.36 3.91 0.39 3.83 1.21 3.55 0.84 3.1 2.32 3.51 2.66 0.78 2.88 2.95 2.99 1 0 
0 0 4 3.97 3.91 3.82 1.7 3.56 2.38 2.17 3.93 2.65 3.33 0.96 2.55 3.09 2.57 2.99 2.34 2.62 1.82 2.94 3.96 3.87 3.66 3.32 3.84 3.2 0.39 3.41 3.23 1.83 3.2 3.31 3.14 2.67 1.88 2.75 3.25 0.35 3.05 2.31 3.12 1.46 1.33 2.73 3.66 3.13 0.17 3.84 3.18 3.28 3.24 3.18 1.24 2.6 3.43 3.92 2.27 3.69 2.35 1.41 4 0.18 4 1.41 2.35 3.69 2.27 3.92 3.43 2.6 1.24 3.18 3.24 3.28 3.18 3.84 0.17 3.13 3.66 2.73 1.33 1.46 3.12 2.31 3.05 0.35 3.25 2.75 1.88 2.67 3.14 3.31 3.2 1.83 3.23 3.41 0.39 3.2 3.84 3.32 3.66 3.87 3.96 2.94 1.82 2.62 2.34 2.99 2.57 3.09 2.55 0.96 3.33 2.65 3.93 2.17 2.38 3.56 1.7 3.82 3.91 3.97 4 0 0 
0 0 2 2.98 2.93 2.85 1.74 3.61 2.44 2.24 1.01 2.75 3.45 2.1 2.71 2.27 2.78 3.23 0.61 2.93 0.17 3.34 2.41 2.38 2.24 2.98 3.59 2.05 3.36 0.5 2.47 3.24 1.79 2.11 3.18 3.98 2.49 3.7 3.58 2.11 3.29 3.09 3.5 3.51 3.12 1.33 2.16 2.62 3.74 2.56 2.14 3.56 2.9 3.27 3.79 3.6 3.85 3.69 3.28 1.78 3.34 2.07 1.07 3.4 1.07 2.07 3.34 1.78 3.28 3.69 3.85 3.6 3.79 3.27 2.9 3.56 2.14 2.56 3.74 2.62 2.16 1.33 3.12 3.51 3.5 3.09 3.29 2.11 3.58 3.7 2.49 3.98 3.18 2.11 1.79 3.24 2.47 0.5 3.36 2.05 3.59 2.98 2.24 2.38 2.41 3.34 0.17 2.93 0.61 3.23 2.78 2.27 2.71 2.1 3.45 2.75 1.01 2.24 2.44 3.61 1.74 2.85 2.93 2.98 2 0 0 
0 0 1 2.99 2.95 2.88 1.78 3.66 2.5 0.31 3.1 0.85 3.57 2.24 2.87 0.45 2.99 2.47 3.89 1.24 3.53 3.74 2.86 2.89 3.82 0.63 3.33 1.89 1.31 1.58 2.69 3.62 3.35 3.87 2.16 1.21 2.01 2.54 3.78 0.71 3.34 3.64 2.6 1.22 3.51 1.46 3.1 3.44 3.51 3.35 1.01 2.57 3.1 3.69 2.44 1.47 3.91 3.87 3.48 1.87 2.16 2.44 3.78 3.22 3.78 2.44 2.16 1.87 3.48 3.87 3.91 1.47 2.44 3.69 3.1 2.57 1.01 3.35 3.51 3.44 3.1 1.46 3.51 1.22 2.6 3.64 3.34 0.71 3.78 2.54 2.01 1.21 2.16 3.87 3.35 3.62 2.69 1.58 1.31 1.89 3.33 0.63 3.82 2.89 2.86 3.74 3.53 1.24 3.89 2.47 2.99 0.45 2.87 2.24 3.57 0.85 3.1 0.31 2.5 3.66 1.78 2.88 2.95 2.99 1 0 0 
0 0 0 4 3.97 3.91 1.82 3.71 0.56 2.39 2.19 3.96 2.69 2.38 2.03 3.64 3.2 3.71 3.16 2.55 3.88 2.13 1.3 1.39 3.39 2.28 2.06 2.72 3.25 3.64 2.88 3.96 2.86 2.57 3.08 1.37 2.44 3.27 1.84 2.15 2.19 3.95 3.42 2.6 3.5 3.12 2.48 2.6 1.51 3.25 3.86 1.4 1.95 1.58 3.38 2.44 3.87 3.76 0.21 2.34 1.23 3.96 3.57 2.1 3.57 3.96 1.23 2.34 0.21 3.76 3.87 2.44 3.38 1.58 1.95 1.4 3.86 3.25 1.51 2.6 2.48 3.12 3.5 2.6 3.42 3.95 2.19 2.15 1.84 3.27 2.44 1.37 3.08 2.57 2.86 3.96 2.88 3.64 3.25 2.72 2.06 2.28 3.39 1.39 1.3 2.13 3.88 2.55 3.16 3.71 3.2 3.64 2.03 2.38 2.69 3.96 2.19 2.39 0.56 3.71 1.82 3.91 3.97 4 0 0 0 
0 0 0 2 2.98 0.93 2.86 2.76 3.63 3.47 3.28 2.06 2.81 2.52 2.19 2.82 0.4 2.94 0.42 1.85 2.22 3.52 1.74 2.89 1.95 3.92 2.78 3.53 3.16 0.66 2.03 0.25 3.32 1.21 3.93 3.45 2.77 3.88 1.76 3.42 3.84 0.01 3.95 3.64 3.09 2.31 3.32 0.13 3.79 2.31 0.74 1.14 2.57 3.09 0.77 1.7 2.96 3.63 3.79 0.52 3.91 4 1.83 3.44 1.83 4 3.91 0.52 3.79 3.63 2.96 1.7 0.77 3.09 2.57 1.14 0.74 2.31 3.79 0.13 3.32 2.31 3.09 3.64 3.95 0.01 3.84 3.42 1.76 3.88 2.77 3.45 3.93 1.21 3.32 0.25 2.03 0.66 3.16 3.53 2.78 3.92 1.95 2.89 1.74 3.52 2.22 1.85 0.42 2.94 0.4 2.82 2.19 2.52 2.81 2.06 3.28 3.47 3.63 2.76 2.86 0.93 2.98 2 0 0 0 
0 0 0 1 1.99 3.96 3.9 3.81 3.69 3.54 1.36 3.16 3.93 3.66 3.35 3 3.61 1.17 3.69 2.15 3.56 2.9 0.17 3.38 1.5 3.54 3.48 0.31 1.04 3.66 2.15 2.51 3.73 1.79 3.7 1.43 3.99 3.36 1.53 3.51 3.28 3.84 2.19 3.34 3.29 3.05 3.64 2.07 3.38 3.59 2.74 2.88 2.06 2.34 3.78 3.44 1.39 2.71 3.46 3.7 2.49 2.88 3.9 3.57 3.9 2.88 2.49 3.7 3.46 2.71 1.39 3.44 3.78 2.34 2.06 2.88 2.74 3.59 3.38 2.07 3.64 3.05 3.29 3.34 2.19 3.84 3.28 3.51 1.53 3.36 3.99 1.43 3.7 1.79 3.73 2.51 2.15 3.66 1.04 0.31 3.48 3.54 1.5 3.38 0.17 2.9 3.56 2.15 3.69 1.17 3.61 3 3.35 3.66 3.93 3.16 1.36 3.54 3.69 3.81 3.9 3.96 1.99 1 0 0 0 
0 0 0 0 3 3.98 3.93 3.85 2.74 0.6 2.44 0.25 3.04 2.79 2.5 1.17 3.81 2.4 3.95 0.44 3.89 0.27 3.6 3.86 3.04 1.14 3.16 3.08 1.9 1.62 2.23 2.72 3.08 0.3 3.39 3.32 0.09 3.71 3.15 3.42 3.51 3.42 2.15 0.71 2.11 0.35 3.46 3.44 3.32 2.13 3.91 2.69 2.52 2.45 3.53 2.81 2.35 1.21 2.45 2.11 2.24 3.88 3.05 2.77 3.05 3.88 2.24 2.11 2.45 1.21 2.35 2.81 3.53 2.45 2.52 2.69 3.91 2.13 3.32 3.44 3.46 0.35 2.11 0.71 2.15 3.42 3.51 3.42 3.15 3.71 0.09 3.32 3.39 0.3 3.08 2.72 2.23 1.62 1.9 3.08 3.16 1.14 3.04 3.86 3.6 0.27 3.89 0.44 3.95 2.4 3.81 1.17 2.5 2.79 3.04 0.25 2.44 0.6 2.74 3.85 3.93 3.98 3 0 0 0 0 
0 0 0 0 1 2.99 2.95 0.88 2.79 3.67 1.52 3.35 3.15 3.92 3.65 1.34 2 1.62 3.2 3.73 2.21 3.64 2.01 2.32 2.56 3.73 3.82 2.82 2.73 3.55 3.27 2.88 0.37 3.75 3 1.11 2.09 3.93 0.61 3.15 1.53 1.76 1.84 3.78 3.58 3.25 3.81 3.27 0.65 1.99 1.31 2.65 2.04 3.53 1.15 2.96 2 1.32 2.97 2.98 3.39 1.23 2.53 0.29 2.53 1.23 3.39 2.98 2.97 1.32 2 2.96 1.15 3.53 2.04 2.65 1.31 1.99 0.65 3.27 3.81 3.25 3.58 3.78 1.84 1.76 1.53 3.15 0.61 3.93 2.09 1.11 3 3.75 0.37 2.88 3.27 3.55 2.73 2.82 3.82 3.73 2.56 2.32 2.01 3.64 2.21 3.73 3.2 1.62 2 1.34 3.65 3.92 3.15 3.35 1.52 3.67 2.79 0.88 2.95 2.99 1 0 0 0 0 
0 0 0 0 0 4 1.97 3.92 3.84 1.73 3.6 2.44 0.25 3.04 1.79 3.51 1.19 3.84 1.44 1 2.52 1.99 3.41 3.77 1.06 1.29 2.45 3.53 1.52 0.43 3.26 3.99 3.61 0.12 3.53 0.81 3.98 3.02 3.93 3.71 3.36 3.88 3.27 2.54 3.7 2.75 1.71 3.6 2.43 3.23 2.02 3.84 1.71 3.68 3.77 1.02 3.49 3.2 3.19 2.49 0.13 2.15 3.56 3.36 3.56 2.15 0.13 2.49 3.19 3.2 3.49 1.02 3.77 3.68 1.71 3.84 2.02 3.23 2.43 3.6 1.71 2.75 3.7 2.54 3.27 3.88 3.36 3.71 3.93 3.02 3.98 0.81 3.53 0.12 3.61 3.99 3.26 0.43 1.52 3.53 2.45 1.29 1.06 3.77 3.41 1.99 2.52 1 1.44 3.84 1.19 3.51 1.79 3.04 0.25 2.44 3.6 1.73 3.84 3.92 1.97 4 0 0 0 0 0 
0 0 0 0 0 1 3.99 3.95 1.88 3.79 2.67 3.53 3.36 2.16 1.93 1.67 3.38 3.05 2.68 2.27 1.82 2.33 1.79 3.2 3.55 3.84 3.06 3.21 1.28 2.28 1.2 3.04 1.78 3.43 3.98 3.42 0.75 3.98 2.09 0.09 3.99 2.77 2.44 2.01 2.49 1.88 3.2 0.46 3.69 2.89 2.09 1.32 1.61 2.99 3.48 0.11 2.94 3.98 3.26 3.81 2.65 0.81 3.31 3.14 3.31 0.81 2.65 3.81 3.26 3.98 2.94 0.11 3.48 2.99 1.61 1.32 2.09 2.89 3.69 0.46 3.2 1.88 2.49 2.01 2.44 2.77 3.99 0.09 2.09 3.98 0.75 3.42 3.98 3.43 1.78 3.04 1.2 2.28 1.28 3.21 3.06 3.84 3.55 3.2 1.79 2.33 1.82 2.27 2.68 3.05 3.38 1.67 1.93 2.16 3.36 3.53 2.67 3.79 1.88 3.95 3.99 1 0 0 0 0 0 
0 0 0 0 0 0 4 1.97 3.92 3.84 0.73 3.61 3.46 3.28 3.07 2.83 3.56 2.25 2.91 2.53 0.11 2.66 2.16 1.61 1.01 3.36 1.64 2.86 3.01 2.09 1.1 3.04 1.89 2.66 2.34 3.93 3.42 0.81 1.11 3.32 1.43 3.45 1.37 1.21 3.98 2.67 0.3 2.9 3.47 2.02 2.58 2.17 2.82 3.55 3.38 2.34 3.47 0.78 3.31 3.07 1.08 3.37 3.94 1.79 3.94 3.37 1.08 3.07 3.31 0.78 3.47 2.34 3.38 3.55 2.82 2.17 2.58 2.02 3.47 2.9 0.3 2.67 3.98 1.21 1.37 3.45 1.43 3.32 1.11 0.81 3.42 3.93 2.34 2.66 1.89 3.04 1.1 2.09 3.01 2.86 1.64 3.36 1.01 1.61 2.16 2.66 0.11 2.53 2.91 2.25 3.56 2.83 3.07 3.28 3.46 3.61 0.73 3.84 3.92 1.97 4 0 0 0 0 0 0 
0 0 0 0 0 0 1 3.99 3.95 1.88 2.79 1.68 3.55 3.39 3.2 2.98 3.73 0.44 3.13 1.78 3.4 2.98 3.52 2.01 3.46 3.86 3.2 2.48 1.7 1.86 3.96 3.99 1.94 2.82 2.62 2.34 3.98 3.53 3 3.39 3.7 3.93 3.08 2.16 3.18 3.14 1.05 2.94 3.81 3.67 3.54 2.44 3.4 3.43 2.55 1.79 3.18 3.73 1.46 2.4 3.56 2.95 3.58 1.45 3.58 2.95 3.56 2.4 1.46 3.73 3.18 1.79 2.55 3.43 3.4 2.44 3.54 3.67 3.81 2.94 1.05 3.14 3.18 2.16 3.08 3.93 3.7 3.39 3 3.53 3.98 2.34 2.62 2.82 1.94 3.99 3.96 1.86 1.7 2.48 3.2 3.86 3.46 2.01 3.52 2.98 3.4 1.78 3.13 0.44 3.73 2.98 3.2 3.39 3.55 1.68 2.79 1.88 3.95 3.99 1 0 0 0 0 0 0 
0 0 0 0 0 0 0 4 1.97 3.92 0.84 3.75 2.63 3.49 3.32 3.12 2.89 3.63 3.34 3.02 3.67 1.28 3.86 2.39 1.88 2.33 3.73 2.07 3.36 3.59 0.76 3.88 3.93 2.91 2.82 2.66 3.43 0.12 3.75 0.3 1.79 1.21 2.57 3.87 2.11 3.31 2.47 2.61 2.74 3.87 3.01 1.18 3.41 3.7 2.07 1.55 2.16 1.91 1.82 1.91 2.19 3.67 3.35 2.24 3.35 3.67 2.19 1.91 1.82 1.91 2.16 1.55 2.07 3.7 3.41 1.18 3.01 3.87 2.74 2.61 2.47 3.31 2.11 3.87 2.57 1.21 1.79 0.3 3.75 0.12 3.43 2.66 2.82 2.91 3.93 3.88 0.76 3.59 3.36 2.07 3.73 2.33 1.88 2.39 3.86 1.28 3.67 3.02 3.34 3.63 2.89 3.12 3.32 3.49 2.63 3.75 0.84 3.92 1.97 4 0 0 0 0 0 0 0 
0 0 0 0 0 0 0 1 3.99 2.95 2.89 3.81 0.7 3.58 3.43 3.25 3.04 2.8 0.53 2.24 1.92 3.57 3.18 2.75 1.28 3.78 3.23 3.63 3.98 0.27 3.52 1.71 2.85 3.93 1.94 1.89 1.78 3.61 0.37 3.08 3.73 3.32 2.86 3.35 1.79 3.2 3.58 1.94 3.3 1.66 2.04 2.45 3.91 1.42 1.01 2.7 3.5 2.42 1.48 3.7 3.08 3.63 0.35 2.26 0.35 3.63 3.08 3.7 1.48 2.42 3.5 2.7 1.01 1.42 3.91 2.45 2.04 1.66 3.3 1.94 3.58 3.2 1.79 3.35 2.86 3.32 3.73 3.08 0.37 3.61 1.78 1.89 1.94 3.93 2.85 1.71 3.52 0.27 3.98 3.63 3.23 3.78 1.28 2.75 3.18 3.57 1.92 2.24 0.53 2.8 3.04 3.25 3.43 3.58 0.7 3.81 2.89 2.95 3.99 1 0 0 0 0 0 0 0 
0 0 0 0 0 0 0 0 4 0.97 3.93 2.86 2.77 2.66 3.53 3.37 3.18 1.96 3.72 1.45 3.16 3.84 2.48 3.09 1.66 2.2 3.7 2.15 3.56 3.92 2.23 0.49 1.71 3.88 3.99 3.04 3.04 3.99 2.88 2.72 2.51 0.25 3.96 3.62 3.24 1.83 1.4 1.96 1.52 2.09 3.68 1.29 2.95 2.66 3.44 2.3 2.26 3.33 3.52 0.84 3.31 0.92 3.69 2.61 3.69 0.92 3.31 0.84 3.52 3.33 2.26 2.3 3.44 2.66 2.95 1.29 3.68 2.09 1.52 1.96 1.4 1.83 3.24 3.62 3.96 0.25 2.51 2.72 2.88 3.99 3.04 3.04 3.99 3.88 1.71 0.49 2.23 3.92 3.56 2.15 3.7 2.2 1.66 3.09 2.48 3.84 3.16 1.45 3.72 1.96 3.18 3.37 3.53 2.66 2.77 2.86 3.93 0.97 4 0 0 0 0 0 0 0 0 
0 0 0 0 0 0 0 0 1 2.99 3.96 0.9 3.83 0.73 3.62 3.48 3.31 2.11 1.89 2.65 0.38 3.09 0.76 3.41 2.02 2.6 2.14 2.64 2.1 2.52 3.9 2.23 3.52 0.76 3.96 1.1 1.2 3.26 3.27 2.23 2.15 2.03 2.88 2.69 2.47 3.23 2.97 0.7 2.44 2.19 3.96 3.75 3.58 3.46 3.4 2.41 3.51 1.7 1 3.42 2.96 3.63 3.43 2.36 3.43 3.63 2.96 3.42 1 1.7 3.51 2.41 3.4 3.46 3.58 3.75 3.96 2.19 2.44 0.7 2.97 3.23 2.47 2.69 2.88 2.03 2.15 2.23 3.27 3.26 1.2 1.1 3.96 0.76 3.52 2.23 3.9 2.52 2.1 2.64 2.14 2.6 2.02 3.41 0.76 3.09 0.38 2.65 1.89 2.11 3.31 3.48 3.62 0.73 3.83 0.9 3.96 2.99 1 0 0 0 0 0 0 0 0 
0 0 0 0 0 0 0 0 0 3 2.98 2.94 2.88 2.8 2.7 3.58 3.43 2.25 1.05 3.84 3.6 2.33 1.03 1.71 2.36 3.98 3.56 2.1 3.61 1.08 2.52 3.92 0.27 3.59 1.86 2.09 2.28 0.43 3.55 1.62 3.66 0.66 3.64 1.58 0.5 3.41 1.3 3.19 1.08 3.99 3.91 1.85 1.83 3.86 3.94 3.08 3.3 1.6 4 1.49 1.09 2.81 3.64 2.58 3.64 2.81 1.09 1.49 4 1.6 3.3 3.08 3.94 3.86 1.83 1.85 3.91 3.99 1.08 3.19 1.3 3.41 0.5 1.58 3.64 0.66 3.66 1.62 3.55 0.43 2.28 2.09 1.86 3.59 0.27 3.92 2.52 1.08 3.61 2.1 3.56 3.98 2.36 1.71 1.03 2.33 3.6 3.84 1.05 2.25 3.43 3.58 2.7 2.8 2.88 2.94 2.98 3 0 0 0 0 0 0 0 0 0 
0 0 0 0 0 0 0 0 0 1 0.99 3.97 0.92 3.86 0.77 3.67 3.54 2.38 1.2 2.01 3.8 3.56 2.29 4 3.68 3.33 3.95 2.53 0.08 3.61 2.1 3.56 3.98 3.36 1.7 3.01 1.28 1.52 2.73 1.9 1.04 3.16 3.25 1.31 3.36 0.39 3.42 1.44 3.47 3.51 1.56 3.64 3.75 2.9 3.1 0.35 2.68 3.08 3.56 3.12 0.77 3.53 2.38 3.33 2.38 3.53 0.77 3.12 3.56 3.08 2.68 0.35 3.1 2.9 3.75 3.64 1.56 3.51 3.47 1.44 3.42 0.39 3.36 1.31 3.25 3.16 1.04 1.9 2.73 1.52 1.28 3.01 1.7 3.36 3.98 3.56 2.1 3.61 0.08 2.53 3.95 3.33 3.68 4 2.29 3.56 3.8 2.01 1.2 2.38 3.54 3.67 0.77 3.86 0.92 3.97 0.99 1 0 0 0 0 0 0 0 0 0 
0 0 0 0 0 0 0 0 0 0 2 2.99 3.96 2.91 3.84 2.75 3.64 2.5 1.34 2.17 1.98 3.77 3.53 1.26 2.97 0.65 3.31 0.93 2.53 2.1 2.64 2.15 3.63 2.07 2.48 2.86 3.21 3.53 2.82 3.08 0.31 3.53 2.72 1.89 2.05 3.2 2.34 3.48 0.62 2.78 2.95 2.14 1.36 1.62 3.93 1.28 3.7 3.18 3.73 3.35 3.05 3.84 3.71 0.66 3.71 3.84 3.05 3.35 3.73 3.18 3.7 1.28 3.93 1.62 1.36 2.14 2.95 2.78 0.62 3.48 2.34 3.2 2.05 1.89 2.72 3.53 0.31 3.08 2.82 3.53 3.21 2.86 2.48 2.07 3.63 2.15 2.64 2.1 2.53 0.93 3.31 0.65 2.97 1.26 3.53 3.77 1.98 2.17 1.34 2.5 3.64 2.75 3.84 2.91 3.96 2.99 2 0 0 0 0 0 0 0 0 0 0 
0 0 0 0 0 0 0 0 0 0 0 3 0.98 3.95 0.89 2.82 3.73 2.61 1.47 2.32 2.15 1.96 3.75 3.51 0.24 3.96 3.65 3.31 3.95 3.56 2.14 3.7 3.23 3.73 3.2 1.64 3.06 2.45 3.82 3.16 3.48 2.78 2.06 3.33 3.59 3.84 3.08 2.32 3.57 3.83 3.1 2.39 3.71 1.06 3.46 3.9 2.39 2.94 3.55 2.22 0.96 2.78 3.67 3.63 3.67 2.78 0.96 2.22 3.55 2.94 2.39 3.9 3.46 1.06 3.71 2.39 3.1 3.83 3.57 2.32 3.08 3.84 3.59 3.33 2.06 2.78 3.48 3.16 3.82 2.45 3.06 1.64 3.2 3.73 3.23 3.7 2.14 3.56 3.95 3.31 3.65 3.96 0.24 3.51 3.75 1.96 2.15 2.32 1.47 2.61 3.73 2.82 0.89 3.95 0.98 3 0 0 0 0 0 0 0 0 0 0 0 
0 0 0 0 0 0 0 0 0 0 0 0 4 2.98 2.94 0.88 3.81 2.71 1.59 2.46 2.31 2.14 1.95 3.74 3.5 2.24 3.96 0.65 3.33 3.98 2.6 2.2 3.78 2.33 3.86 3.36 3.84 1.29 3.73 1.14 3.54 3.92 2.28 0.63 2.98 3.32 2.65 1.98 2.32 2.67 2.03 3.41 0.81 3.25 1.72 1.23 1.79 2.4 2.06 2.78 3.56 3.4 3.3 0.26 3.3 3.4 3.56 2.78 2.06 2.4 1.79 1.23 1.72 3.25 0.81 3.41 2.03 2.67 2.32 1.98 2.65 3.32 2.98 0.63 2.28 3.92 3.54 1.14 3.73 1.29 3.84 3.36 3.86 2.33 3.78 2.2 2.6 3.98 3.33 0.65 3.96 2.24 3.5 3.74 1.95 2.14 2.31 2.46 1.59 2.71 3.81 0.88 2.94 2.98 4 0 0 0 0 0 0 0 0 0 0 0 0 
0 0 0 0 0 0 0 0 0 0 0 0 0 4 3.98 3.94 2.88 2.8 1.7 3.59 3.46 3.31 3.14 3.95 0.73 3.5 0.24 2.97 3.68 2.36 2.02 1.66 1.28 1.88 3.46 1.01 3.55 1.06 2.56 3.04 1.5 1.95 3.39 3.82 2.24 3.66 3.07 2.48 2.9 3.33 3.77 1.22 2.7 3.21 3.75 1.32 2.94 3.6 1.3 3.06 3.87 3.73 2.64 2.61 2.64 3.73 3.87 3.06 1.3 3.6 2.94 1.32 3.75 3.21 2.7 1.22 3.77 3.33 2.9 2.48 3.07 3.66 2.24 3.82 3.39 1.95 1.5 3.04 2.56 1.06 3.55 1.01 3.46 1.88 1.28 1.66 2.02 2.36 3.68 2.97 0.24 3.5 0.73 3.95 3.14 3.31 3.46 3.59 1.7 2.8 2.88 3.94 3.98 4 0 0 0 0 0 0 0 0 0 0 0 0 0 
0 0 0 0 0 0 0 0 0 0 0 0 0 0 4 3.98 3.94 3.88 3.8 1.7 3.59 3.46 3.31 3.14 3.95 3.74 3.51 1.26 4 1.71 3.41 3.09 2.75 2.39 2.01 1.61 3.2 3.77 2.32 3.86 3.38 2.89 1.39 2.89 2.38 3.87 3.35 2.83 2.32 2.82 3.33 2.85 1.39 1.96 2.56 2.19 3.86 2.56 2.3 3.09 1.92 2.8 0.72 3.7 0.72 2.8 1.92 3.09 2.3 2.56 3.86 2.19 2.56 1.96 1.39 2.85 3.33 2.82 2.32 2.83 3.35 3.87 2.38 2.89 1.39 2.89 3.38 3.86 2.32 3.77 3.2 1.61 2.01 2.39 2.75 3.09 3.41 1.71 4 1.26 3.51 3.74 3.95 3.14 3.31 3.46 3.59 1.7 3.8 3.88 3.94 3.98 4 0 0 0 0 0 0 0 0 0 0 0 0 0 0 
0 0 0 0 0 0 0 0 0 0 0 0 0 0 0 4 3.98 3.94 3.88 3.8 1.7 3.59 3.46 3.31 3.14 1.95 3.75 3.53 2.29 1.03 0.76 2.48 3.18 3.86 3.52 2.16 1.79 3.41 2.01 3.6 0.17 1.74 1.3 2.86 2.41 3.96 2.5 0.04 3.6 3.16 3.73 2.31 2.91 1.53 2.18 2.86 2.57 3.31 0.08 2.9 0.75 3.65 1.58 2.56 1.58 3.65 0.75 2.9 0.08 3.31 2.57 2.86 2.18 1.53 2.91 2.31 3.73 3.16 3.6 0.04 2.5 3.96 2.41 2.86 1.3 1.74 0.17 3.6 2.01 3.41 1.79 2.16 3.52 3.86 3.18 2.48 0.76 1.03 2.29 3.53 3.75 1.95 3.14 3.31 3.46 3.59 1.7 3.8 3.88 3.94 3.98 4 0 0 0 0 0 0 0 0 0 0 0 0 0 0 0 
0 0 0 0 0 0 0 0 0 0 0 0 0 0 0 0 4 3.98 3.94 3.88 3.8 1.7 3.59 3.46 3.31 2.14 1.96 3.77 3.56 2.33 3.09 3.84 3.57 1.28 2.98 2.66 2.33 1.99 3.64 0.27 2.9 3.52 2.13 3.74 3.34 2.94 3.54 3.14 3.75 2.36 0.98 3.62 3.27 3.94 1.63 1.35 3.1 0.87 3.68 3.52 2.39 3.3 2.24 2.22 2.24 3.3 2.39 3.52 3.68 0.87 3.1 1.35 1.63 3.94 3.27 3.62 0.98 2.36 3.75 3.14 3.54 2.94 3.34 3.74 2.13 3.52 2.9 0.27 3.64 1.99 2.33 2.66 2.98 1.28 3.57 3.84 3.09 2.33 3.56 3.77 1.96 2.14 3.31 3.46 3.59 1.7 3.8 3.88 3.94 3.98 4 0 0 0 0 0 0 0 0 0 0 0 0 0 0 0 0 
0 0 0 0 0 0 0 0 0 0 0 0 0 0 0 0 0 4 3.98 3.94 3.88 3.8 1.7 3.59 3.46 2.31 2.15 1.98 3.8 3.6 0.38 3.16 1.92 3.67 3.4 0.11 1.82 2.52 2.21 3.89 3.56 2.22 3.88 3.53 0.17 1.82 2.47 2.12 3.78 2.44 3.11 2.79 1.48 0.19 2.93 3.69 3.47 2.27 2.1 2.96 3.85 3.77 3.72 2.7 3.72 3.77 3.85 2.96 2.1 2.27 3.47 3.69 2.93 0.19 1.48 2.79 3.11 2.44 3.78 2.12 2.47 1.82 0.17 3.53 3.88 2.22 3.56 3.89 2.21 2.52 1.82 0.11 3.4 3.67 1.92 3.16 0.38 3.6 3.8 1.98 2.15 2.31 3.46 3.59 1.7 3.8 3.88 3.94 3.98 4 0 0 0 0 0 0 0 0 0 0 0 0 0 0 0 0 0 
0 0 0 0 0 0 0 0 0 0 0 0 0 0 0 0 0 0 4 3.98 3.94 3.88 3.8 1.7 3.59 2.46 2.32 2.17 2.01 3.84 2.65 1.45 2.24 3.02 1.78 2.53 2.27 1 3.73 0.44 2.15 1.85 2.55 1.24 2.93 2.62 2.31 1 0.7 3.41 3.12 2.84 1.57 2.32 3.09 2.88 2.69 3.52 3.37 1.24 1.14 1.07 3.03 0.01 3.03 1.07 1.14 1.24 3.37 3.52 2.69 2.88 3.09 2.32 1.57 2.84 3.12 3.41 0.7 1 2.31 2.62 2.93 1.24 2.55 1.85 2.15 0.44 3.73 1 2.27 2.53 1.78 3.02 2.24 1.45 2.65 3.84 2.01 2.17 2.32 2.46 3.59 1.7 3.8 3.88 3.94 3.98 4 0 0 0 0 0 0 0 0 0 0 0 0 0 0 0 0 0 0 
0 0 0 0 0 0 0 0 0 0 0 0 0 0 0 0 0 0 0 4 3.98 3.94 3.88 3.8 1.7 1.59 1.47 1.34 1.2 1.05 1.89 3.72 0.53 3.34 3.13 2.91 2.68 1.44 3.2 3.95 3.69 0.42 3.16 3.89 0.61 2.34 3.07 1.8 3.54 3.28 1.02 2.78 3.55 3.33 0.12 1.94 3.78 2.63 3.5 3.39 2.3 3.24 1.2 3.19 1.2 3.24 2.3 3.39 3.5 2.63 3.78 1.94 0.12 3.33 3.55 2.78 1.02 3.28 3.54 1.8 3.07 2.34 0.61 3.89 3.16 0.42 3.69 3.95 3.2 1.44 2.68 2.91 3.13 3.34 0.53 3.72 1.89 1.05 1.2 1.34 1.47 1.59 1.7 3.8 3.88 3.94 3.98 4 0 0 0 0 0 0 0 0 0 0 0 0 0 0 0 0 0 0 0 
0 0 0 0 0 0 0 0 0 0 0 0 0 0 0 0 0 0 0 0 4 3.98 3.94 3.88 2.8 2.71 2.61 2.5 2.38 2.25 2.11 1.96 2.8 3.63 0.44 2.25 3.05 3.84 1.62 2.4 1.17 2.94 3.71 2.47 3.23 2.99 1.75 3.52 3.29 3.06 0.83 2.62 2.42 3.23 2.05 1.89 3.75 3.62 0.5 3.41 1.33 3.28 3.25 3.24 3.25 3.28 1.33 3.41 0.5 3.62 3.75 1.89 2.05 3.23 2.42 2.62 0.83 3.06 3.29 3.52 1.75 2.99 3.23 2.47 3.71 2.94 1.17 2.4 1.62 3.84 3.05 2.25 0.44 3.63 2.8 1.96 2.11 2.25 2.38 2.5 2.61 2.71 2.8 3.88 3.94 3.98 4 0 0 0 0 0 0 0 0 0 0 0 0 0 0 0 0 0 0 0 0 
0 0 0 0 0 0 0 0 0 0 0 0 0 0 0 0 0 0 0 0 0 4 3.98 3.94 2.88 3.81 3.73 3.64 3.54 3.43 3.31 3.18 3.04 2.89 3.73 3.56 3.38 1.19 2 3.81 3.61 0.4 3.2 2.99 2.78 2.57 1.36 3.16 3.96 3.76 2.56 0.37 3.2 1.03 3.88 3.74 1.61 3.5 2.4 3.32 2.25 0.2 3.18 2.17 3.18 0.2 2.25 3.32 2.4 3.5 1.61 3.74 3.88 1.03 3.2 0.37 2.56 3.76 3.96 3.16 1.36 2.57 2.78 2.99 3.2 0.4 3.61 3.81 2 1.19 3.38 3.56 3.73 2.89 3.04 3.18 3.31 3.43 3.54 3.64 3.73 3.81 2.88 3.94 3.98 4 0 0 0 0 0 0 0 0 0 0 0 0 0 0 0 0 0 0 0 0 0 
0 0 0 0 0 0 0 0 0 0 0 0 0 0 0 0 0 0 0 0 0 0 4 3.98 3.94 0.88 2.82 2.75 3.67 3.58 3.48 3.37 3.25 3.12 2.98 2.83 1.67 3.51 1.34 1.17 3 2.82 3.64 0.45 2.27 3.09 3.91 2.73 0.55 2.38 2.21 3.05 3.9 2.75 0.61 2.49 3.38 1.28 3.2 3.13 2.07 2.03 3.01 2 3.01 2.03 2.07 3.13 3.2 1.28 3.38 2.49 0.61 2.75 3.9 3.05 2.21 2.38 0.55 2.73 3.91 3.09 2.27 0.45 3.64 2.82 3 1.17 1.34 3.51 1.67 2.83 2.98 3.12 3.25 3.37 3.48 3.58 3.67 2.75 2.82 0.88 3.94 3.98 4 0 0 0 0 0 0 0 0 0 0 0 0 0 0 0 0 0 0 0 0 0 0 
0 0 0 0 0 0 0 0 0 0 0 0 0 0 0 0 0 0 0 0 0 0 0 4 3.98 2.94 0.89 3.84 0.77 2.7 3.62 3.53 3.43 3.32 3.2 3.07 1.93 1.79 3.65 2.5 3.35 2.19 2.03 2.87 2.71 2.55 0.39 2.24 3.09 2.94 1.79 2.65 3.52 2.39 2.27 2.16 1.06 2.98 2.91 2.85 1.8 3.77 3.75 1.74 3.75 3.77 1.8 2.85 2.91 2.98 1.06 2.16 2.27 2.39 3.52 2.65 1.79 2.94 3.09 2.24 0.39 2.55 2.71 2.87 2.03 2.19 3.35 2.5 3.65 1.79 1.93 3.07 3.2 3.32 3.43 3.53 3.62 2.7 0.77 3.84 0.89 2.94 3.98 4 0 0 0 0 0 0 0 0 0 0 0 0 0 0 0 0 0 0 0 0 0 0 0 
0 0 0 0 0 0 0 0 0 0 0 0 0 0 0 0 0 0 0 0 0 0 0 0 4 2.98 3.95 2.91 3.86 2.8 0.73 2.66 3.58 3.49 3.39 3.28 2.16 3.04 3.92 2.79 3.66 2.52 2.38 2.24 2.1 0.96 3.83 3.7 3.57 3.44 3.31 0.18 3.07 1.96 3.86 2.76 1.67 3.6 3.54 3.49 3.45 2.42 0.4 3.4 0.4 2.42 3.45 3.49 3.54 3.6 1.67 2.76 3.86 1.96 3.07 0.18 3.31 3.44 3.57 3.7 3.83 0.96 2.1 2.24 2.38 2.52 3.66 2.79 3.92 3.04 2.16 3.28 3.39 3.49 3.58 2.66 0.73 2.8 3.86 2.91 3.95 2.98 4 0 0 0 0 0 0 0 0 0 0 0 0 0 0 0 0 0 0 0 0 0 0 0 0 
0 0 0 0 0 0 0 0 0 0 0 0 0 0 0 0 0 0 0 0 0 0 0 0 0 4 0.98 3.96 0.92 2.88 3.83 2.77 0.7 2.63 3.55 3.46 3.36 0.25 3.15 3.04 3.93 2.81 2.69 3.57 3.45 3.33 1.21 3.1 3.99 3.88 3.77 2.66 1.56 3.47 3.38 2.29 2.21 0.14 2.09 2.05 2.02 3 2.99 3.99 2.99 3 2.02 2.05 2.09 0.14 2.21 2.29 3.38 3.47 1.56 2.66 3.77 3.88 3.99 3.1 1.21 3.33 3.45 3.57 2.69 2.81 3.93 3.04 3.15 0.25 3.36 3.46 3.55 2.63 0.7 2.77 3.83 2.88 0.92 3.96 0.98 4 0 0 0 0 0 0 0 0 0 0 0 0 0 0 0 0 0 0 0 0 0 0 0 0 0 
0 0 0 0 0 0 0 0 0 0 0 0 0 0 0 0 0 0 0 0 0 0 0 0 0 0 3 2.99 3.97 2.94 0.9 2.86 3.81 3.75 1.68 3.61 3.53 2.44 3.35 0.25 3.16 2.06 3.96 0.85 2.75 2.65 3.55 2.45 0.35 2.26 3.17 2.08 4 3.92 3.84 2.76 2.69 2.63 0.58 1.55 3.53 0.51 3.51 3.51 3.51 0.51 3.53 1.55 0.58 2.63 2.69 2.76 3.84 3.92 4 2.08 3.17 2.26 0.35 2.45 3.55 2.65 2.75 0.85 3.96 2.06 3.16 0.25 3.35 2.44 3.53 3.61 1.68 3.75 3.81 2.86 0.9 2.94 3.97 2.99 3 0 0 0 0 0 0 0 0 0 0 0 0 0 0 0 0 0 0 0 0 0 0 0 0 0 0 
0 0 0 0 0 0 0 0 0 0 0 0 0 0 0 0 0 0 0 0 0 0 0 0 0 0 0 2 0.99 2.98 3.96 3.93 2.89 0.84 2.79 0.73 2.67 3.6 1.52 2.44 1.36 3.28 2.19 3.1 1.01 3.93 0.84 2.76 3.68 3.6 1.52 3.45 3.38 3.31 3.24 2.17 2.11 2.06 1.02 4 2.98 2.97 3.97 3.97 3.97 2.97 2.98 4 1.02 2.06 2.11 2.17 3.24 3.31 3.38 3.45 1.52 3.6 3.68 2.76 0.84 3.93 1.01 3.1 2.19 3.28 1.36 2.44 1.52 3.6 2.67 0.73 2.79 0.84 2.89 3.93 3.96 2.98 0.99 2 0 0 0 0 0 0 0 0 0 0 0 0 0 0 0 0 0 0 0 0 0 0 0 0 0 0 0 
0 0 0 0 0 0 0 0 0 0 0 0 0 0 0 0 0 0 0 0 0 0 0 0 0 0 0 0 1 3 2.99 0.97 2.95 3.92 1.88 3.84 3.79 1.73 3.67 0.6 3.54 3.47 2.39 0.31 2.24 2.17 3.1 3.03 2.96 1.89 3.83 3.77 3.71 3.65 3.59 2.53 2.48 2.44 3.41 3.39 0.37 3.37 3.37 3.37 3.37 3.37 0.37 3.39 3.41 2.44 2.48 2.53 3.59 3.65 3.71 3.77 3.83 1.89 2.96 3.03 3.1 2.17 2.24 0.31 2.39 3.47 3.54 0.6 3.67 1.73 3.79 3.84 1.88 3.92 2.95 0.97 2.99 3 1 0 0 0 0 0 0 0 0 0 0 0 0 0 0 0 0 0 0 0 0 0 0 0 0 0 0 0 0 
0 0 0 0 0 0 0 0 0 0 0 0 0 0 0 0 0 0 0 0 0 0 0 0 0 0 0 0 0 0 1 4 3.99 1.97 3.95 3.92 1.88 3.84 2.79 2.74 3.69 3.63 0.56 2.5 2.44 2.38 2.32 2.26 2.2 1.14 3.09 3.04 2.99 2.94 2.89 1.84 1.8 3.77 0.74 3.73 2.72 3.72 3.72 3.72 3.72 3.72 2.72 3.73 0.74 3.77 1.8 1.84 2.89 2.94 2.99 3.04 3.09 1.14 2.2 2.26 2.32 2.38 2.44 2.5 0.56 3.63 3.69 2.74 2.79 3.84 1.88 3.92 3.95 1.97 3.99 4 1 0 0 0 0 0 0 0 0 0 0 0 0 0 0 0 0 0 0 0 0 0 0 0 0 0 0 0 0 0 0 
0 0 0 0 0 0 0 0 0 0 0 0 0 0 0 0 0 0 0 0 0 0 0 0 0 0 0 0 0 0 0 0 1 4 3.99 1.97 3.95 3.92 0.88 3.85 3.81 2.76 3.71 3.66 3.61 3.56 3.51 3.46 3.41 3.36 1.31 3.27 3.23 3.19 3.15 2.11 3.08 1.05 2.03 1.02 3.02 3.02 3.02 3.02 3.02 3.02 3.02 1.02 2.03 1.05 3.08 2.11 3.15 3.19 3.23 3.27 1.31 3.36 3.41 3.46 3.51 3.56 3.61 3.66 3.71 2.76 3.81 3.85 0.88 3.92 3.95 1.97 3.99 4 1 0 0 0 0 0 0 0 0 0 0 0 0 0 0 0 0 0 0 0 0 0 0 0 0 0 0 0 0 0 0 0 0 
0 0 0 0 0 0 0 0 0 0 0 0 0 0 0 0 0 0 0 0 0 0 0 0 0 0 0 0 0 0 0 0 0 0 1 4 3.99 1.97 2.95 3.93 3.9 2.86 1.82 1.78 1.74 1.7 2.66 2.62 2.58 2.54 2.5 0.46 2.43 2.4 2.37 1.34 3.32 3.3 0.28 3.28 3.28 3.28 3.28 3.28 3.28 3.28 3.28 3.28 0.28 3.3 3.32 1.34 2.37 2.4 2.43 0.46 2.5 2.54 2.58 2.62 2.66 1.7 1.74 1.78 1.82 2.86 3.9 3.93 2.95 1.97 3.99 4 1 0 0 0 0 0 0 0 0 0 0 0 0 0 0 0 0 0 0 0 0 0 0 0 0 0 0 0 0 0 0 0 0 0 0 
0 0 0 0 0 0 0 0 0 0 0 0 0 0 0 0 0 0 0 0 0 0 0 0 0 0 0 0 0 0 0 0 0 0 0 0 1 4 2.99 3.98 3.96 0.93 3.91 2.88 2.85 3.82 0.78 2.75 2.72 2.69 3.66 3.63 1.6 3.58 3.56 3.54 1.52 3.51 2.5 3.5 3.5 3.5 3.5 3.5 3.5 3.5 3.5 3.5 2.5 3.51 1.52 3.54 3.56 3.58 1.6 3.63 3.66 2.69 2.72 2.75 0.78 3.82 2.85 2.88 3.91 0.93 3.96 3.98 2.99 4 1 0 0 0 0 0 0 0 0 0 0 0 0 0 0 0 0 0 0 0 0 0 0 0 0 0 0 0 0 0 0 0 0 0 0 0 0 
0 0 0 0 0 0 0 0 0 0 0 0 0 0 0 0 0 0 0 0 0 0 0 0 0 0 0 0 0 0 0 0 0 0 0 0 0 0 1 3 1.99 2.98 3.97 2.95 2.93 3.91 2.88 0.85 2.83 3.81 0.78 2.76 2.74 0.72 2.71 3.7 3.69 1.68 3.68 3.68 3.68 3.68 3.68 3.68 3.68 3.68 3.68 3.68 3.68 1.68 3.69 3.7 2.71 0.72 2.74 2.76 0.78 3.81 2.83 0.85 2.88 3.91 2.93 2.95 3.97 2.98 1.99 3 1 0 0 0 0 0 0 0 0 0 0 0 0 0 0 0 0 0 0 0 0 0 0 0 0 0 0 0 0 0 0 0 0 0 0 0 0 0 0 
0 0 0 0 0 0 0 0 0 0 0 0 0 0 0 0 0 0 0 0 0 0 0 0 0 0 0 0 0 0 0 0 0 0 0 0 0 0 0 0 1 2 4 2.99 2.98 3.97 2.95 2.93 0.91 3.9 2.88 0.86 2.85 3.84 2.83 0.82 2.82 3.82 3.82 3.82 3.82 3.82 3.82 3.82 3.82 3.82 3.82 3.82 3.82 3.82 2.82 0.82 2.83 3.84 2.85 0.86 2.88 3.9 0.91 2.93 2.95 3.97 2.98 2.99 4 2 1 0 0 0 0 0 0 0 0 0 0 0 0 0 0 0 0 0 0 0 0 0 0 0 0 0 0 0 0 0 0 0 0 0 0 0 0 0 0 0 0 
0 0 0 0 0 0 0 0 0 0 0 0 0 0 0 0 0 0 0 0 0 0 0 0 0 0 0 0 0 0 0 0 0 0 0 0 0 0 0 0 0 0 0 1 2 4 2.99 2.98 2.97 2.96 2.95 3.94 2.93 0.92 2.92 3.92 3.92 3.92 3.92 3.92 3.92 3.92 3.92 3.92 3.92 3.92 3.92 3.92 3.92 3.92 3.92 3.92 2.92 0.92 2.93 3.94 2.95 2.96 2.97 2.98 2.99 4 2 1 0 0 0 0 0 0 0 0 0 0 0 0 0 0 0 0 0 0 0 0 0 0 0 0 0 0 0 0 0 0 0 0 0 0 0 0 0 0 0 0 0 0 0 
0 0 0 0 0 0 0 0 0 0 0 0 0 0 0 0 0 0 0 0 0 0 0 0 0 0 0 0 0 0 0 0 0 0 0 0 0 0 0 0 0 0 0 0 0 0 1 2 4 0.99 3.99 0.98 2.98 3.98 3.98 3.98 3.98 3.98 3.98 3.98 3.98 3.98 3.98 3.98 3.98 3.98 3.98 3.98 3.98 3.98 3.98 3.98 3.98 3.98 2.98 0.98 3.99 0.99 4 2 1 0 0 0 0 0 0 0 0 0 0 0 0 0 0 0 0 0 0 0 0 0 0 0 0 0 0 0 0 0 0 0 0 0 0 0 0 0 0 0 0 0 0 0 0 0 0 
0 0 0 0 0 0 0 0 0 0 0 0 0 0 0 0 0 0 0 0 0 0 0 0 0 0 0 0 0 0 0 0 0 0 0 0 0 0 0 0 0 0 0 0 0 0 0 0 0 1 1 2 2 2 2 2 2 2 2 2 2 2 2 2 2 2 2 2 2 2 2 2 2 2 2 2 1 1 0 0 0 0 0 0 0 0 0 0 0 0 0 0 0 0 0 0 0 0 0 0 0 0 0 0 0 0 0 0 0 0 0 0 0 0 0 0 0 0 0 0 0 0 0 0 0 0 0 
