0 0 0 0 0 0 0 0 0 0 0 0 0 0 0 0 0 0 0 0 0 0 0 0 0 0 0 0 0 0 0 0 0 0 0 0 0 0 0 0 0 0 0 0 0 0 0 0 0 0 0 0 0 0 0 0 0 0 0 0 0 0 0 0 0 0 0 0 0 0 0 0 0 0 0 0 0 0 0 0 0 0 0 0 0 0 0 0 0 0 0 0 0 0 0 0 0 0 0 0 0 0 0 0 0 0 0 0 0 0 0 0 0 0 0 0 0 0 0 0 0 0 0 0 0 0 0 0 0 
0 0.25 0.25 0.69 0.88 0.96 0.49 0.25 0.63 0.82 1.92 1.97 0.99 1 0 0 0 0 0 0 0 0 0 0 0 0 0 0 0 0 0 0 0 0 0 0 0 0 0 0 0 0 0 0 0 0 0 0 0 0 0 0 0 0 0 0 0 0 0 0 0 0 0 0 0 0 0 0 0 0 0 0 0 0 0 0 0 0 0 0 0 0 0 0 0 0 0 0 0 0 0 0 0 0 0 0 0 0 0 0 0 0 0 0 0 0 0 0 0 0 0 0 0 0 0 0 0 0 0 0 0 0 0 0 0 0 0 0 0 
0 0.25 1.38 0.63 0.82 0.43 1.49 1.39 0.52 1.18 1.56 0.77 1.89 0.95 0.98 2 0 0 0 0 0 0 0 0 0 0 0 0 0 0 0 0 0 0 0 0 0 0 0 0 0 0 0 0 0 0 0 0 0 0 0 0 0 0 0 0 0 0 0 0 0 0 0 0 0 0 0 0 0 0 0 0 0 0 0 0 0 0 0 0 0 0 0 0 0 0 0 0 0 0 0 0 0 0 0 0 0 0 0 0 0 0 0 0 0 0 0 0 0 0 0 0 0 0 0 0 0 0 0 0 0 0 0 0 0 0 0 0 0 
0 0.69 0.63 1.73 1.86 1.71 0.14 1.8 0.68 1.95 1.77 1.28 0.59 1.78 1.89 0.95 0.98 2 0 0 0 0 0 0 0 0 0 0 0 0 0 0 0 0 0 0 0 0 0 0 0 0 0 0 0 0 0 0 0 0 0 0 0 0 0 0 0 0 0 0 0 0 0 0 0 0 0 0 0 0 0 0 0 0 0 0 0 0 0 0 0 0 0 0 0 0 0 0 0 0 0 0 0 0 0 0 0 0 0 0 0 0 0 0 0 0 0 0 0 0 0 0 0 0 0 0 0 0 0 0 0 0 0 0 0 0 0 0 0 
0 0.88 0.82 1.86 0.94 1.9 1.58 0.23 1.49 0.24 0.52 0.41 1.01 0.4 0.65 1.81 0.9 1.96 1.99 1 0 0 0 0 0 0 0 0 0 0 0 0 0 0 0 0 0 0 0 0 0 0 0 0 0 0 0 0 0 0 0 0 0 0 0 0 0 0 0 0 0 0 0 0 0 0 0 0 0 0 0 0 0 0 0 0 0 0 0 0 0 0 0 0 0 0 0 0 0 0 0 0 0 0 0 0 0 0 0 0 0 0 0 0 0 0 0 0 0 0 0 0 0 0 0 0 0 0 0 0 0 0 0 0 0 0 0 0 0 
0 0.96 0.43 1.71 1.9 0.97 1.34 1.34 1.46 0.38 1.98 0.21 0.12 0.77 1.22 0.52 1.72 1.85 1.93 0.97 0.99 1 0 0 0 0 0 0 0 0 0 0 0 0 0 0 0 0 0 0 0 0 0 0 0 0 0 0 0 0 0 0 0 0 0 0 0 0 0 0 0 0 0 0 0 0 0 0 0 0 0 0 0 0 0 0 0 0 0 0 0 0 0 0 0 0 0 0 0 0 0 0 0 0 0 0 0 0 0 0 0 0 0 0 0 0 0 0 0 0 0 0 0 0 0 0 0 0 0 0 0 0 0 0 0 0 0 0 0 
0 0.49 1.49 0.14 1.58 1.34 0.4 1.43 2 0.73 1.39 1.83 2 0.9 0.57 0.05 0.39 1.63 1.79 1.89 1.95 0.98 2 0 0 0 0 0 0 0 0 0 0 0 0 0 0 0 0 0 0 0 0 0 0 0 0 0 0 0 0 0 0 0 0 0 0 0 0 0 0 0 0 0 0 0 0 0 0 0 0 0 0 0 0 0 0 0 0 0 0 0 0 0 0 0 0 0 0 0 0 0 0 0 0 0 0 0 0 0 0 0 0 0 0 0 0 0 0 0 0 0 0 0 0 0 0 0 0 0 0 0 0 0 0 0 0 0 0 
0 0.25 1.39 1.8 0.23 1.34 1.43 1.49 1.3 0.56 0.01 0.45 0.75 1.85 1.73 0.4 1.91 1.28 0.54 0.72 0.84 1.92 1.97 0.99 1 0 0 0 0 0 0 0 0 0 0 0 0 0 0 0 0 0 0 0 0 0 0 0 0 0 0 0 0 0 0 0 0 0 0 0 0 0 0 0 0 0 0 0 0 0 0 0 0 0 0 0 0 0 0 0 0 0 0 0 0 0 0 0 0 0 0 0 0 0 0 0 0 0 0 0 0 0 0 0 0 0 0 0 0 0 0 0 0 0 0 0 0 0 0 0 0 0 0 0 0 0 0 0 0 
0 0.63 0.52 0.68 1.49 1.46 2 1.3 0.35 2.55795e-13 1.05 1.29 0.55 1.73 0.75 0.59 0.26 0.78 1.17 0.45 0.65 0.79 1.89 1.95 0.98 2 0 0 0 0 0 0 0 0 0 0 0 0 0 0 0 0 0 0 0 0 0 0 0 0 0 0 0 0 0 0 0 0 0 0 0 0 0 0 0 0 0 0 0 0 0 0 0 0 0 0 0 0 0 0 0 0 0 0 0 0 0 0 0 0 0 0 0 0 0 0 0 0 0 0 0 0 0 0 0 0 0 0 0 0 0 0 0 0 0 0 0 0 0 0 0 0 0 0 0 0 0 0 0 
0 0.82 1.18 1.95 0.24 0.38 0.73 0.56 2.55795e-13 1.05 1.6 1.49 1.56 1.68 0.74 1.69 0.49 1.15 0.67 1.07 1.37 1.59 1.75 1.86 1.93 0.97 0.99 1 0 0 0 0 0 0 0 0 0 0 0 0 0 0 0 0 0 0 0 0 0 0 0 0 0 0 0 0 0 0 0 0 0 0 0 0 0 0 0 0 0 0 0 0 0 0 0 0 0 0 0 0 0 0 0 0 0 0 0 0 0 0 0 0 0 0 0 0 0 0 0 0 0 0 0 0 0 0 0 0 0 0 0 0 0 0 0 0 0 0 0 0 0 0 0 0 0 0 0 0 0 
0 1.92 1.56 1.77 0.52 1.98 1.39 0.01 1.05 1.6 1.65 0.11 1.88 1.82 0.81 1.78 1.66 0.42 1.06 1.58 1.99 1.3 0.53 0.7 0.82 0.9 0.95 0.98 2 0 0 0 0 0 0 0 0 0 0 0 0 0 0 0 0 0 0 0 0 0 0 0 0 0 0 0 0 0 0 0 0 0 0 0 0 0 0 0 0 0 0 0 0 0 0 0 0 0 0 0 0 0 0 0 0 0 0 0 0 0 0 0 0 0 0 0 0 0 0 0 0 0 0 0 0 0 0 0 0 0 0 0 0 0 0 0 0 0 0 0 0 0 0 0 0 0 0 0 0 
0 1.97 0.77 1.28 0.41 0.21 1.83 0.45 1.29 1.49 0.11 0.15 1.56 1.23 0.05 1.95 0.83 1.65 0.37 0.99 0.5 0.91 1.23 0.47 0.65 0.78 0.87 0.93 0.97 0.99 1 0 0 0 0 0 0 0 0 0 0 0 0 0 0 0 0 0 0 0 0 0 0 0 0 0 0 0 0 0 0 0 0 0 0 0 0 0 0 0 0 0 0 0 0 0 0 0 0 0 0 0 0 0 0 0 0 0 0 0 0 0 0 0 0 0 0 0 0 0 0 0 0 0 0 0 0 0 0 0 0 0 0 0 0 0 0 0 0 0 0 0 0 0 0 0 0 0 0 
0 0.99 1.89 0.59 1.01 0.12 2 0.75 0.55 1.56 1.88 1.56 0.6 1.96 0.54 1.28 0.08 0.89 0.65 1.34 1.94 1.44 1.85 1.17 1.42 1.61 1.75 1.85 1.92 0.96 1.99 1 0 0 0 0 0 0 0 0 0 0 0 0 0 0 0 0 0 0 0 0 0 0 0 0 0 0 0 0 0 0 0 0 0 0 0 0 0 0 0 0 0 0 0 0 0 0 0 0 0 0 0 0 0 0 0 0 0 0 0 0 0 0 0 0 0 0 0 0 0 0 0 0 0 0 0 0 0 0 0 0 0 0 0 0 0 0 0 0 0 0 0 0 0 0 0 0 0 
0 1 0.95 1.78 0.4 0.77 0.9 1.85 1.73 1.68 1.82 1.23 1.96 1 1.31 0.83 1.49 1.22 0.96 0.67 0.32 1.9 1.39 0.79 0.11 1.37 1.57 1.72 1.83 0.9 0.95 0.98 2 0 0 0 0 0 0 0 0 0 0 0 0 0 0 0 0 0 0 0 0 0 0 0 0 0 0 0 0 0 0 0 0 0 0 0 0 0 0 0 0 0 0 0 0 0 0 0 0 0 0 0 0 0 0 0 0 0 0 0 0 0 0 0 0 0 0 0 0 0 0 0 0 0 0 0 0 0 0 0 0 0 0 0 0 0 0 0 0 0 0 0 0 0 0 0 0 
0 0 0.98 1.89 0.65 1.22 0.57 1.73 0.75 0.74 0.81 0.05 0.54 1.31 1.35 1.63 0.09 1.69 0.35 0.03 1.7 1.32 0.87 0.34 1.74 0.06 0.32 1.53 1.69 0.8 0.88 1.94 1.98 2 0 0 0 0 0 0 0 0 0 0 0 0 0 0 0 0 0 0 0 0 0 0 0 0 0 0 0 0 0 0 0 0 0 0 0 0 0 0 0 0 0 0 0 0 0 0 0 0 0 0 0 0 0 0 0 0 0 0 0 0 0 0 0 0 0 0 0 0 0 0 0 0 0 0 0 0 0 0 0 0 0 0 0 0 0 0 0 0 0 0 0 0 0 0 0 
0 0 2 0.95 1.81 0.52 0.05 0.4 0.59 1.69 1.78 1.95 1.28 0.83 1.63 1.67 1.92 1.34 1.88 0.48 0.11 1.74 0.32 1.85 1.31 1.7 1.02 0.28 0.49 0.65 0.77 0.86 1.93 0.97 0.99 1 0 0 0 0 0 0 0 0 0 0 0 0 0 0 0 0 0 0 0 0 0 0 0 0 0 0 0 0 0 0 0 0 0 0 0 0 0 0 0 0 0 0 0 0 0 0 0 0 0 0 0 0 0 0 0 0 0 0 0 0 0 0 0 0 0 0 0 0 0 0 0 0 0 0 0 0 0 0 0 0 0 0 0 0 0 0 0 0 0 0 0 0 0 
0 0 0 0.98 0.9 1.72 0.39 1.91 0.26 0.49 1.66 0.83 0.08 1.49 0.09 1.92 1.96 0.18 0.56 1.05 1.61 1.2 0.78 0.33 1.84 0.28 0.66 0.98 0.24 0.45 1.62 1.75 1.85 1.92 0.96 1.99 1 0 0 0 0 0 0 0 0 0 0 0 0 0 0 0 0 0 0 0 0 0 0 0 0 0 0 0 0 0 0 0 0 0 0 0 0 0 0 0 0 0 0 0 0 0 0 0 0 0 0 0 0 0 0 0 0 0 0 0 0 0 0 0 0 0 0 0 0 0 0 0 0 0 0 0 0 0 0 0 0 0 0 0 0 0 0 0 0 0 0 0 0 
0 0 0 2 1.96 1.85 1.63 1.28 0.78 1.15 0.42 1.65 0.89 1.22 1.69 1.34 0.18 0.21 1.42 1.77 1.22 1.74 0.28 1.83 0.35 0.83 1.26 0.63 1.95 1.21 0.42 0.59 1.73 0.83 0.9 0.95 0.98 2 0 0 0 0 0 0 0 0 0 0 0 0 0 0 0 0 0 0 0 0 0 0 0 0 0 0 0 0 0 0 0 0 0 0 0 0 0 0 0 0 0 0 0 0 0 0 0 0 0 0 0 0 0 0 0 0 0 0 0 0 0 0 0 0 0 0 0 0 0 0 0 0 0 0 0 0 0 0 0 0 0 0 0 0 0 0 0 0 0 0 0 
0 0 0 0 1.99 1.93 1.79 0.54 1.17 0.67 1.06 0.37 0.65 0.96 0.35 1.88 0.56 1.42 0.45 0.64 0.96 1.38 1.86 1.37 0.88 0.37 0.83 0.24 1.61 0.92 1.18 0.39 1.57 1.71 0.81 1.89 0.94 1.98 2 0 0 0 0 0 0 0 0 0 0 0 0 0 0 0 0 0 0 0 0 0 0 0 0 0 0 0 0 0 0 0 0 0 0 0 0 0 0 0 0 0 0 0 0 0 0 0 0 0 0 0 0 0 0 0 0 0 0 0 0 0 0 0 0 0 0 0 0 0 0 0 0 0 0 0 0 0 0 0 0 0 0 0 0 0 0 0 0 0 0 
0 0 0 0 1 0.97 1.89 0.72 0.45 1.07 1.58 0.99 1.34 0.67 0.03 0.48 1.05 1.77 0.64 0.67 1.85 0.14 1.53 1.98 0.45 0.93 1.4 1.84 1.24 0.59 1.9 0.15 1.37 1.55 1.69 1.8 1.88 1.94 1.98 2 0 0 0 0 0 0 0 0 0 0 0 0 0 0 0 0 0 0 0 0 0 0 0 0 0 0 0 0 0 0 0 0 0 0 0 0 0 0 0 0 0 0 0 0 0 0 0 0 0 0 0 0 0 0 0 0 0 0 0 0 0 0 0 0 0 0 0 0 0 0 0 0 0 0 0 0 0 0 0 0 0 0 0 0 0 0 0 0 0 
0 0 0 0 0 0.99 1.95 0.84 0.65 1.37 1.99 0.5 1.94 0.32 1.7 0.11 1.61 1.22 0.96 1.85 0.88 1.04 0.31 0.67 0.08 1.53 1.99 0.43 0.85 0.23 1.58 1.88 0.13 1.35 1.53 0.67 0.78 1.87 0.93 0.97 0.99 1 0 0 0 0 0 0 0 0 0 0 0 0 0 0 0 0 0 0 0 0 0 0 0 0 0 0 0 0 0 0 0 0 0 0 0 0 0 0 0 0 0 0 0 0 0 0 0 0 0 0 0 0 0 0 0 0 0 0 0 0 0 0 0 0 0 0 0 0 0 0 0 0 0 0 0 0 0 0 0 0 0 0 0 0 0 0 0 
0 0 0 0 0 1 0.98 1.92 0.79 1.59 1.3 0.91 1.44 1.9 1.32 1.74 1.2 1.74 1.38 0.14 1.04 1.07 1.22 0.47 0.8 1.19 0.61 1.04 0.46 0.86 0.23 1.57 0.86 0.11 1.33 1.51 0.65 1.77 1.86 0.92 0.96 1.99 1 0 0 0 0 0 0 0 0 0 0 0 0 0 0 0 0 0 0 0 0 0 0 0 0 0 0 0 0 0 0 0 0 0 0 0 0 0 0 0 0 0 0 0 0 0 0 0 0 0 0 0 0 0 0 0 0 0 0 0 0 0 0 0 0 0 0 0 0 0 0 0 0 0 0 0 0 0 0 0 0 0 0 0 0 0 0 
0 0 0 0 0 0 2 1.97 1.89 1.75 0.53 1.23 1.85 1.39 0.87 0.32 0.78 0.28 1.86 1.53 0.31 1.22 1.25 1.39 0.62 0.93 0.29 1.69 0.09 0.49 1.88 1.24 0.56 1.85 1.1 0.31 1.49 1.64 1.76 1.85 0.91 1.96 1.99 1 0 0 0 0 0 0 0 0 0 0 0 0 0 0 0 0 0 0 0 0 0 0 0 0 0 0 0 0 0 0 0 0 0 0 0 0 0 0 0 0 0 0 0 0 0 0 0 0 0 0 0 0 0 0 0 0 0 0 0 0 0 0 0 0 0 0 0 0 0 0 0 0 0 0 0 0 0 0 0 0 0 0 0 0 0 
0 0 0 0 0 0 0 0.99 1.95 1.86 0.7 0.47 1.17 0.79 0.34 1.85 0.33 1.83 1.37 1.98 0.67 0.47 1.39 1.42 1.55 1.77 0.05 0.39 0.76 0.14 1.53 0.9 0.24 1.56 0.84 0.08 0.29 0.47 0.62 0.74 0.83 0.9 0.95 0.98 2 0 0 0 0 0 0 0 0 0 0 0 0 0 0 0 0 0 0 0 0 0 0 0 0 0 0 0 0 0 0 0 0 0 0 0 0 0 0 0 0 0 0 0 0 0 0 0 0 0 0 0 0 0 0 0 0 0 0 0 0 0 0 0 0 0 0 0 0 0 0 0 0 0 0 0 0 0 0 0 0 0 0 0 0 
0 0 0 0 0 0 0 1 0.98 1.93 0.82 0.65 1.42 0.11 1.74 1.31 1.84 0.35 0.88 0.45 0.08 0.8 0.62 1.55 1.58 0.7 0.9 1.17 1.49 1.84 0.2 1.57 0.92 0.25 1.56 0.83 1.07 1.28 1.46 1.61 1.73 0.82 0.89 0.94 1.98 2 0 0 0 0 0 0 0 0 0 0 0 0 0 0 0 0 0 0 0 0 0 0 0 0 0 0 0 0 0 0 0 0 0 0 0 0 0 0 0 0 0 0 0 0 0 0 0 0 0 0 0 0 0 0 0 0 0 0 0 0 0 0 0 0 0 0 0 0 0 0 0 0 0 0 0 0 0 0 0 0 0 0 0 
0 0 0 0 0 0 0 0 2 0.97 0.9 0.78 1.61 1.37 0.06 1.7 0.28 0.83 0.37 0.93 1.53 1.19 0.93 1.77 0.7 1.73 0.84 1.03 0.28 0.58 0.91 1.26 1.61 1.95 1.27 0.56 1.83 0.06 1.27 1.45 1.6 1.72 0.81 0.88 1.94 1.98 2 0 0 0 0 0 0 0 0 0 0 0 0 0 0 0 0 0 0 0 0 0 0 0 0 0 0 0 0 0 0 0 0 0 0 0 0 0 0 0 0 0 0 0 0 0 0 0 0 0 0 0 0 0 0 0 0 0 0 0 0 0 0 0 0 0 0 0 0 0 0 0 0 0 0 0 0 0 0 0 0 0 0 
0 0 0 0 0 0 0 0 0 0.99 0.95 0.87 1.75 1.57 0.32 1.02 0.66 1.26 0.83 1.4 1.99 0.61 0.29 0.05 0.9 0.84 1.87 1.98 0.15 1.39 0.67 1.99 1.32 0.65 1.98 0.28 1.57 1.83 1.06 0.26 1.44 1.59 1.71 0.8 1.88 1.94 1.98 2 0 0 0 0 0 0 0 0 0 0 0 0 0 0 0 0 0 0 0 0 0 0 0 0 0 0 0 0 0 0 0 0 0 0 0 0 0 0 0 0 0 0 0 0 0 0 0 0 0 0 0 0 0 0 0 0 0 0 0 0 0 0 0 0 0 0 0 0 0 0 0 0 0 0 0 0 0 0 0 0 0 
0 0 0 0 0 0 0 0 0 1 0.98 0.93 1.85 1.72 1.53 0.28 0.98 0.63 0.24 1.84 0.43 1.04 1.69 0.39 1.17 1.03 1.98 1.13687e-13 1.1 1.27 0.49 0.76 1.06 0.37 0.69 1 1.3 1.58 0.83 0.05 0.25 1.43 1.58 1.7 1.8 1.88 1.94 1.98 2 0 0 0 0 0 0 0 0 0 0 0 0 0 0 0 0 0 0 0 0 0 0 0 0 0 0 0 0 0 0 0 0 0 0 0 0 0 0 0 0 0 0 0 0 0 0 0 0 0 0 0 0 0 0 0 0 0 0 0 0 0 0 0 0 0 0 0 0 0 0 0 0 0 0 0 0 0 0 0 0 
0 0 0 0 0 0 0 0 0 0 2 0.97 1.92 1.83 1.69 0.49 0.24 1.95 1.61 1.24 0.85 0.46 0.09 0.76 1.49 0.28 0.15 1.1 0.12 1.22 1.38 0.59 1.85 1.13 1.43 0.73 1.03 1.32 1.59 0.83 1.05 1.25 0.42 1.57 0.69 0.79 0.87 0.93 0.97 0.99 1 0 0 0 0 0 0 0 0 0 0 0 0 0 0 0 0 0 0 0 0 0 0 0 0 0 0 0 0 0 0 0 0 0 0 0 0 0 0 0 0 0 0 0 0 0 0 0 0 0 0 0 0 0 0 0 0 0 0 0 0 0 0 0 0 0 0 0 0 0 0 0 0 0 0 0 0 0 0 
0 0 0 0 0 0 0 0 0 0 0 0.99 0.96 0.9 0.8 0.65 0.45 1.21 0.92 0.59 0.23 0.86 0.49 0.14 1.84 0.58 1.39 1.27 1.22 0.24 0.33 0.48 1.69 0.93 1.2 0.48 0.77 1.06 1.34 1.6 1.84 0.05 0.24 0.41 1.56 0.68 0.78 0.86 0.92 0.96 1.99 1 0 0 0 0 0 0 0 0 0 0 0 0 0 0 0 0 0 0 0 0 0 0 0 0 0 0 0 0 0 0 0 0 0 0 0 0 0 0 0 0 0 0 0 0 0 0 0 0 0 0 0 0 0 0 0 0 0 0 0 0 0 0 0 0 0 0 0 0 0 0 0 0 0 0 0 0 0 
0 0 0 0 0 0 0 0 0 0 0 1 1.99 0.95 0.88 0.77 1.62 0.42 1.18 1.9 1.58 0.23 1.88 1.53 0.2 0.91 0.67 0.49 1.38 0.33 0.35 1.44 1.59 0.78 1.01 0.26 0.53 0.81 1.09 1.36 0.61 0.84 1.05 1.24 1.41 0.55 0.67 0.77 0.85 0.91 1.96 1.99 1 0 0 0 0 0 0 0 0 0 0 0 0 0 0 0 0 0 0 0 0 0 0 0 0 0 0 0 0 0 0 0 0 0 0 0 0 0 0 0 0 0 0 0 0 0 0 0 0 0 0 0 0 0 0 0 0 0 0 0 0 0 0 0 0 0 0 0 0 0 0 0 0 0 0 0 0 
0 0 0 0 0 0 0 0 0 0 0 0 1 0.98 1.94 0.86 1.75 0.59 0.39 0.15 1.88 1.57 1.24 0.9 1.57 1.26 1.99 0.76 0.59 0.48 1.44 0.46 1.55 1.69 0.87 0.08 0.32 0.58 0.85 1.12 1.38 0.62 1.85 0.05 1.24 0.4 0.54 0.66 0.76 0.84 1.91 1.96 1.99 1 0 0 0 0 0 0 0 0 0 0 0 0 0 0 0 0 0 0 0 0 0 0 0 0 0 0 0 0 0 0 0 0 0 0 0 0 0 0 0 0 0 0 0 0 0 0 0 0 0 0 0 0 0 0 0 0 0 0 0 0 0 0 0 0 0 0 0 0 0 0 0 0 0 0 0 
0 0 0 0 0 0 0 0 0 0 0 0 0 2 1.98 1.93 1.85 1.73 1.57 1.37 0.13 0.86 0.56 0.24 0.92 1.61 1.32 1.06 1.85 1.69 1.59 1.55 0.57 0.65 0.78 0.95 0.15 0.38 0.63 0.89 1.15 1.4 1.64 1.86 1.06 1.24 1.4 1.54 1.66 1.76 0.84 1.91 1.96 1.99 1 0 0 0 0 0 0 0 0 0 0 0 0 0 0 0 0 0 0 0 0 0 0 0 0 0 0 0 0 0 0 0 0 0 0 0 0 0 0 0 0 0 0 0 0 0 0 0 0 0 0 0 0 0 0 0 0 0 0 0 0 0 0 0 0 0 0 0 0 0 0 0 0 0 0 
0 0 0 0 0 0 0 0 0 0 0 0 0 0 2 0.97 1.92 0.83 1.71 1.55 1.35 0.11 1.85 1.56 0.25 1.95 0.65 0.37 1.13 0.93 0.78 1.69 0.65 0.67 1.75 0.87 1.03 0.22 0.44 0.68 0.93 1.18 0.42 0.65 1.87 0.06 1.24 1.4 1.54 1.66 1.76 0.84 1.91 1.96 1.99 1 0 0 0 0 0 0 0 0 0 0 0 0 0 0 0 0 0 0 0 0 0 0 0 0 0 0 0 0 0 0 0 0 0 0 0 0 0 0 0 0 0 0 0 0 0 0 0 0 0 0 0 0 0 0 0 0 0 0 0 0 0 0 0 0 0 0 0 0 0 0 0 0 0 
0 0 0 0 0 0 0 0 0 0 0 0 0 0 0 0.99 0.96 0.9 0.81 1.69 1.53 1.33 1.1 0.84 1.56 1.27 1.98 0.69 1.43 1.2 1.01 0.87 0.78 1.75 0.77 0.84 1.96 1.11 0.29 0.5 0.73 0.97 1.21 0.44 1.67 1.88 1.07 0.24 1.4 1.54 1.66 1.76 0.84 1.91 1.96 1.99 1 0 0 0 0 0 0 0 0 0 0 0 0 0 0 0 0 0 0 0 0 0 0 0 0 0 0 0 0 0 0 0 0 0 0 0 0 0 0 0 0 0 0 0 0 0 0 0 0 0 0 0 0 0 0 0 0 0 0 0 0 0 0 0 0 0 0 0 0 0 0 0 0 
0 0 0 0 0 0 0 0 0 0 0 0 0 0 0 1 1.99 0.95 1.89 1.8 0.67 1.51 0.31 0.08 0.83 0.56 0.28 1 0.73 0.48 0.26 0.08 0.95 0.87 0.84 0.86 0.93 1.04 0.18 1.36 0.56 0.78 1.01 1.24 1.47 1.69 0.89 0.07 0.24 1.4 1.54 1.66 1.76 0.84 1.91 1.96 1.99 1 0 0 0 0 0 0 0 0 0 0 0 0 0 0 0 0 0 0 0 0 0 0 0 0 0 0 0 0 0 0 0 0 0 0 0 0 0 0 0 0 0 0 0 0 0 0 0 0 0 0 0 0 0 0 0 0 0 0 0 0 0 0 0 0 0 0 0 0 0 0 0 
0 0 0 0 0 0 0 0 0 0 0 0 0 0 0 0 1 0.98 0.94 1.88 0.78 0.65 1.49 0.29 1.07 1.83 1.57 1.3 1.03 0.77 0.53 0.32 0.15 1.03 1.96 0.93 0.95 0.01 0.11 0.25 0.42 1.62 0.83 1.05 0.27 0.49 0.7 1.9 1.08 1.25 0.4 1.54 1.66 1.76 0.84 1.91 1.96 1.99 1 0 0 0 0 0 0 0 0 0 0 0 0 0 0 0 0 0 0 0 0 0 0 0 0 0 0 0 0 0 0 0 0 0 0 0 0 0 0 0 0 0 0 0 0 0 0 0 0 0 0 0 0 0 0 0 0 0 0 0 0 0 0 0 0 0 0 0 0 0 0 
0 0 0 0 0 0 0 0 0 0 0 0 0 0 0 0 0 2 1.98 1.94 1.87 1.77 1.64 0.47 1.28 0.06 1.83 1.58 1.32 1.06 0.81 0.58 0.38 0.22 1.11 1.04 0.01 1.03 1.09 1.19 0.32 1.49 1.68 0.88 1.09 0.3 0.51 1.72 0.91 1.09 0.25 0.4 1.54 1.66 1.76 0.84 1.91 1.96 1.99 1 0 0 0 0 0 0 0 0 0 0 0 0 0 0 0 0 0 0 0 0 0 0 0 0 0 0 0 0 0 0 0 0 0 0 0 0 0 0 0 0 0 0 0 0 0 0 0 0 0 0 0 0 0 0 0 0 0 0 0 0 0 0 0 0 0 0 0 0 0 
0 0 0 0 0 0 0 0 0 0 0 0 0 0 0 0 0 0 2 1.98 0.93 1.86 1.76 0.62 1.46 1.27 1.06 0.83 1.59 1.34 1.09 0.85 0.63 0.44 0.29 0.18 0.11 1.09 1.11 1.17 0.26 0.39 0.55 0.73 1.93 1.13 0.33 1.54 1.74 1.93 1.1 1.26 1.41 0.54 1.66 1.76 0.84 1.91 1.96 1.99 1 0 0 0 0 0 0 0 0 0 0 0 0 0 0 0 0 0 0 0 0 0 0 0 0 0 0 0 0 0 0 0 0 0 0 0 0 0 0 0 0 0 0 0 0 0 0 0 0 0 0 0 0 0 0 0 0 0 0 0 0 0 0 0 0 0 0 0 0 
0 0 0 0 0 0 0 0 0 0 0 0 0 0 0 0 0 0 0 2 0.97 0.92 1.85 0.74 1.61 1.45 0.26 0.05 0.83 1.6 1.36 1.12 0.89 0.68 0.5 1.36 0.25 1.19 1.17 1.19 0.24 0.33 1.46 0.61 1.79 1.98 1.17 1.37 1.57 0.76 0.94 1.11 1.27 0.41 0.54 1.66 1.76 0.84 1.91 1.96 1.99 1 0 0 0 0 0 0 0 0 0 0 0 0 0 0 0 0 0 0 0 0 0 0 0 0 0 0 0 0 0 0 0 0 0 0 0 0 0 0 0 0 0 0 0 0 0 0 0 0 0 0 0 0 0 0 0 0 0 0 0 0 0 0 0 0 0 0 0 
0 0 0 0 0 0 0 0 0 0 0 0 0 0 0 0 0 0 0 0 0.99 0.96 0.91 0.83 1.73 1.6 1.44 0.25 1.05 1.84 0.61 1.38 1.15 0.93 0.73 0.56 0.42 0.32 0.26 0.24 1.26 0.31 0.4 0.52 0.67 0.84 1.02 1.21 0.4 0.59 1.78 1.96 0.12 0.27 0.41 0.54 1.66 1.76 0.84 1.91 1.96 1.99 1 0 0 0 0 0 0 0 0 0 0 0 0 0 0 0 0 0 0 0 0 0 0 0 0 0 0 0 0 0 0 0 0 0 0 0 0 0 0 0 0 0 0 0 0 0 0 0 0 0 0 0 0 0 0 0 0 0 0 0 0 0 0 0 0 0 0 
0 0 0 0 0 0 0 0 0 0 0 0 0 0 0 0 0 0 0 0 1 1.99 1.96 0.9 0.82 1.72 1.59 1.43 1.25 0.05 0.84 0.62 1.4 1.18 0.97 0.78 1.62 1.49 0.39 0.33 0.31 1.33 0.38 1.47 1.59 0.73 0.89 0.06 0.24 1.43 1.62 0.8 0.97 1.13 1.28 1.42 1.55 0.66 1.76 0.84 1.91 1.96 1.99 1 0 0 0 0 0 0 0 0 0 0 0 0 0 0 0 0 0 0 0 0 0 0 0 0 0 0 0 0 0 0 0 0 0 0 0 0 0 0 0 0 0 0 0 0 0 0 0 0 0 0 0 0 0 0 0 0 0 0 0 0 0 0 0 0 0 
0 0 0 0 0 0 0 0 0 0 0 0 0 0 0 0 0 0 0 0 0 1 1.99 0.95 0.89 0.81 1.71 1.58 0.42 0.24 1.05 1.85 1.64 0.42 1.21 1.01 0.83 1.68 0.55 1.46 0.4 0.38 1.4 0.45 1.54 0.65 1.79 0.94 0.1 1.28 0.46 0.64 1.82 1.99 0.14 1.29 1.43 0.55 0.66 1.76 0.84 1.91 1.96 1.99 1 0 0 0 0 0 0 0 0 0 0 0 0 0 0 0 0 0 0 0 0 0 0 0 0 0 0 0 0 0 0 0 0 0 0 0 0 0 0 0 0 0 0 0 0 0 0 0 0 0 0 0 0 0 0 0 0 0 0 0 0 0 0 0 0 
0 0 0 0 0 0 0 0 0 0 0 0 0 0 0 0 0 0 0 0 0 0 1 0.98 0.94 0.88 0.8 1.7 1.57 0.41 1.24 0.05 1.86 0.65 0.44 1.24 1.05 0.88 0.73 0.61 0.52 1.47 0.45 1.47 0.52 0.6 0.71 0.84 1.99 1.15 1.32 0.49 1.67 0.84 1 0.15 1.3 0.43 0.55 0.66 1.76 0.84 1.91 1.96 1.99 1 0 0 0 0 0 0 0 0 0 0 0 0 0 0 0 0 0 0 0 0 0 0 0 0 0 0 0 0 0 0 0 0 0 0 0 0 0 0 0 0 0 0 0 0 0 0 0 0 0 0 0 0 0 0 0 0 0 0 0 0 0 0 0 
0 0 0 0 0 0 0 0 0 0 0 0 0 0 0 0 0 0 0 0 0 0 0 2 1.98 1.94 1.88 1.8 0.69 1.56 1.41 1.24 1.06 1.87 1.67 1.47 0.27 1.09 1.93 1.79 0.67 1.59 1.54 0.52 1.54 1.59 1.67 0.77 1.9 1.04 0.19 0.35 0.52 0.69 1.86 0.01 0.16 0.3 0.43 0.55 0.66 1.76 0.84 1.91 1.96 1.99 1 0 0 0 0 0 0 0 0 0 0 0 0 0 0 0 0 0 0 0 0 0 0 0 0 0 0 0 0 0 0 0 0 0 0 0 0 0 0 0 0 0 0 0 0 0 0 0 0 0 0 0 0 0 0 0 0 0 0 0 0 0 0 
0 0 0 0 0 0 0 0 0 0 0 0 0 0 0 0 0 0 0 0 0 0 0 0 2 1.98 1.94 1.88 0.79 0.68 0.55 0.4 1.24 0.06 1.88 1.69 0.49 0.3 1.13 1.98 0.84 0.73 0.65 0.6 1.59 1.61 1.66 0.73 0.83 0.95 0.08 1.23 1.39 0.55 1.72 1.88 1.03 0.17 1.31 1.44 1.56 1.67 0.76 0.84 1.91 1.96 1.99 1 0 0 0 0 0 0 0 0 0 0 0 0 0 0 0 0 0 0 0 0 0 0 0 0 0 0 0 0 0 0 0 0 0 0 0 0 0 0 0 0 0 0 0 0 0 0 0 0 0 0 0 0 0 0 0 0 0 0 0 0 0 
0 0 0 0 0 0 0 0 0 0 0 0 0 0 0 0 0 0 0 0 0 0 0 0 0 2 1.98 1.94 0.87 0.78 0.67 0.54 1.4 1.24 1.07 0.89 0.7 0.51 0.33 1.17 1.02 0.89 1.79 0.71 1.67 1.66 1.68 0.72 0.79 1.89 1 1.13 0.27 0.42 0.58 0.74 1.9 0.04 0.18 1.32 1.45 1.57 0.67 0.76 0.84 1.91 1.96 1.99 1 0 0 0 0 0 0 0 0 0 0 0 0 0 0 0 0 0 0 0 0 0 0 0 0 0 0 0 0 0 0 0 0 0 0 0 0 0 0 0 0 0 0 0 0 0 0 0 0 0 0 0 0 0 0 0 0 0 0 0 0 
0 0 0 0 0 0 0 0 0 0 0 0 0 0 0 0 0 0 0 0 0 0 0 0 0 0 2 1.98 0.93 0.86 0.77 0.66 1.54 1.4 0.24 0.07 1.9 1.72 1.54 1.37 1.21 0.06 0.94 0.84 0.77 0.73 0.72 1.74 0.78 0.85 0.94 1.05 0.17 1.31 1.46 0.61 1.77 1.92 1.06 1.2 0.33 1.46 0.57 0.67 0.76 0.84 1.91 1.96 1.99 1 0 0 0 0 0 0 0 0 0 0 0 0 0 0 0 0 0 0 0 0 0 0 0 0 0 0 0 0 0 0 0 0 0 0 0 0 0 0 0 0 0 0 0 0 0 0 0 0 0 0 0 0 0 0 0 0 0 0 0 
0 0 0 0 0 0 0 0 0 0 0 0 0 0 0 0 0 0 0 0 0 0 0 0 0 0 0 2 0.97 0.92 0.85 0.76 1.66 1.54 1.4 0.24 1.08 0.91 1.74 1.57 0.4 0.24 0.1 1.99 1.9 0.83 0.79 0.78 1.8 0.84 1.91 2 1.1 1.22 0.35 0.49 0.64 0.79 1.94 1.08 0.21 0.34 0.46 0.57 0.67 0.76 0.84 1.91 1.96 1.99 1 0 0 0 0 0 0 0 0 0 0 0 0 0 0 0 0 0 0 0 0 0 0 0 0 0 0 0 0 0 0 0 0 0 0 0 0 0 0 0 0 0 0 0 0 0 0 0 0 0 0 0 0 0 0 0 0 0 0 
0 0 0 0 0 0 0 0 0 0 0 0 0 0 0 0 0 0 0 0 0 0 0 0 0 0 0 0 0.99 0.96 0.91 0.84 1.76 1.66 1.54 1.4 1.25 1.09 1.93 0.76 0.59 1.43 1.28 1.15 1.04 0.95 1.89 0.85 0.84 1.86 0.9 1.97 1.05 1.15 0.26 1.39 1.53 0.67 1.82 0.96 0.09 0.22 1.35 1.47 1.58 1.68 1.77 1.85 0.91 1.96 1.99 1 0 0 0 0 0 0 0 0 0 0 0 0 0 0 0 0 0 0 0 0 0 0 0 0 0 0 0 0 0 0 0 0 0 0 0 0 0 0 0 0 0 0 0 0 0 0 0 0 0 0 0 0 0 0 0 0 0 
0 0 0 0 0 0 0 0 0 0 0 0 0 0 0 0 0 0 0 0 0 0 0 0 0 0 0 0 1 1.99 1.96 1.91 0.84 1.76 1.66 1.54 0.4 0.25 1.1 0.94 1.78 1.62 0.46 1.32 0.19 0.08 1 0.94 1.91 0.9 1.92 0.96 1.02 1.1 0.19 0.3 1.43 0.56 0.7 0.84 1.98 1.11 1.24 0.36 1.48 1.59 1.69 1.78 0.85 0.91 1.96 1.99 1 0 0 0 0 0 0 0 0 0 0 0 0 0 0 0 0 0 0 0 0 0 0 0 0 0 0 0 0 0 0 0 0 0 0 0 0 0 0 0 0 0 0 0 0 0 0 0 0 0 0 0 0 0 0 0 0 
0 0 0 0 0 0 0 0 0 0 0 0 0 0 0 0 0 0 0 0 0 0 0 0 0 0 0 0 0 1 1.99 1.96 1.91 0.84 1.76 1.66 1.54 0.4 1.26 1.11 1.96 0.8 0.64 0.49 0.35 1.23 1.13 1.05 2 1.97 0.96 1.98 0.01 1.07 0.14 0.23 0.34 0.46 0.59 1.73 1.87 1 1.13 0.25 0.37 1.49 1.6 1.7 0.78 0.85 0.91 1.96 1.99 1 0 0 0 0 0 0 0 0 0 0 0 0 0 0 0 0 0 0 0 0 0 0 0 0 0 0 0 0 0 0 0 0 0 0 0 0 0 0 0 0 0 0 0 0 0 0 0 0 0 0 0 0 0 0 0 
0 0 0 0 0 0 0 0 0 0 0 0 0 0 0 0 0 0 0 0 0 0 0 0 0 0 0 0 0 0 1 1.99 1.96 1.91 0.84 1.76 1.66 1.54 1.41 1.27 0.12 0.97 1.82 1.67 0.52 1.39 0.27 0.17 1.1 1.05 1.02 0.01 0.02 1.06 0.11 0.18 0.27 1.38 1.5 1.63 0.76 0.89 1.02 0.14 0.26 0.38 1.5 1.61 0.7 0.78 0.85 0.91 1.96 1.99 1 0 0 0 0 0 0 0 0 0 0 0 0 0 0 0 0 0 0 0 0 0 0 0 0 0 0 0 0 0 0 0 0 0 0 0 0 0 0 0 0 0 0 0 0 0 0 0 0 0 0 0 0 0 0 
0 0 0 0 0 0 0 0 0 0 0 0 0 0 0 0 0 0 0 0 0 0 0 0 0 0 0 0 0 0 0 1 1.99 1.96 1.91 0.84 1.76 1.66 0.54 0.41 0.27 1.13 1.99 0.84 0.69 0.55 0.42 1.31 1.22 1.15 1.1 1.07 1.06 0.07 0.1 0.15 0.22 0.31 1.42 1.54 0.66 1.79 1.92 1.04 1.16 1.28 1.4 0.51 0.61 0.7 0.78 0.85 0.91 1.96 1.99 1 0 0 0 0 0 0 0 0 0 0 0 0 0 0 0 0 0 0 0 0 0 0 0 0 0 0 0 0 0 0 0 0 0 0 0 0 0 0 0 0 0 0 0 0 0 0 0 0 0 0 0 0 0 
0 0 0 0 0 0 0 0 0 0 0 0 0 0 0 0 0 0 0 0 0 0 0 0 0 0 0 0 0 0 0 0 1 1.99 1.96 1.91 0.84 1.76 1.66 0.54 0.41 1.28 0.14 1 1.86 1.72 0.58 1.46 0.35 0.26 0.19 0.14 0.11 0.1 0.11 0.14 0.19 0.26 0.35 1.46 0.57 0.69 1.82 0.94 1.06 1.18 1.3 0.41 1.52 1.62 1.71 1.79 1.86 1.92 0.96 1.99 1 0 0 0 0 0 0 0 0 0 0 0 0 0 0 0 0 0 0 0 0 0 0 0 0 0 0 0 0 0 0 0 0 0 0 0 0 0 0 0 0 0 0 0 0 0 0 0 0 0 0 0 0 
0 0 0 0 0 0 0 0 0 0 0 0 0 0 0 0 0 0 0 0 0 0 0 0 0 0 0 0 0 0 0 0 0 1 1.99 1.96 1.91 0.84 1.76 1.66 0.54 1.42 1.29 0.15 0.01 1.88 0.74 0.61 0.49 1.39 0.3 0.23 0.18 0.15 0.14 0.15 0.18 0.23 0.3 0.39 0.49 0.6 0.72 0.84 0.96 1.08 1.2 0.31 0.42 1.53 1.63 1.72 1.8 1.87 0.92 0.96 1.99 1 0 0 0 0 0 0 0 0 0 0 0 0 0 0 0 0 0 0 0 0 0 0 0 0 0 0 0 0 0 0 0 0 0 0 0 0 0 0 0 0 0 0 0 0 0 0 0 0 0 0 0 
0 0 0 0 0 0 0 0 0 0 0 0 0 0 0 0 0 0 0 0 0 0 0 0 0 0 0 0 0 0 0 0 0 0 1 1.99 1.96 1.91 0.84 1.76 1.66 1.55 1.43 1.3 0.16 1.03 1.9 1.77 0.64 1.53 1.43 0.34 0.27 0.22 0.19 0.18 0.19 0.22 0.27 0.34 1.43 1.53 1.64 0.75 1.87 1.99 0.1 0.21 0.32 0.43 1.54 1.64 1.73 1.81 0.87 0.92 0.96 1.99 1 0 0 0 0 0 0 0 0 0 0 0 0 0 0 0 0 0 0 0 0 0 0 0 0 0 0 0 0 0 0 0 0 0 0 0 0 0 0 0 0 0 0 0 0 0 0 0 0 0 0 
0 0 0 0 0 0 0 0 0 0 0 0 0 0 0 0 0 0 0 0 0 0 0 0 0 0 0 0 0 0 0 0 0 0 0 1 1.99 1.96 1.91 0.84 1.76 0.66 0.55 0.43 0.3 0.17 0.04 1.92 0.79 0.67 0.56 0.46 1.38 0.31 0.26 0.23 0.22 0.23 0.26 0.31 0.38 1.47 1.57 0.67 0.78 1.9 1.01 1.12 1.23 1.34 1.45 0.55 1.65 1.74 0.81 0.87 0.92 0.96 1.99 1 0 0 0 0 0 0 0 0 0 0 0 0 0 0 0 0 0 0 0 0 0 0 0 0 0 0 0 0 0 0 0 0 0 0 0 0 0 0 0 0 0 0 0 0 0 0 0 0 0 
0 0 0 0 0 0 0 0 0 0 0 0 0 0 0 0 0 0 0 0 0 0 0 0 0 0 0 0 0 0 0 0 0 0 0 0 1 1.99 1.96 1.91 0.84 1.76 0.66 0.55 0.43 1.31 0.18 1.06 1.94 1.82 0.7 0.59 1.5 1.42 0.35 0.3 0.27 0.26 0.27 0.3 0.35 0.42 1.51 0.6 0.7 0.81 0.92 1.03 1.14 1.25 1.36 0.46 0.56 1.66 0.74 0.81 0.87 0.92 0.96 1.99 1 0 0 0 0 0 0 0 0 0 0 0 0 0 0 0 0 0 0 0 0 0 0 0 0 0 0 0 0 0 0 0 0 0 0 0 0 0 0 0 0 0 0 0 0 0 0 0 0 
0 0 0 0 0 0 0 0 0 0 0 0 0 0 0 0 0 0 0 0 0 0 0 0 0 0 0 0 0 0 0 0 0 0 0 0 0 1 1.99 1.96 1.91 0.84 1.76 0.66 0.55 1.44 1.32 1.2 1.08 0.96 0.84 1.73 1.63 1.54 1.46 0.39 0.34 0.31 0.3 0.31 0.34 0.39 0.46 0.54 0.63 0.73 1.84 1.95 0.05 1.16 1.27 0.37 0.47 0.57 0.66 0.74 0.81 0.87 0.92 0.96 1.99 1 0 0 0 0 0 0 0 0 0 0 0 0 0 0 0 0 0 0 0 0 0 0 0 0 0 0 0 0 0 0 0 0 0 0 0 0 0 0 0 0 0 0 0 0 0 0 0 
0 0 0 0 0 0 0 0 0 0 0 0 0 0 0 0 0 0 0 0 0 0 0 0 0 0 0 0 0 0 0 0 0 0 0 0 0 0 1 1.99 1.96 1.91 0.84 1.76 0.66 1.56 1.45 0.33 0.21 0.09 1.98 1.87 0.76 0.66 0.57 0.49 1.43 0.38 0.35 0.34 0.35 0.38 0.43 1.5 1.58 1.67 1.77 0.87 0.97 0.07 1.18 0.28 0.38 0.48 1.58 1.67 1.75 1.82 1.88 1.93 1.97 0.99 1 0 0 0 0 0 0 0 0 0 0 0 0 0 0 0 0 0 0 0 0 0 0 0 0 0 0 0 0 0 0 0 0 0 0 0 0 0 0 0 0 0 0 0 0 0 0 
0 0 0 0 0 0 0 0 0 0 0 0 0 0 0 0 0 0 0 0 0 0 0 0 0 0 0 0 0 0 0 0 0 0 0 0 0 0 0 1 1.99 1.96 1.91 0.84 1.76 1.67 1.57 1.46 0.34 0.22 1.11 1 0.89 1.79 0.69 0.6 1.53 1.47 0.42 0.39 0.38 0.39 0.42 0.47 1.54 1.62 1.71 0.8 1.9 2 1.1 1.2 1.3 1.4 1.5 0.59 1.68 1.76 1.83 1.89 1.94 0.97 0.99 1 0 0 0 0 0 0 0 0 0 0 0 0 0 0 0 0 0 0 0 0 0 0 0 0 0 0 0 0 0 0 0 0 0 0 0 0 0 0 0 0 0 0 0 0 0 
0 0 0 0 0 0 0 0 0 0 0 0 0 0 0 0 0 0 0 0 0 0 0 0 0 0 0 0 0 0 0 0 0 0 0 0 0 0 0 0 1 1.99 1.96 1.91 0.84 0.76 0.67 0.57 0.46 1.35 1.24 1.13 1.02 1.92 1.82 0.72 1.64 1.57 1.51 0.46 0.43 0.42 0.43 0.46 0.51 1.58 1.66 0.74 0.83 1.93 0.02 1.12 1.22 1.32 1.42 0.51 0.6 1.69 1.77 1.84 1.9 0.94 0.97 0.99 1 0 0 0 0 0 0 0 0 0 0 0 0 0 0 0 0 0 0 0 0 0 0 0 0 0 0 0 0 0 0 0 0 0 0 0 0 0 0 0 0 0 0 0 0 
0 0 0 0 0 0 0 0 0 0 0 0 0 0 0 0 0 0 0 0 0 0 0 0 0 0 0 0 0 0 0 0 0 0 0 0 0 0 0 0 0 1 1.99 1.96 1.91 0.84 0.76 0.67 0.57 1.47 0.36 0.25 0.14 1.04 0.94 0.84 0.75 0.67 0.6 0.54 1.5 0.47 0.46 0.47 0.5 0.55 1.62 0.69 0.77 0.86 0.95 0.04 1.14 1.24 1.34 0.43 0.52 0.61 1.7 1.78 1.85 0.9 0.94 0.97 0.99 1 0 0 0 0 0 0 0 0 0 0 0 0 0 0 0 0 0 0 0 0 0 0 0 0 0 0 0 0 0 0 0 0 0 0 0 0 0 0 0 0 0 0 0 
0 0 0 0 0 0 0 0 0 0 0 0 0 0 0 0 0 0 0 0 0 0 0 0 0 0 0 0 0 0 0 0 0 0 0 0 0 0 0 0 0 0 1 1.99 1.96 1.91 0.84 0.76 0.67 1.58 1.48 0.37 0.26 1.16 1.06 0.96 1.87 0.78 0.7 0.63 1.58 1.54 0.51 0.5 0.51 0.54 0.59 0.65 0.72 0.8 1.89 1.98 1.07 0.16 1.26 0.35 0.44 0.53 0.62 1.71 1.79 0.85 0.9 0.94 0.97 0.99 1 0 0 0 0 0 0 0 0 0 0 0 0 0 0 0 0 0 0 0 0 0 0 0 0 0 0 0 0 0 0 0 0 0 0 0 0 0 0 0 0 0 0 
0 0 0 0 0 0 0 0 0 0 0 0 0 0 0 0 0 0 0 0 0 0 0 0 0 0 0 0 0 0 0 0 0 0 0 0 0 0 0 0 0 0 0 1 1.99 1.96 1.91 0.84 0.76 1.68 1.59 1.49 0.38 1.28 1.18 1.08 1.99 1.9 0.81 0.73 1.67 1.62 1.58 0.55 0.54 0.55 0.58 1.63 1.69 1.76 1.84 0.92 2.84217e-14 1.09 0.18 0.27 0.36 0.45 0.54 0.63 1.72 0.79 0.85 0.9 0.94 0.97 0.99 1 0 0 0 0 0 0 0 0 0 0 0 0 0 0 0 0 0 0 0 0 0 0 0 0 0 0 0 0 0 0 0 0 0 0 0 0 0 0 0 0 0 
0 0 0 0 0 0 0 0 0 0 0 0 0 0 0 0 0 0 0 0 0 0 0 0 0 0 0 0 0 0 0 0 0 0 0 0 0 0 0 0 0 0 0 0 1 1.99 1.96 1.91 0.84 1.77 1.69 1.6 1.5 1.4 1.3 1.2 0.1 1.01 0.92 1.84 1.77 1.71 1.66 1.62 0.59 0.58 0.59 0.62 1.67 1.73 1.8 0.87 1.95 1.03 0.11 1.2 1.29 1.38 1.47 1.56 1.65 1.73 1.8 1.86 1.91 1.95 1.98 2 0 0 0 0 0 0 0 0 0 0 0 0 0 0 0 0 0 0 0 0 0 0 0 0 0 0 0 0 0 0 0 0 0 0 0 0 0 0 0 0 0 
0 0 0 0 0 0 0 0 0 0 0 0 0 0 0 0 0 0 0 0 0 0 0 0 0 0 0 0 0 0 0 0 0 0 0 0 0 0 0 0 0 0 0 0 0 1 1.99 1.96 1.91 1.85 1.78 1.7 1.61 0.51 0.41 0.31 0.21 1.12 1.03 1.95 0.87 0.8 0.74 0.69 0.65 1.63 0.62 0.63 0.66 1.71 1.77 0.83 0.9 1.98 0.05 0.13 1.22 1.31 1.4 1.49 1.58 0.66 1.74 1.81 1.87 1.92 1.96 1.99 1 0 0 0 0 0 0 0 0 0 0 0 0 0 0 0 0 0 0 0 0 0 0 0 0 0 0 0 0 0 0 0 0 0 0 0 0 0 0 0 0 
0 0 0 0 0 0 0 0 0 0 0 0 0 0 0 0 0 0 0 0 0 0 0 0 0 0 0 0 0 0 0 0 0 0 0 0 0 0 0 0 0 0 0 0 0 0 1 1.99 1.96 0.91 0.85 0.78 0.7 0.61 1.52 0.42 0.32 1.23 1.14 0.05 0.97 1.9 0.83 0.77 0.72 1.69 1.67 0.66 0.67 0.7 1.75 0.8 0.86 0.93 1 0.07 0.15 1.24 1.33 1.42 1.51 0.59 0.67 1.75 1.82 1.88 1.93 1.97 0.99 1 0 0 0 0 0 0 0 0 0 0 0 0 0 0 0 0 0 0 0 0 0 0 0 0 0 0 0 0 0 0 0 0 0 0 0 0 0 0 0 
0 0 0 0 0 0 0 0 0 0 0 0 0 0 0 0 0 0 0 0 0 0 0 0 0 0 0 0 0 0 0 0 0 0 0 0 0 0 0 0 0 0 0 0 0 0 0 1 1.99 1.96 0.91 0.85 0.78 0.7 1.62 1.53 0.43 1.34 1.25 1.16 0.07 2 1.93 0.86 0.8 1.76 1.73 1.71 0.7 0.71 0.74 0.78 0.83 0.89 1.96 0.02 0.09 0.17 1.26 1.35 1.44 0.52 0.6 0.68 1.76 1.83 1.89 1.94 0.97 0.99 1 0 0 0 0 0 0 0 0 0 0 0 0 0 0 0 0 0 0 0 0 0 0 0 0 0 0 0 0 0 0 0 0 0 0 0 0 0 0 
0 0 0 0 0 0 0 0 0 0 0 0 0 0 0 0 0 0 0 0 0 0 0 0 0 0 0 0 0 0 0 0 0 0 0 0 0 0 0 0 0 0 0 0 0 0 0 0 1 1.99 1.96 0.91 0.85 0.78 1.71 1.63 1.54 1.45 1.36 1.27 1.18 1.1 0.02 0.95 1.89 1.84 1.8 1.77 1.75 0.74 0.75 1.78 1.82 1.87 1.93 1.99 1.05 1.12 1.2 0.28 1.37 0.45 0.53 0.61 0.69 1.77 1.84 1.9 0.94 0.97 0.99 1 0 0 0 0 0 0 0 0 0 0 0 0 0 0 0 0 0 0 0 0 0 0 0 0 0 0 0 0 0 0 0 0 0 0 0 0 0 
0 0 0 0 0 0 0 0 0 0 0 0 0 0 0 0 0 0 0 0 0 0 0 0 0 0 0 0 0 0 0 0 0 0 0 0 0 0 0 0 0 0 0 0 0 0 0 0 0 1 1.99 1.96 0.91 0.85 1.79 1.72 1.64 0.55 0.46 0.37 0.28 1.2 1.12 0.04 1.98 0.92 0.87 0.83 0.8 0.78 1.78 0.79 1.82 1.86 1.91 0.96 0.01 0.07 0.14 1.22 0.3 0.38 0.46 0.54 0.62 0.7 1.78 1.85 0.9 0.94 0.97 0.99 1 0 0 0 0 0 0 0 0 0 0 0 0 0 0 0 0 0 0 0 0 0 0 0 0 0 0 0 0 0 0 0 0 0 0 0 0 
0 0 0 0 0 0 0 0 0 0 0 0 0 0 0 0 0 0 0 0 0 0 0 0 0 0 0 0 0 0 0 0 0 0 0 0 0 0 0 0 0 0 0 0 0 0 0 0 0 0 1 1.99 1.96 0.91 1.86 1.8 1.73 1.65 0.56 0.47 0.38 1.3 1.22 1.14 1.07 2.84217e-14 1.95 0.9 0.86 0.83 1.82 1.82 0.83 1.86 1.9 0.94 1.99 1.04 1.1 1.17 0.24 1.32 1.4 1.48 1.56 1.64 1.72 0.79 0.85 0.9 0.94 0.97 0.99 1 0 0 0 0 0 0 0 0 0 0 0 0 0 0 0 0 0 0 0 0 0 0 0 0 0 0 0 0 0 0 0 0 0 0 0 
0 0 0 0 0 0 0 0 0 0 0 0 0 0 0 0 0 0 0 0 0 0 0 0 0 0 0 0 0 0 0 0 0 0 0 0 0 0 0 0 0 0 0 0 0 0 0 0 0 0 0 1 1.99 1.96 1.92 1.87 1.81 1.74 1.66 0.57 0.48 1.4 1.32 1.24 0.16 1.09 1.03 1.98 0.93 0.89 1.87 1.86 1.86 0.87 1.9 0.93 0.97 0.01 0.06 0.12 1.19 0.26 1.34 1.42 1.5 1.58 1.66 0.73 1.8 1.86 1.91 1.95 1.98 2 0 0 0 0 0 0 0 0 0 0 0 0 0 0 0 0 0 0 0 0 0 0 0 0 0 0 0 0 0 0 0 0 0 0 0 
0 0 0 0 0 0 0 0 0 0 0 0 0 0 0 0 0 0 0 0 0 0 0 0 0 0 0 0 0 0 0 0 0 0 0 0 0 0 0 0 0 0 0 0 0 0 0 0 0 0 0 0 1 1.99 0.96 0.92 0.87 0.81 0.74 0.66 1.58 1.5 1.42 1.34 1.26 0.18 0.11 0.05 1 1.96 1.93 1.91 1.9 1.9 0.91 0.93 0.96 2 1.04 1.09 1.15 0.21 0.28 1.36 1.44 1.52 1.6 0.67 0.74 1.81 1.87 1.92 1.96 1.99 1 0 0 0 0 0 0 0 0 0 0 0 0 0 0 0 0 0 0 0 0 0 0 0 0 0 0 0 0 0 0 0 0 0 0 
0 0 0 0 0 0 0 0 0 0 0 0 0 0 0 0 0 0 0 0 0 0 0 0 0 0 0 0 0 0 0 0 0 0 0 0 0 0 0 0 0 0 0 0 0 0 0 0 0 0 0 0 0 1 1.99 0.96 0.92 0.87 0.81 0.74 1.67 0.59 0.51 0.43 0.35 0.27 1.2 0.13 0.07 0.02 1.99 0.96 0.94 0.93 0.93 0.94 0.96 0.99 0.02 0.06 0.11 1.17 0.23 0.3 1.38 1.46 1.54 0.61 0.68 0.75 1.82 1.88 1.93 1.97 0.99 1 0 0 0 0 0 0 0 0 0 0 0 0 0 0 0 0 0 0 0 0 0 0 0 0 0 0 0 0 0 0 0 0 0 
0 0 0 0 0 0 0 0 0 0 0 0 0 0 0 0 0 0 0 0 0 0 0 0 0 0 0 0 0 0 0 0 0 0 0 0 0 0 0 0 0 0 0 0 0 0 0 0 0 0 0 0 0 0 1 1.99 0.96 0.92 0.87 0.81 1.75 1.68 0.6 0.52 0.44 0.36 1.29 1.22 0.15 0.09 1.05 0.01 1.99 0.97 0.96 0.96 0.97 0.99 0.01 0.04 0.08 0.13 1.19 0.25 0.32 1.4 1.48 0.55 0.62 0.69 0.76 1.83 1.89 1.94 0.97 0.99 1 0 0 0 0 0 0 0 0 0 0 0 0 0 0 0 0 0 0 0 0 0 0 0 0 0 0 0 0 0 0 0 0 
0 0 0 0 0 0 0 0 0 0 0 0 0 0 0 0 0 0 0 0 0 0 0 0 0 0 0 0 0 0 0 0 0 0 0 0 0 0 0 0 0 0 0 0 0 0 0 0 0 0 0 0 0 0 0 1 1.99 0.96 0.92 0.87 1.82 1.76 1.69 0.61 0.53 0.45 1.38 1.31 1.24 0.17 1.12 0.07 1.04 0.01 2 0.99 0.99 1 0.01 0.03 0.06 0.1 0.15 1.21 0.27 0.34 1.42 0.49 0.56 0.63 0.7 0.77 1.84 1.9 0.94 0.97 0.99 1 0 0 0 0 0 0 0 0 0 0 0 0 0 0 0 0 0 0 0 0 0 0 0 0 0 0 0 0 0 0 0 
0 0 0 0 0 0 0 0 0 0 0 0 0 0 0 0 0 0 0 0 0 0 0 0 0 0 0 0 0 0 0 0 0 0 0 0 0 0 0 0 0 0 0 0 0 0 0 0 0 0 0 0 0 0 0 0 1 1.99 0.96 0.92 1.88 1.83 1.77 1.7 0.62 0.54 1.47 1.4 1.33 1.26 1.2 0.14 1.1 0.06 1.04 0.02 0.01 0.01 1.02 0.03 0.05 0.08 0.12 0.17 1.23 0.29 0.36 0.43 0.5 0.57 0.64 0.71 0.78 1.85 0.9 0.94 0.97 0.99 1 0 0 0 0 0 0 0 0 0 0 0 0 0 0 0 0 0 0 0 0 0 0 0 0 0 0 0 0 0 0 
0 0 0 0 0 0 0 0 0 0 0 0 0 0 0 0 0 0 0 0 0 0 0 0 0 0 0 0 0 0 0 0 0 0 0 0 0 0 0 0 0 0 0 0 0 0 0 0 0 0 0 0 0 0 0 0 0 1 1.99 0.96 1.93 1.89 1.84 1.78 1.71 0.63 1.56 1.49 1.42 1.35 0.28 1.22 1.17 0.12 1.09 0.06 0.04 0.03 0.03 1.04 0.05 0.07 0.1 0.14 0.19 1.25 0.31 1.38 1.45 1.52 1.59 1.66 1.73 1.8 1.86 1.91 1.95 1.98 2 0 0 0 0 0 0 0 0 0 0 0 0 0 0 0 0 0 0 0 0 0 0 0 0 0 0 0 0 0 0 
0 0 0 0 0 0 0 0 0 0 0 0 0 0 0 0 0 0 0 0 0 0 0 0 0 0 0 0 0 0 0 0 0 0 0 0 0 0 0 0 0 0 0 0 0 0 0 0 0 0 0 0 0 0 0 0 0 0 1 1.99 1.97 1.94 1.9 1.85 1.79 1.72 1.65 1.58 1.51 1.44 1.37 0.3 0.24 1.19 1.15 0.11 0.08 0.06 0.05 0.05 1.06 0.07 0.09 0.12 0.16 0.21 1.27 0.33 1.4 1.47 1.54 1.61 1.68 1.75 0.81 1.87 1.92 1.96 1.99 1 0 0 0 0 0 0 0 0 0 0 0 0 0 0 0 0 0 0 0 0 0 0 0 0 0 0 0 0 0 
0 0 0 0 0 0 0 0 0 0 0 0 0 0 0 0 0 0 0 0 0 0 0 0 0 0 0 0 0 0 0 0 0 0 0 0 0 0 0 0 0 0 0 0 0 0 0 0 0 0 0 0 0 0 0 0 0 0 0 1 0.99 0.97 0.94 0.9 0.85 0.79 1.73 0.66 0.59 0.52 0.45 0.38 1.32 0.26 0.21 1.17 0.13 0.1 0.08 0.07 0.07 1.08 0.09 0.11 0.14 0.18 0.23 1.29 0.35 1.42 1.49 1.56 1.63 1.7 0.76 0.82 1.88 1.93 1.97 0.99 1 0 0 0 0 0 0 0 0 0 0 0 0 0 0 0 0 0 0 0 0 0 0 0 0 0 0 0 0 
0 0 0 0 0 0 0 0 0 0 0 0 0 0 0 0 0 0 0 0 0 0 0 0 0 0 0 0 0 0 0 0 0 0 0 0 0 0 0 0 0 0 0 0 0 0 0 0 0 0 0 0 0 0 0 0 0 0 0 0 1 0.99 0.97 0.94 0.9 0.85 1.8 1.74 0.67 0.6 0.53 0.46 1.4 1.34 0.28 0.23 1.19 0.15 0.12 0.1 0.09 0.09 1.1 0.11 0.13 0.16 0.2 0.25 1.31 0.37 1.44 1.51 1.58 1.65 0.71 0.77 0.83 1.89 1.94 0.97 0.99 1 0 0 0 0 0 0 0 0 0 0 0 0 0 0 0 0 0 0 0 0 0 0 0 0 0 0 0 
0 0 0 0 0 0 0 0 0 0 0 0 0 0 0 0 0 0 0 0 0 0 0 0 0 0 0 0 0 0 0 0 0 0 0 0 0 0 0 0 0 0 0 0 0 0 0 0 0 0 0 0 0 0 0 0 0 0 0 0 0 1 0.99 0.97 0.94 0.9 1.86 1.81 1.75 0.68 0.61 0.54 1.48 1.42 1.36 0.3 0.25 1.21 0.17 0.14 0.12 0.11 0.11 1.12 0.13 0.15 0.18 0.22 0.27 1.33 0.39 1.46 1.53 1.6 0.66 0.72 0.78 0.84 1.9 0.94 0.97 0.99 1 0 0 0 0 0 0 0 0 0 0 0 0 0 0 0 0 0 0 0 0 0 0 0 0 0 0 
0 0 0 0 0 0 0 0 0 0 0 0 0 0 0 0 0 0 0 0 0 0 0 0 0 0 0 0 0 0 0 0 0 0 0 0 0 0 0 0 0 0 0 0 0 0 0 0 0 0 0 0 0 0 0 0 0 0 0 0 0 0 1 0.99 0.97 0.94 1.91 1.87 1.82 1.76 0.69 0.62 1.56 1.5 1.44 1.38 0.32 0.27 1.23 0.19 0.16 0.14 0.13 0.13 1.14 0.15 0.17 0.2 0.24 0.29 1.35 0.41 1.48 1.55 0.61 0.67 0.73 0.79 0.85 0.9 0.94 0.97 0.99 1 0 0 0 0 0 0 0 0 0 0 0 0 0 0 0 0 0 0 0 0 0 0 0 0 0 
0 0 0 0 0 0 0 0 0 0 0 0 0 0 0 0 0 0 0 0 0 0 0 0 0 0 0 0 0 0 0 0 0 0 0 0 0 0 0 0 0 0 0 0 0 0 0 0 0 0 0 0 0 0 0 0 0 0 0 0 0 0 0 1 0.99 0.97 1.95 1.92 1.88 1.83 1.77 0.7 1.64 1.58 1.52 1.46 1.4 0.34 0.29 1.25 0.21 0.18 0.16 0.15 0.15 1.16 0.17 0.19 0.22 0.26 0.31 1.37 0.43 1.5 0.56 0.62 0.68 0.74 0.8 1.86 1.91 1.95 1.98 2 0 0 0 0 0 0 0 0 0 0 0 0 0 0 0 0 0 0 0 0 0 0 0 0 0 
0 0 0 0 0 0 0 0 0 0 0 0 0 0 0 0 0 0 0 0 0 0 0 0 0 0 0 0 0 0 0 0 0 0 0 0 0 0 0 0 0 0 0 0 0 0 0 0 0 0 0 0 0 0 0 0 0 0 0 0 0 0 0 0 1 0.99 1.98 1.96 1.93 1.89 1.84 1.78 1.72 1.66 1.6 1.54 1.48 1.42 0.36 0.31 1.27 0.23 0.2 0.18 0.17 0.17 1.18 0.19 0.21 0.24 0.28 0.33 1.39 0.45 0.51 0.57 0.63 0.69 0.75 0.81 1.87 1.92 1.96 1.99 1 0 0 0 0 0 0 0 0 0 0 0 0 0 0 0 0 0 0 0 0 0 0 0 0 
0 0 0 0 0 0 0 0 0 0 0 0 0 0 0 0 0 0 0 0 0 0 0 0 0 0 0 0 0 0 0 0 0 0 0 0 0 0 0 0 0 0 0 0 0 0 0 0 0 0 0 0 0 0 0 0 0 0 0 0 0 0 0 0 0 1 2 1.99 1.97 1.94 1.9 1.85 0.79 0.73 0.67 0.61 0.55 0.49 0.43 1.38 0.33 1.29 0.25 0.22 0.2 0.19 0.19 1.2 0.21 0.23 0.26 0.3 0.35 1.41 1.47 1.53 1.59 1.65 1.71 1.77 1.83 0.88 1.93 1.97 0.99 1 0 0 0 0 0 0 0 0 0 0 0 0 0 0 0 0 0 0 0 0 0 0 0 
0 0 0 0 0 0 0 0 0 0 0 0 0 0 0 0 0 0 0 0 0 0 0 0 0 0 0 0 0 0 0 0 0 0 0 0 0 0 0 0 0 0 0 0 0 0 0 0 0 0 0 0 0 0 0 0 0 0 0 0 0 0 0 0 0 0 0 1 0.99 0.97 0.94 0.9 0.85 1.8 0.74 0.68 0.62 0.56 0.5 1.45 1.4 0.35 1.31 0.27 0.24 0.22 0.21 0.21 1.22 0.23 0.25 0.28 0.32 0.37 1.43 1.49 1.55 1.61 1.67 1.73 1.79 0.84 0.89 1.94 0.97 0.99 1 0 0 0 0 0 0 0 0 0 0 0 0 0 0 0 0 0 0 0 0 0 0 
0 0 0 0 0 0 0 0 0 0 0 0 0 0 0 0 0 0 0 0 0 0 0 0 0 0 0 0 0 0 0 0 0 0 0 0 0 0 0 0 0 0 0 0 0 0 0 0 0 0 0 0 0 0 0 0 0 0 0 0 0 0 0 0 0 0 0 0 1 0.99 0.97 0.94 0.9 1.86 1.81 0.75 0.69 0.63 0.57 1.52 1.47 1.42 0.37 1.33 0.29 0.26 0.24 0.23 0.23 1.24 0.25 0.27 0.3 0.34 0.39 1.45 1.51 1.57 1.63 1.69 1.75 0.8 0.85 0.9 0.94 0.97 0.99 1 0 0 0 0 0 0 0 0 0 0 0 0 0 0 0 0 0 0 0 0 0 
0 0 0 0 0 0 0 0 0 0 0 0 0 0 0 0 0 0 0 0 0 0 0 0 0 0 0 0 0 0 0 0 0 0 0 0 0 0 0 0 0 0 0 0 0 0 0 0 0 0 0 0 0 0 0 0 0 0 0 0 0 0 0 0 0 0 0 0 0 1 0.99 0.97 0.94 1.91 1.87 1.82 0.76 0.7 0.64 1.59 1.54 1.49 1.44 0.39 1.35 0.31 0.28 0.26 0.25 0.25 1.26 0.27 0.29 0.32 0.36 0.41 1.47 1.53 1.59 1.65 1.71 0.76 0.81 0.86 1.91 1.95 1.98 2 0 0 0 0 0 0 0 0 0 0 0 0 0 0 0 0 0 0 0 0 0 
0 0 0 0 0 0 0 0 0 0 0 0 0 0 0 0 0 0 0 0 0 0 0 0 0 0 0 0 0 0 0 0 0 0 0 0 0 0 0 0 0 0 0 0 0 0 0 0 0 0 0 0 0 0 0 0 0 0 0 0 0 0 0 0 0 0 0 0 0 0 1 0.99 0.97 1.95 1.92 1.88 1.83 0.77 0.71 1.66 1.61 1.56 1.51 1.46 0.41 1.37 0.33 0.3 0.28 0.27 0.27 1.28 0.29 0.31 0.34 0.38 0.43 1.49 1.55 1.61 1.67 0.72 0.77 0.82 0.87 1.92 1.96 1.99 1 0 0 0 0 0 0 0 0 0 0 0 0 0 0 0 0 0 0 0 0 
0 0 0 0 0 0 0 0 0 0 0 0 0 0 0 0 0 0 0 0 0 0 0 0 0 0 0 0 0 0 0 0 0 0 0 0 0 0 0 0 0 0 0 0 0 0 0 0 0 0 0 0 0 0 0 0 0 0 0 0 0 0 0 0 0 0 0 0 0 0 0 1 0.99 1.98 1.96 1.93 1.89 1.84 0.78 1.73 1.68 1.63 1.58 1.53 1.48 0.43 1.39 0.35 0.32 0.3 0.29 0.29 1.3 0.31 0.33 0.36 0.4 0.45 1.51 1.57 1.63 0.68 0.73 0.78 0.83 0.88 1.93 1.97 0.99 1 0 0 0 0 0 0 0 0 0 0 0 0 0 0 0 0 0 0 0 
0 0 0 0 0 0 0 0 0 0 0 0 0 0 0 0 0 0 0 0 0 0 0 0 0 0 0 0 0 0 0 0 0 0 0 0 0 0 0 0 0 0 0 0 0 0 0 0 0 0 0 0 0 0 0 0 0 0 0 0 0 0 0 0 0 0 0 0 0 0 0 0 1 2 1.99 1.97 1.94 1.9 1.85 1.8 1.75 1.7 1.65 1.6 1.55 1.5 0.45 1.41 0.37 0.34 0.32 0.31 0.31 1.32 0.33 0.35 0.38 0.42 0.47 1.53 1.59 0.64 0.69 0.74 0.79 0.84 0.89 1.94 0.97 0.99 1 0 0 0 0 0 0 0 0 0 0 0 0 0 0 0 0 0 0 
0 0 0 0 0 0 0 0 0 0 0 0 0 0 0 0 0 0 0 0 0 0 0 0 0 0 0 0 0 0 0 0 0 0 0 0 0 0 0 0 0 0 0 0 0 0 0 0 0 0 0 0 0 0 0 0 0 0 0 0 0 0 0 0 0 0 0 0 0 0 0 0 0 0 1 0.99 0.97 0.94 0.9 1.86 0.81 0.76 0.71 0.66 0.61 0.56 0.51 1.47 1.43 0.39 0.36 0.34 0.33 0.33 1.34 0.35 0.37 0.4 0.44 0.49 1.55 0.6 0.65 0.7 0.75 0.8 0.85 0.9 0.94 0.97 0.99 1 0 0 0 0 0 0 0 0 0 0 0 0 0 0 0 0 0 
0 0 0 0 0 0 0 0 0 0 0 0 0 0 0 0 0 0 0 0 0 0 0 0 0 0 0 0 0 0 0 0 0 0 0 0 0 0 0 0 0 0 0 0 0 0 0 0 0 0 0 0 0 0 0 0 0 0 0 0 0 0 0 0 0 0 0 0 0 0 0 0 0 0 0 1 0.99 0.97 0.94 1.91 1.87 0.82 0.77 0.72 0.67 0.62 0.57 1.53 1.49 1.45 0.41 0.38 0.36 0.35 0.35 1.36 0.37 0.39 0.42 0.46 0.51 0.56 0.61 0.66 0.71 0.76 0.81 0.86 1.91 1.95 1.98 2 0 0 0 0 0 0 0 0 0 0 0 0 0 0 0 0 0 
0 0 0 0 0 0 0 0 0 0 0 0 0 0 0 0 0 0 0 0 0 0 0 0 0 0 0 0 0 0 0 0 0 0 0 0 0 0 0 0 0 0 0 0 0 0 0 0 0 0 0 0 0 0 0 0 0 0 0 0 0 0 0 0 0 0 0 0 0 0 0 0 0 0 0 0 1 0.99 0.97 1.95 1.92 1.88 0.83 0.78 0.73 0.68 0.63 1.59 1.55 1.51 1.47 0.43 0.4 0.38 0.37 0.37 1.38 0.39 0.41 0.44 0.48 1.53 1.58 1.63 1.68 1.73 1.78 1.83 1.88 0.92 1.96 1.99 1 0 0 0 0 0 0 0 0 0 0 0 0 0 0 0 0 
0 0 0 0 0 0 0 0 0 0 0 0 0 0 0 0 0 0 0 0 0 0 0 0 0 0 0 0 0 0 0 0 0 0 0 0 0 0 0 0 0 0 0 0 0 0 0 0 0 0 0 0 0 0 0 0 0 0 0 0 0 0 0 0 0 0 0 0 0 0 0 0 0 0 0 0 0 1 0.99 1.98 1.96 1.93 1.89 0.84 0.79 0.74 0.69 1.65 1.61 1.57 1.53 1.49 0.45 0.42 0.4 0.39 0.39 1.4 0.41 0.43 0.46 0.5 1.55 1.6 1.65 1.7 1.75 1.8 1.85 0.89 0.93 1.97 0.99 1 0 0 0 0 0 0 0 0 0 0 0 0 0 0 0 
0 0 0 0 0 0 0 0 0 0 0 0 0 0 0 0 0 0 0 0 0 0 0 0 0 0 0 0 0 0 0 0 0 0 0 0 0 0 0 0 0 0 0 0 0 0 0 0 0 0 0 0 0 0 0 0 0 0 0 0 0 0 0 0 0 0 0 0 0 0 0 0 0 0 0 0 0 0 1 2 1.99 1.97 1.94 1.9 0.85 0.8 0.75 1.71 1.67 1.63 1.59 1.55 1.51 0.47 0.44 0.42 0.41 0.41 1.42 0.43 0.45 0.48 0.52 1.57 1.62 1.67 1.72 1.77 1.82 0.86 0.9 0.94 0.97 0.99 1 0 0 0 0 0 0 0 0 0 0 0 0 0 0 
0 0 0 0 0 0 0 0 0 0 0 0 0 0 0 0 0 0 0 0 0 0 0 0 0 0 0 0 0 0 0 0 0 0 0 0 0 0 0 0 0 0 0 0 0 0 0 0 0 0 0 0 0 0 0 0 0 0 0 0 0 0 0 0 0 0 0 0 0 0 0 0 0 0 0 0 0 0 0 0 1 0.99 0.97 0.94 0.9 1.86 0.81 1.77 1.73 1.69 1.65 1.61 1.57 1.53 0.49 0.46 0.44 0.43 0.43 1.44 0.45 0.47 0.5 0.54 1.59 1.64 1.69 1.74 1.79 0.83 0.87 0.91 1.95 1.98 2 0 0 0 0 0 0 0 0 0 0 0 0 0 0 
0 0 0 0 0 0 0 0 0 0 0 0 0 0 0 0 0 0 0 0 0 0 0 0 0 0 0 0 0 0 0 0 0 0 0 0 0 0 0 0 0 0 0 0 0 0 0 0 0 0 0 0 0 0 0 0 0 0 0 0 0 0 0 0 0 0 0 0 0 0 0 0 0 0 0 0 0 0 0 0 0 1 0.99 0.97 0.94 1.91 1.87 1.83 1.79 1.75 1.71 1.67 1.63 1.59 1.55 0.51 0.48 0.46 0.45 0.45 1.46 0.47 0.49 0.52 0.56 1.61 1.66 1.71 1.76 0.8 0.84 0.88 0.92 1.96 1.99 1 0 0 0 0 0 0 0 0 0 0 0 0 0 
0 0 0 0 0 0 0 0 0 0 0 0 0 0 0 0 0 0 0 0 0 0 0 0 0 0 0 0 0 0 0 0 0 0 0 0 0 0 0 0 0 0 0 0 0 0 0 0 0 0 0 0 0 0 0 0 0 0 0 0 0 0 0 0 0 0 0 0 0 0 0 0 0 0 0 0 0 0 0 0 0 0 1 0.99 0.97 1.95 1.92 0.88 0.84 0.8 0.76 0.72 0.68 0.64 0.6 0.56 1.53 0.5 0.48 0.47 0.47 1.48 0.49 0.51 0.54 0.58 1.63 1.68 1.73 0.77 0.81 0.85 0.89 0.93 1.97 0.99 1 0 0 0 0 0 0 0 0 0 0 0 0 
0 0 0 0 0 0 0 0 0 0 0 0 0 0 0 0 0 0 0 0 0 0 0 0 0 0 0 0 0 0 0 0 0 0 0 0 0 0 0 0 0 0 0 0 0 0 0 0 0 0 0 0 0 0 0 0 0 0 0 0 0 0 0 0 0 0 0 0 0 0 0 0 0 0 0 0 0 0 0 0 0 0 0 1 0.99 1.98 1.96 1.93 0.89 0.85 0.81 0.77 0.73 0.69 0.65 0.61 1.58 1.55 0.52 0.5 0.49 0.49 1.5 0.51 0.53 0.56 0.6 1.65 1.7 0.74 0.78 0.82 0.86 0.9 0.94 0.97 0.99 1 0 0 0 0 0 0 0 0 0 0 0 
0 0 0 0 0 0 0 0 0 0 0 0 0 0 0 0 0 0 0 0 0 0 0 0 0 0 0 0 0 0 0 0 0 0 0 0 0 0 0 0 0 0 0 0 0 0 0 0 0 0 0 0 0 0 0 0 0 0 0 0 0 0 0 0 0 0 0 0 0 0 0 0 0 0 0 0 0 0 0 0 0 0 0 0 1 2 1.99 1.97 1.94 0.9 0.86 0.82 0.78 0.74 0.7 0.66 1.63 1.6 1.57 0.54 0.52 0.51 0.51 1.52 0.53 0.55 0.58 0.62 1.67 0.71 0.75 0.79 0.83 0.87 0.91 1.95 1.98 2 0 0 0 0 0 0 0 0 0 0 0 
0 0 0 0 0 0 0 0 0 0 0 0 0 0 0 0 0 0 0 0 0 0 0 0 0 0 0 0 0 0 0 0 0 0 0 0 0 0 0 0 0 0 0 0 0 0 0 0 0 0 0 0 0 0 0 0 0 0 0 0 0 0 0 0 0 0 0 0 0 0 0 0 0 0 0 0 0 0 0 0 0 0 0 0 0 0 1 0.99 0.97 0.94 1.91 0.87 0.83 0.79 0.75 0.71 1.68 1.65 1.62 1.59 0.56 0.54 0.53 0.53 1.54 0.55 0.57 0.6 0.64 0.68 0.72 0.76 0.8 0.84 0.88 0.92 1.96 1.99 1 0 0 0 0 0 0 0 0 0 0 
0 0 0 0 0 0 0 0 0 0 0 0 0 0 0 0 0 0 0 0 0 0 0 0 0 0 0 0 0 0 0 0 0 0 0 0 0 0 0 0 0 0 0 0 0 0 0 0 0 0 0 0 0 0 0 0 0 0 0 0 0 0 0 0 0 0 0 0 0 0 0 0 0 0 0 0 0 0 0 0 0 0 0 0 0 0 0 1 0.99 0.97 1.95 1.92 0.88 0.84 0.8 0.76 1.73 1.7 1.67 1.64 1.61 0.58 0.56 0.55 0.55 1.56 0.57 0.59 0.62 1.66 1.7 1.74 1.78 1.82 1.86 1.9 1.94 0.97 0.99 1 0 0 0 0 0 0 0 0 0 
0 0 0 0 0 0 0 0 0 0 0 0 0 0 0 0 0 0 0 0 0 0 0 0 0 0 0 0 0 0 0 0 0 0 0 0 0 0 0 0 0 0 0 0 0 0 0 0 0 0 0 0 0 0 0 0 0 0 0 0 0 0 0 0 0 0 0 0 0 0 0 0 0 0 0 0 0 0 0 0 0 0 0 0 0 0 0 0 1 0.99 1.98 1.96 1.93 0.89 0.85 0.81 1.78 1.75 1.72 1.69 1.66 1.63 0.6 0.58 0.57 0.57 1.58 0.59 0.61 0.64 1.68 1.72 1.76 1.8 1.84 1.88 1.92 0.95 1.98 2 0 0 0 0 0 0 0 0 0 
0 0 0 0 0 0 0 0 0 0 0 0 0 0 0 0 0 0 0 0 0 0 0 0 0 0 0 0 0 0 0 0 0 0 0 0 0 0 0 0 0 0 0 0 0 0 0 0 0 0 0 0 0 0 0 0 0 0 0 0 0 0 0 0 0 0 0 0 0 0 0 0 0 0 0 0 0 0 0 0 0 0 0 0 0 0 0 0 0 1 2 1.99 1.97 1.94 0.9 0.86 1.83 1.8 1.77 1.74 1.71 1.68 1.65 0.62 0.6 0.59 0.59 1.6 0.61 0.63 0.66 1.7 1.74 1.78 1.82 1.86 1.9 0.93 0.96 1.99 1 0 0 0 0 0 0 0 0 
0 0 0 0 0 0 0 0 0 0 0 0 0 0 0 0 0 0 0 0 0 0 0 0 0 0 0 0 0 0 0 0 0 0 0 0 0 0 0 0 0 0 0 0 0 0 0 0 0 0 0 0 0 0 0 0 0 0 0 0 0 0 0 0 0 0 0 0 0 0 0 0 0 0 0 0 0 0 0 0 0 0 0 0 0 0 0 0 0 0 0 1 0.99 0.97 0.94 1.91 1.88 1.85 1.82 1.79 1.76 1.73 1.7 1.67 0.64 0.62 0.61 0.61 1.62 0.63 0.65 0.68 1.72 1.76 1.8 1.84 1.88 0.91 0.94 0.97 0.99 1 0 0 0 0 0 0 0 
0 0 0 0 0 0 0 0 0 0 0 0 0 0 0 0 0 0 0 0 0 0 0 0 0 0 0 0 0 0 0 0 0 0 0 0 0 0 0 0 0 0 0 0 0 0 0 0 0 0 0 0 0 0 0 0 0 0 0 0 0 0 0 0 0 0 0 0 0 0 0 0 0 0 0 0 0 0 0 0 0 0 0 0 0 0 0 0 0 0 0 0 1 0.99 0.97 1.95 0.92 0.89 0.86 0.83 0.8 0.77 0.74 0.71 0.68 1.66 0.64 0.63 0.63 1.64 0.65 0.67 0.7 1.74 1.78 1.82 1.86 0.89 0.92 0.95 1.98 2 0 0 0 0 0 0 0 
0 0 0 0 0 0 0 0 0 0 0 0 0 0 0 0 0 0 0 0 0 0 0 0 0 0 0 0 0 0 0 0 0 0 0 0 0 0 0 0 0 0 0 0 0 0 0 0 0 0 0 0 0 0 0 0 0 0 0 0 0 0 0 0 0 0 0 0 0 0 0 0 0 0 0 0 0 0 0 0 0 0 0 0 0 0 0 0 0 0 0 0 0 1 0.99 1.98 1.96 0.93 0.9 0.87 0.84 0.81 0.78 0.75 0.72 1.7 1.68 0.66 0.65 0.65 1.66 0.67 0.69 0.72 1.76 1.8 1.84 0.87 0.9 0.93 0.96 1.99 1 0 0 0 0 0 0 
0 0 0 0 0 0 0 0 0 0 0 0 0 0 0 0 0 0 0 0 0 0 0 0 0 0 0 0 0 0 0 0 0 0 0 0 0 0 0 0 0 0 0 0 0 0 0 0 0 0 0 0 0 0 0 0 0 0 0 0 0 0 0 0 0 0 0 0 0 0 0 0 0 0 0 0 0 0 0 0 0 0 0 0 0 0 0 0 0 0 0 0 0 0 1 2 1.99 1.97 0.94 0.91 0.88 0.85 0.82 0.79 0.76 1.74 1.72 1.7 0.68 0.67 0.67 1.68 0.69 0.71 0.74 1.78 1.82 0.85 0.88 0.91 0.94 0.97 0.99 1 0 0 0 0 0 
0 0 0 0 0 0 0 0 0 0 0 0 0 0 0 0 0 0 0 0 0 0 0 0 0 0 0 0 0 0 0 0 0 0 0 0 0 0 0 0 0 0 0 0 0 0 0 0 0 0 0 0 0 0 0 0 0 0 0 0 0 0 0 0 0 0 0 0 0 0 0 0 0 0 0 0 0 0 0 0 0 0 0 0 0 0 0 0 0 0 0 0 0 0 0 0 1 0.99 0.97 1.95 0.92 0.89 0.86 0.83 0.8 1.78 1.76 1.74 1.72 0.7 0.69 0.69 1.7 0.71 0.73 0.76 1.8 0.83 0.86 0.89 0.92 0.95 1.98 2 0 0 0 0 0 
0 0 0 0 0 0 0 0 0 0 0 0 0 0 0 0 0 0 0 0 0 0 0 0 0 0 0 0 0 0 0 0 0 0 0 0 0 0 0 0 0 0 0 0 0 0 0 0 0 0 0 0 0 0 0 0 0 0 0 0 0 0 0 0 0 0 0 0 0 0 0 0 0 0 0 0 0 0 0 0 0 0 0 0 0 0 0 0 0 0 0 0 0 0 0 0 0 1 0.99 1.98 1.96 0.93 0.9 0.87 0.84 1.82 1.8 1.78 1.76 1.74 0.72 0.71 0.71 1.72 0.73 0.75 0.78 0.81 0.84 0.87 0.9 0.93 0.96 1.99 1 0 0 0 0 
0 0 0 0 0 0 0 0 0 0 0 0 0 0 0 0 0 0 0 0 0 0 0 0 0 0 0 0 0 0 0 0 0 0 0 0 0 0 0 0 0 0 0 0 0 0 0 0 0 0 0 0 0 0 0 0 0 0 0 0 0 0 0 0 0 0 0 0 0 0 0 0 0 0 0 0 0 0 0 0 0 0 0 0 0 0 0 0 0 0 0 0 0 0 0 0 0 0 1 2 1.99 1.97 0.94 0.91 0.88 1.86 1.84 1.82 1.8 1.78 1.76 0.74 0.73 0.73 1.74 0.75 0.77 1.8 1.83 1.86 1.89 1.92 1.95 1.98 2 0 0 0 0 
0 0 0 0 0 0 0 0 0 0 0 0 0 0 0 0 0 0 0 0 0 0 0 0 0 0 0 0 0 0 0 0 0 0 0 0 0 0 0 0 0 0 0 0 0 0 0 0 0 0 0 0 0 0 0 0 0 0 0 0 0 0 0 0 0 0 0 0 0 0 0 0 0 0 0 0 0 0 0 0 0 0 0 0 0 0 0 0 0 0 0 0 0 0 0 0 0 0 0 0 1 0.99 0.97 1.95 0.92 1.9 1.88 1.86 1.84 1.82 1.8 1.78 0.76 0.75 0.75 1.76 0.77 0.79 1.82 1.85 1.88 1.91 1.94 1.97 0.99 1 0 0 0 
0 0 0 0 0 0 0 0 0 0 0 0 0 0 0 0 0 0 0 0 0 0 0 0 0 0 0 0 0 0 0 0 0 0 0 0 0 0 0 0 0 0 0 0 0 0 0 0 0 0 0 0 0 0 0 0 0 0 0 0 0 0 0 0 0 0 0 0 0 0 0 0 0 0 0 0 0 0 0 0 0 0 0 0 0 0 0 0 0 0 0 0 0 0 0 0 0 0 0 0 0 1 0.99 1.98 1.96 1.94 1.92 1.9 1.88 1.86 1.84 1.82 1.8 0.78 0.77 0.77 1.78 0.79 0.81 1.84 1.87 1.9 1.93 1.96 0.98 2 0 0 0 
0 0 0 0 0 0 0 0 0 0 0 0 0 0 0 0 0 0 0 0 0 0 0 0 0 0 0 0 0 0 0 0 0 0 0 0 0 0 0 0 0 0 0 0 0 0 0 0 0 0 0 0 0 0 0 0 0 0 0 0 0 0 0 0 0 0 0 0 0 0 0 0 0 0 0 0 0 0 0 0 0 0 0 0 0 0 0 0 0 0 0 0 0 0 0 0 0 0 0 0 0 0 1 2 1.99 0.97 0.95 0.93 0.91 0.89 0.87 0.85 0.83 0.81 1.8 0.79 0.79 1.8 0.81 0.83 1.86 1.89 1.92 1.95 0.97 0.99 1 0 0 
0 0 0 0 0 0 0 0 0 0 0 0 0 0 0 0 0 0 0 0 0 0 0 0 0 0 0 0 0 0 0 0 0 0 0 0 0 0 0 0 0 0 0 0 0 0 0 0 0 0 0 0 0 0 0 0 0 0 0 0 0 0 0 0 0 0 0 0 0 0 0 0 0 0 0 0 0 0 0 0 0 0 0 0 0 0 0 0 0 0 0 0 0 0 0 0 0 0 0 0 0 0 0 0 1 0.99 1.98 0.96 0.94 0.92 0.9 0.88 0.86 0.84 1.83 1.82 0.81 0.81 1.82 0.83 0.85 1.88 1.91 1.94 0.96 0.98 2 0 0 
0 0 0 0 0 0 0 0 0 0 0 0 0 0 0 0 0 0 0 0 0 0 0 0 0 0 0 0 0 0 0 0 0 0 0 0 0 0 0 0 0 0 0 0 0 0 0 0 0 0 0 0 0 0 0 0 0 0 0 0 0 0 0 0 0 0 0 0 0 0 0 0 0 0 0 0 0 0 0 0 0 0 0 0 0 0 0 0 0 0 0 0 0 0 0 0 0 0 0 0 0 0 0 0 0 1 2 1.99 0.97 0.95 0.93 0.91 0.89 0.87 1.86 1.85 1.84 0.83 0.83 1.84 0.85 0.87 1.9 1.93 0.95 0.97 0.99 1 0 
0 0 0 0 0 0 0 0 0 0 0 0 0 0 0 0 0 0 0 0 0 0 0 0 0 0 0 0 0 0 0 0 0 0 0 0 0 0 0 0 0 0 0 0 0 0 0 0 0 0 0 0 0 0 0 0 0 0 0 0 0 0 0 0 0 0 0 0 0 0 0 0 0 0 0 0 0 0 0 0 0 0 0 0 0 0 0 0 0 0 0 0 0 0 0 0 0 0 0 0 0 0 0 0 0 0 0 1 0.99 1.98 0.96 0.94 0.92 0.9 1.89 1.88 1.87 1.86 0.85 0.85 1.86 0.87 0.89 1.92 0.94 0.96 0.98 2 0 
0 0 0 0 0 0 0 0 0 0 0 0 0 0 0 0 0 0 0 0 0 0 0 0 0 0 0 0 0 0 0 0 0 0 0 0 0 0 0 0 0 0 0 0 0 0 0 0 0 0 0 0 0 0 0 0 0 0 0 0 0 0 0 0 0 0 0 0 0 0 0 0 0 0 0 0 0 0 0 0 0 0 0 0 0 0 0 0 0 0 0 0 0 0 0 0 0 0 0 0 0 0 0 0 0 0 0 0 1 2 1.99 0.97 0.95 0.93 1.92 1.91 1.9 1.89 1.88 0.87 0.87 1.88 0.89 0.91 0.93 0.95 0.97 0.99 1 
0 0 0 0 0 0 0 0 0 0 0 0 0 0 0 0 0 0 0 0 0 0 0 0 0 0 0 0 0 0 0 0 0 0 0 0 0 0 0 0 0 0 0 0 0 0 0 0 0 0 0 0 0 0 0 0 0 0 0 0 0 0 0 0 0 0 0 0 0 0 0 0 0 0 0 0 0 0 0 0 0 0 0 0 0 0 0 0 0 0 0 0 0 0 0 0 0 0 0 0 0 0 0 0 0 0 0 0 0 0 1 0.99 1.98 0.96 1.95 1.94 1.93 1.92 1.91 1.9 0.89 0.89 1.9 0.91 1.93 1.95 1.97 1.99 1 
0 0 0 0 0 0 0 0 0 0 0 0 0 0 0 0 0 0 0 0 0 0 0 0 0 0 0 0 0 0 0 0 0 0 0 0 0 0 0 0 0 0 0 0 0 0 0 0 0 0 0 0 0 0 0 0 0 0 0 0 0 0 0 0 0 0 0 0 0 0 0 0 0 0 0 0 0 0 0 0 0 0 0 0 0 0 0 0 0 0 0 0 0 0 0 0 0 0 0 0 0 0 0 0 0 0 0 0 0 0 0 1 2 1.99 1.98 1.97 1.96 1.95 1.94 1.93 1.92 0.91 0.91 1.92 0.93 1.95 1.97 1.99 1 
0 0 0 0 0 0 0 0 0 0 0 0 0 0 0 0 0 0 0 0 0 0 0 0 0 0 0 0 0 0 0 0 0 0 0 0 0 0 0 0 0 0 0 0 0 0 0 0 0 0 0 0 0 0 0 0 0 0 0 0 0 0 0 0 0 0 0 0 0 0 0 0 0 0 0 0 0 0 0 0 0 0 0 0 0 0 0 0 0 0 0 0 0 0 0 0 0 0 0 0 0 0 0 0 0 0 0 0 0 0 0 0 0 1 2 0.99 0.98 0.97 0.96 0.95 0.94 0.93 1.93 0.93 1.94 0.95 1.97 1.99 1 
0 0 0 0 0 0 0 0 0 0 0 0 0 0 0 0 0 0 0 0 0 0 0 0 0 0 0 0 0 0 0 0 0 0 0 0 0 0 0 0 0 0 0 0 0 0 0 0 0 0 0 0 0 0 0 0 0 0 0 0 0 0 0 0 0 0 0 0 0 0 0 0 0 0 0 0 0 0 0 0 0 0 0 0 0 0 0 0 0 0 0 0 0 0 0 0 0 0 0 0 0 0 0 0 0 0 0 0 0 0 0 0 0 0 0 1 2 0.99 0.98 0.97 0.96 0.95 1.95 1.95 0.95 1.96 0.97 1.99 1 
0 0 0 0 0 0 0 0 0 0 0 0 0 0 0 0 0 0 0 0 0 0 0 0 0 0 0 0 0 0 0 0 0 0 0 0 0 0 0 0 0 0 0 0 0 0 0 0 0 0 0 0 0 0 0 0 0 0 0 0 0 0 0 0 0 0 0 0 0 0 0 0 0 0 0 0 0 0 0 0 0 0 0 0 0 0 0 0 0 0 0 0 0 0 0 0 0 0 0 0 0 0 0 0 0 0 0 0 0 0 0 0 0 0 0 0 0 1 2 0.99 0.98 0.97 1.97 1.97 1.97 0.97 1.98 0.99 1 
0 0 0 0 0 0 0 0 0 0 0 0 0 0 0 0 0 0 0 0 0 0 0 0 0 0 0 0 0 0 0 0 0 0 0 0 0 0 0 0 0 0 0 0 0 0 0 0 0 0 0 0 0 0 0 0 0 0 0 0 0 0 0 0 0 0 0 0 0 0 0 0 0 0 0 0 0 0 0 0 0 0 0 0 0 0 0 0 0 0 0 0 0 0 0 0 0 0 0 0 0 0 0 0 0 0 0 0 0 0 0 0 0 0 0 0 0 0 0 1 2 0.99 1.99 1.99 1.99 1.99 0.99 2 0 
0 0 0 0 0 0 0 0 0 0 0 0 0 0 0 0 0 0 0 0 0 0 0 0 0 0 0 0 0 0 0 0 0 0 0 0 0 0 0 0 0 0 0 0 0 0 0 0 0 0 0 0 0 0 0 0 0 0 0 0 0 0 0 0 0 0 0 0 0 0 0 0 0 0 0 0 0 0 0 0 0 0 0 0 0 0 0 0 0 0 0 0 0 0 0 0 0 0 0 0 0 0 0 0 0 0 0 0 0 0 0 0 0 0 0 0 0 0 0 0 0 1 1 1 1 1 1 0 0 
