0 0 0 0 0 0 0 0 0 0 0 0 0 0 0 0 0 0 0 0 0 0 0 0 0 0 0 0 0 0 0 0 0 0 0 0 0 0 0 0 0 0 0 0 0 0 0 0 0 0 0 0 0 0 0 0 0 0 0 0 0 0 0 0 0 0 0 0 0 0 0 0 0 0 0 0 0 0 0 0 0 0 0 0 0 0 0 0 0 0 0 0 0 0 0 0 0 0 0 0 0 0 0 0 0 0 0 0 0 0 0 0 0 0 0 0 0 0 0 0 0 0 0 0 0 0 0 0 0 
0 1.3 1.4 1.1 2.1 1.2 2 0.1 2.1 1.1 1.9 0.2 0.6 0.7 0.8 1.3 1.2 0.8 0.2 0.5 1.5 1.4 1.3 0.7 0.9 1 0 0 0 0 0 0 0 0 0 0 0 0 0 0 0 0 0 0 0 0 0 0 0 0 0 0 0 0 0 0 0 0 0 0 0 0 0 0 0 0 0 0 0 0 0 0 0 0 0 0 0 0 0 0 0 0 0 0 0 0 0 0 0 0 0 0 0 0 0 0 0 0 0 0 0 0 0 0 0 0 0 0 0 0 0 0 0 0 0 0 0 0 0 0 0 0 0 0 0 0 0 0 0 
0 1.4 0.1 1 1.5 0.4 0.3 0.9 2.1 1 0.4 2.1 0.8 1.7 1.18661e-12 0.6 1.6 0.7 1.3 1.9 2 1.1 1.7 2 1.1 0.1 0.6 1.9 1 0 0 0 0 0 0 0 0 0 0 0 0 0 0 0 0 0 0 0 0 0 0 0 0 0 0 0 0 0 0 0 0 0 0 0 0 0 0 0 0 0 0 0 0 0 0 0 0 0 0 0 0 0 0 0 0 0 0 0 0 0 0 0 0 0 0 0 0 0 0 0 0 0 0 0 0 0 0 0 0 0 0 0 0 0 0 0 0 0 0 0 0 0 0 0 0 0 0 0 0 
0 1.1 1 0.6 1.7 1.6 1.5 1.8 0.4 0.7 0.6 1.2 1.3 2 0.5 0.8 0.5 1.4 0.6 2.1 0.1 0.6 0.5 1 0.7 1.8 0.9 0.5 0.3 0.7 0.9 1 0 0 0 0 0 0 0 0 0 0 0 0 0 0 0 0 0 0 0 0 0 0 0 0 0 0 0 0 0 0 0 0 0 0 0 0 0 0 0 0 0 0 0 0 0 0 0 0 0 0 0 0 0 0 0 0 0 0 0 0 0 0 0 0 0 0 0 0 0 0 0 0 0 0 0 0 0 0 0 0 0 0 0 0 0 0 0 0 0 0 0 0 0 0 0 0 0 
0 2.1 1.5 1.7 0.7 1 0.3 0.6 0.8 1.4 2.1 0.4 2.1 1.9 1.8 1.8 0.1 0.4 1.1 0.3 0.6 1 1.2 2 1.5 1.6 0.5 0.4 1.1 0 0 1.6 1.9 1 0 0 0 0 0 0 0 0 0 0 0 0 0 0 0 0 0 0 0 0 0 0 0 0 0 0 0 0 0 0 0 0 0 0 0 0 0 0 0 0 0 0 0 0 0 0 0 0 0 0 0 0 0 0 0 0 0 0 0 0 0 0 0 0 0 0 0 0 0 0 0 0 0 0 0 0 0 0 0 0 0 0 0 0 0 0 0 0 0 0 0 0 0 0 0 
0 1.2 0.4 1.6 1 1.1 1.3 0.7 1.5 1.8 1.1 1.9 1.9 0.5 0.4 1.5 0.9 0.8 1.4 0.3 0.8 1.2 0.2 2.1 1.7 0.8 0.2 0.2 2 2 1.8 1.9 1 1.6 1.9 1 0 0 0 0 0 0 0 0 0 0 0 0 0 0 0 0 0 0 0 0 0 0 0 0 0 0 0 0 0 0 0 0 0 0 0 0 0 0 0 0 0 0 0 0 0 0 0 0 0 0 0 0 0 0 0 0 0 0 0 0 0 0 0 0 0 0 0 0 0 0 0 0 0 0 0 0 0 0 0 0 0 0 0 0 0 0 0 0 0 0 0 0 0 
0 2 0.3 1.5 0.3 1.3 0.8 2 0.4 0.2 0.3 2 0.8 0.4 1 1 1.3 0.3 0.9 1.6 1.8 1.9 0.7 1.3 1.8 0.6 0.2 1.4 1.6 0.1 0.7 0.2 1.9 0.9 1 1.6 1.9 1 0 0 0 0 0 0 0 0 0 0 0 0 0 0 0 0 0 0 0 0 0 0 0 0 0 0 0 0 0 0 0 0 0 0 0 0 0 0 0 0 0 0 0 0 0 0 0 0 0 0 0 0 0 0 0 0 0 0 0 0 0 0 0 0 0 0 0 0 0 0 0 0 0 0 0 0 0 0 0 0 0 0 0 0 0 0 0 0 0 0 0 
0 0.1 0.9 1.8 0.6 0.7 2 1.3 1.9 0.8 0.6 1.9 1.4 1 2.1 1.1 1.6 1.4 1 1.1 1.6 1 0.5 1.7 2 1.3 1.8 1.7 0.8 0.5 1.7 0.1 1.2 2 0.2 0 0 1.6 1.9 1 0 0 0 0 0 0 0 0 0 0 0 0 0 0 0 0 0 0 0 0 0 0 0 0 0 0 0 0 0 0 0 0 0 0 0 0 0 0 0 0 0 0 0 0 0 0 0 0 0 0 0 0 0 0 0 0 0 0 0 0 0 0 0 0 0 0 0 0 0 0 0 0 0 0 0 0 0 0 0 0 0 0 0 0 0 0 0 0 0 
0 2.1 2.1 0.4 0.8 1.5 0.4 1.9 0.9 0.4 1.6 0.1 1.2 1.1 1.7 0.5 1.6 2 1 0.3 0.3 0.6 1.5 1.3 0.6 0.7 0.4 0.2 0.7 1.6 1.7 1.9 1.3 1.7 2.1 0.9 1.7 1.3 1.2 1.7 0.9 1 0 0 0 0 0 0 0 0 0 0 0 0 0 0 0 0 0 0 0 0 0 0 0 0 0 0 0 0 0 0 0 0 0 0 0 0 0 0 0 0 0 0 0 0 0 0 0 0 0 0 0 0 0 0 0 0 0 0 0 0 0 0 0 0 0 0 0 0 0 0 0 0 0 0 0 0 0 0 0 0 0 0 0 0 0 0 0 
0 1.1 1 0.7 1.4 1.8 0.2 0.8 0.4 1.5 1.3 2.1 1.4 1.1 1.5 0.3 0.3 1 1.9 1.5 1.3 0.7 1.6 1.8 2 0.2 0.2 0.6 0.2 0.5 0.6 0.9 1.1 1.3 0.6 1.1 0.9 0.9 0.2 1.6 0.3 0.7 0.9 1 0 0 0 0 0 0 0 0 0 0 0 0 0 0 0 0 0 0 0 0 0 0 0 0 0 0 0 0 0 0 0 0 0 0 0 0 0 0 0 0 0 0 0 0 0 0 0 0 0 0 0 0 0 0 0 0 0 0 0 0 0 0 0 0 0 0 0 0 0 0 0 0 0 0 0 0 0 0 0 0 0 0 0 0 0 
0 1.9 0.4 0.6 2.1 1.1 0.3 0.6 1.6 1.3 1.6 1.6 1.3 1.9 0.4 0.8 2.1 0.4 1.4 0.9 1.4 0.6 1.7 0.8 0.2 1.4 1.2 0.6 0.2 0.8 0.3 0.8 1.4 1 0.4 0.1 0.1 1.2 0.6 1.9 1.8 1.9 1.5 0.8 2 0 0 0 0 0 0 0 0 0 0 0 0 0 0 0 0 0 0 0 0 0 0 0 0 0 0 0 0 0 0 0 0 0 0 0 0 0 0 0 0 0 0 0 0 0 0 0 0 0 0 0 0 0 0 0 0 0 0 0 0 0 0 0 0 0 0 0 0 0 0 0 0 0 0 0 0 0 0 0 0 0 0 0 0 
0 0.2 2.1 1.2 0.4 1.9 2 1.9 0.1 2.1 1.6 1.8 0.3 0.1 1.3 1.3 1.1 1.4 0.9 1.7 1.7 1.7 0.8 1.9 1.9 1.1 1.3 0.5 1.1 1.1 1.3 0.1 1.2 1.4 1.3 0.1 0.5 0.3 1.9 2 0.2 1.8 1.3 0.1 0.6 1.9 1 0 0 0 0 0 0 0 0 0 0 0 0 0 0 0 0 0 0 0 0 0 0 0 0 0 0 0 0 0 0 0 0 0 0 0 0 0 0 0 0 0 0 0 0 0 0 0 0 0 0 0 0 0 0 0 0 0 0 0 0 0 0 0 0 0 0 0 0 0 0 0 0 0 0 0 0 0 0 0 0 0 0 
0 0.6 0.8 1.3 2.1 1.9 0.8 1.4 1.2 1.4 1.3 0.3 0.6 1.6 1.4 0.4 0.5 0.9 1.2 1.1 0.1 1.1 2.1 0.7 1.6 1 1.6 0.6 1.1 1.4 1.5 1.1 0.5 1.6 1.1 1.8 2 0.1 1.9 1.1 1.9 1.3 1.6 0.5 1.7 1.4 1.8 2 0 0 0 0 0 0 0 0 0 0 0 0 0 0 0 0 0 0 0 0 0 0 0 0 0 0 0 0 0 0 0 0 0 0 0 0 0 0 0 0 0 0 0 0 0 0 0 0 0 0 0 0 0 0 0 0 0 0 0 0 0 0 0 0 0 0 0 0 0 0 0 0 0 0 0 0 0 0 0 0 0 
0 0.7 1.7 2 1.9 0.5 0.4 1 1.1 1.1 1.9 0.1 1.6 1.9 0.9 0.2 1.3 1.4 1.8 0.6 1.7 0.8 1.7 0.3 0.2 1.4 0.7 0.4 1.4 1.8 1.9 0.1 1.8 1.6 0.5 0.6 0.2 0.3 1.2 0.9 0.8 0.4 2.1 0.1 0.6 0.1 0 1.6 1.9 1 0 0 0 0 0 0 0 0 0 0 0 0 0 0 0 0 0 0 0 0 0 0 0 0 0 0 0 0 0 0 0 0 0 0 0 0 0 0 0 0 0 0 0 0 0 0 0 0 0 0 0 0 0 0 0 0 0 0 0 0 0 0 0 0 0 0 0 0 0 0 0 0 0 0 0 0 0 0 0 
0 0.8 1.18661e-12 0.5 1.8 0.4 1 2.1 1.7 1.5 0.4 1.3 1.4 0.9 1.8 1.2 1.5 1.9 0.8 0.8 0.1 0.3 0.1 1.9 0.9 1.5 0.1 0.4 2.1 2.1 1 2.1 1.6 1.1 0.8 0.2 0.9 1.3 0.8 2.1 0.6 1.2 0.7 1.6 0.5 1.6 1.5 1.7 1.4 1.8 2 0 0 0 0 0 0 0 0 0 0 0 0 0 0 0 0 0 0 0 0 0 0 0 0 0 0 0 0 0 0 0 0 0 0 0 0 0 0 0 0 0 0 0 0 0 0 0 0 0 0 0 0 0 0 0 0 0 0 0 0 0 0 0 0 0 0 0 0 0 0 0 0 0 0 0 0 0 0 
0 1.3 0.6 0.8 1.8 1.5 1 1.1 0.5 0.3 0.8 1.3 0.4 0.2 1.2 2.1 1.8 1.5 1 0.1 1.9 0.8 0.9 0.9 1.1 1.5 1.2 0.1 1.3 0.9 1.3 0.5 0.2 1.2 1.9 1.3 1.8 1.9 0.7 0.8 1 1.2 0.4 1.8 2 0.8 1.5 0.8 0.2 1.1 0.6 1.9 1 0 0 0 0 0 0 0 0 0 0 0 0 0 0 0 0 0 0 0 0 0 0 0 0 0 0 0 0 0 0 0 0 0 0 0 0 0 0 0 0 0 0 0 0 0 0 0 0 0 0 0 0 0 0 0 0 0 0 0 0 0 0 0 0 0 0 0 0 0 0 0 0 0 0 0 0 
0 1.2 1.6 0.5 0.1 0.9 1.3 1.6 1.6 0.3 2.1 1.1 0.5 1.3 1.5 1.8 0.3 1.1 0.2 1.6 0.5 1.4 2 1.5 1.5 1.5 1.7 0.5 0.1 0.8 1.2 1.1 1.2 1.6 1.7 0.5 1.7 0.8 1 1.9 1.7 0.3 1.9 0.6 1.8 0.2 2 1.3 1 0.7 1.8 0.4 1.8 2 0 0 0 0 0 0 0 0 0 0 0 0 0 0 0 0 0 0 0 0 0 0 0 0 0 0 0 0 0 0 0 0 0 0 0 0 0 0 0 0 0 0 0 0 0 0 0 0 0 0 0 0 0 0 0 0 0 0 0 0 0 0 0 0 0 0 0 0 0 0 0 0 0 0 0 
0 0.8 0.7 1.4 0.4 0.8 0.3 1.4 2 1 0.4 1.4 0.9 1.4 1.9 1.5 1.1 0.1 0.8 0.5 1.3 0.5 1.1 0.1 1.8 2 1.7 1 0.3 0.1 1.7 1 0.3 0.3 1.7 0.9 0.8 0.1 0.6 1.8 1.2 0.7 0.2 0.8 1.9 0.7 0.4 2.1 1 0.1 0.1 1.4 1.2 1.7 0.9 1 0 0 0 0 0 0 0 0 0 0 0 0 0 0 0 0 0 0 0 0 0 0 0 0 0 0 0 0 0 0 0 0 0 0 0 0 0 0 0 0 0 0 0 0 0 0 0 0 0 0 0 0 0 0 0 0 0 0 0 0 0 0 0 0 0 0 0 0 0 0 0 0 0 
0 0.2 1.3 0.6 1.1 1.4 0.9 1 1 1.9 1.4 0.9 1.2 1.8 0.8 1 0.2 0.8 0.1 0.6 1.1 1.7 2.1 0.8 1.7 1.7 2 1.4 0.9 1.3 0.5 0.9 1.3 1 2 1.7 0.5 0.1 1.6 0.5 0.4 1.9 1.2 2 0.2 1.3 0.7 0.6 1.1 0.6 1.2 0.5 1 2 0.5 0.8 2 0 0 0 0 0 0 0 0 0 0 0 0 0 0 0 0 0 0 0 0 0 0 0 0 0 0 0 0 0 0 0 0 0 0 0 0 0 0 0 0 0 0 0 0 0 0 0 0 0 0 0 0 0 0 0 0 0 0 0 0 0 0 0 0 0 0 0 0 0 0 0 0 
0 0.5 1.9 2.1 0.3 0.3 1.6 1.1 0.3 1.5 0.9 1.7 1.1 0.6 0.8 0.1 1.6 0.5 0.6 1.5 1.1 0.2 0.2 0.5 0.5 0.6 0.9 1.5 0.5 0.9 2 0.4 0.8 0.3 1.7 0.1 1.5 0.7 0.7 1.8 1.4 1.1 1.2 0.3 1.7 0.1 1 1.9 1.9 0.1 0.2 0.2 1.9 0.6 1.7 0.3 0.7 0.9 1 0 0 0 0 0 0 0 0 0 0 0 0 0 0 0 0 0 0 0 0 0 0 0 0 0 0 0 0 0 0 0 0 0 0 0 0 0 0 0 0 0 0 0 0 0 0 0 0 0 0 0 0 0 0 0 0 0 0 0 0 0 0 0 0 0 0 0 0 0 0 
0 1.5 2 0.1 0.6 0.8 1.8 1.6 0.3 1.3 1.4 1.7 0.1 1.7 0.1 1.9 0.5 1.3 1.1 1.1 1.7 2.1 0.3 1.6 1.3 0.1 0.2 0.8 2.1 0.9 1.1 0.8 0.5 2 1.7 0.4 1.1 1.1 0.7 1.5 0.1 2.1 1.8 1.2 1.2 1.5 0.7 0.1 0.2 0.1 0.1 0.8 1.3 0.2 0.1 0.3 1.1 1.6 1.9 1 0 0 0 0 0 0 0 0 0 0 0 0 0 0 0 0 0 0 0 0 0 0 0 0 0 0 0 0 0 0 0 0 0 0 0 0 0 0 0 0 0 0 0 0 0 0 0 0 0 0 0 0 0 0 0 0 0 0 0 0 0 0 0 0 0 0 0 0 0 
0 1.4 1.1 0.6 1 1.2 1.9 1 0.6 0.7 0.6 1.7 1.1 0.8 0.3 0.8 1.4 0.5 1.7 0.2 2.1 1.2 1.3 0.6 1.4 2.1 2.1 0.8 0.7 0.3 1.3 1.7 1.5 0.6 1.1 1 1.1 0.5 0.5 1.6 0.2 1 0.2 1.3 1.9 1.9 1.5 2.1 0.7 0.8 1.6 1.3 0.5 0.3 0.5 0.6 1 0.9 1.5 0.8 2 0 0 0 0 0 0 0 0 0 0 0 0 0 0 0 0 0 0 0 0 0 0 0 0 0 0 0 0 0 0 0 0 0 0 0 0 0 0 0 0 0 0 0 0 0 0 0 0 0 0 0 0 0 0 0 0 0 0 0 0 0 0 0 0 0 0 0 0 
0 1.3 1.7 0.5 1.2 0.2 0.7 0.5 1.5 1.6 1.7 0.8 2.1 1.7 0.1 0.9 2 1.1 2.1 0.2 0.3 1.3 0.6 1.4 1.1 0.2 0.9 1.5 0.8 0.8 0.1 1 1.1 2.1 1 1.6 0.4 1.3 1.4 1 1.4 0.8 1.7 1.5 1.6 1.2 0.3 1.7 1.2 1.8 1.8 1.3 1.6 0.2 1.4 1.9 1.2 0.7 0.7 0.3 0.7 0.9 1 0 0 0 0 0 0 0 0 0 0 0 0 0 0 0 0 0 0 0 0 0 0 0 0 0 0 0 0 0 0 0 0 0 0 0 0 0 0 0 0 0 0 0 0 0 0 0 0 0 0 0 0 0 0 0 0 0 0 0 0 0 0 0 0 0 0 
0 0.7 2 1 2 2.1 1.3 1.7 1.3 1.8 0.8 1.9 0.7 0.3 1.9 0.9 1.5 0.1 0.8 0.5 1.6 0.6 1.4 1.3 0.7 1.3 1.5 0.1 0.1 1.1 1.2 1.4 1.8 2.1 0.4 1.2 1.6 2.1 1.4 1.2 1.9 1.4 1 0.4 1.4 1.3 2 1.6 1.1 0.1 1.4 2.1 1.2 2 2.1 1.6 1.3 1.8 0.4 1.5 1.2 0.6 1.9 1 0 0 0 0 0 0 0 0 0 0 0 0 0 0 0 0 0 0 0 0 0 0 0 0 0 0 0 0 0 0 0 0 0 0 0 0 0 0 0 0 0 0 0 0 0 0 0 0 0 0 0 0 0 0 0 0 0 0 0 0 0 0 0 0 0 
0 0.9 1.1 0.7 1.5 1.7 1.8 2 0.6 2 0.2 1.9 1.6 0.2 0.9 1.1 1.5 1.8 1.7 0.5 1.3 1.4 1.1 0.7 1.6 0.6 1.2 1.6 1.3 0.3 0.3 0.7 2 0.8 0.6 1.6 0.6 1.7 1.1 1.3 0.7 1.8 0.8 1.6 0.4 0.4 0.1 1.1 1.5 1.7 0.9 1.6 0.7 1.3 0.5 2 1.8 0.7 0.3 1.1 1.3 0 0.5 0.8 2 0 0 0 0 0 0 0 0 0 0 0 0 0 0 0 0 0 0 0 0 0 0 0 0 0 0 0 0 0 0 0 0 0 0 0 0 0 0 0 0 0 0 0 0 0 0 0 0 0 0 0 0 0 0 0 0 0 0 0 0 0 0 0 0 
0 1 0.1 1.8 1.6 0.8 0.6 1.3 0.7 0.2 1.4 1.1 1 1.4 1.5 1.5 1.5 2 1.7 0.6 0.1 2.1 0.2 1.3 0.6 0.1 1.9 0.2 0.9 1.1 0.9 0.3 0.3 2 1 2 0.5 1.2 1.6 1.6 1.7 0.2 1.6 1.1 1.5 0.9 1.1 1.9 0.4 1 0.4 1.5 1.3 0.7 0.6 1.2 2 1 1.1 0.9 0.8 0 1.9 0.4 1.8 2 0 0 0 0 0 0 0 0 0 0 0 0 0 0 0 0 0 0 0 0 0 0 0 0 0 0 0 0 0 0 0 0 0 0 0 0 0 0 0 0 0 0 0 0 0 0 0 0 0 0 0 0 0 0 0 0 0 0 0 0 0 0 0 
0 0 0.6 0.9 0.5 0.2 0.2 1.8 0.4 0.2 1.2 1.3 1.6 0.7 0.1 1.2 1.7 1.7 2 0.9 0.2 2.1 0.9 1.5 1.2 1.9 1.01181e-11 5.6275e-12 0.9 1.5 0.2 0.6 3.80851e-12 1.7 0.2 0.7 1.6 0.5 1.1 1.1 1.4 0.7 1.4 1.5 1.9 1.7 1.2 1 0.1 1.7 1 1.3 1.9 1.6 1.1 0.2 0 1 0.2 0.5 1.5 1.5 1.9 1.8 1.4 1.8 2 0 0 0 0 0 0 0 0 0 0 0 0 0 0 0 0 0 0 0 0 0 0 0 0 0 0 0 0 0 0 0 0 0 0 0 0 0 0 0 0 0 0 0 0 0 0 0 0 0 0 0 0 0 0 0 0 0 0 0 0 0 0 
0 0 1.9 0.5 0.4 0.2 1.4 1.7 0.2 0.6 0.6 0.5 0.6 0.4 0.4 0.1 0.5 1 1.4 1.5 0.8 0.8 1.5 0.1 1.6 0.2 5.6275e-12 1.8 1.3 1.1 1.4 1.1 0.3 1.5 0.8 0.9 1 0.1 1 0.5 1.9 2.1 1.2 1.3 1.9 1.9 1.2 1.6 0.5 0.6 0.7 1.4 1.2 1 1.4 1.9 1.1 2.1 1.2 1.6 0 1.1 0.2 1.7 1.7 0.3 0.7 0.9 1 0 0 0 0 0 0 0 0 0 0 0 0 0 0 0 0 0 0 0 0 0 0 0 0 0 0 0 0 0 0 0 0 0 0 0 0 0 0 0 0 0 0 0 0 0 0 0 0 0 0 0 0 0 0 0 0 0 0 0 0 
0 0 1 0.3 1.1 2 1.6 0.8 0.7 0.2 0.2 1.1 1.1 1.4 2.1 1.3 0.1 0.3 0.9 0.5 2.1 0.7 0.8 0.1 1.3 0.9 0.9 1.3 0.4 1.6 1.4 0.9 1.6 0.3 0.5 2 1.2 1.5 2.1 0.3 0.5 1.3 1.8 0.2 0.2 1.3 0.9 0.1 0.3 0.2 2 0.3 1 1 0.8 0.7 1 0.2 0.2 1.5 1 1.6 1.8 1 0.5 0.5 1.2 0.6 1.9 1 0 0 0 0 0 0 0 0 0 0 0 0 0 0 0 0 0 0 0 0 0 0 0 0 0 0 0 0 0 0 0 0 0 0 0 0 0 0 0 0 0 0 0 0 0 0 0 0 0 0 0 0 0 0 0 0 0 0 0 
0 0 0 0.7 0 2 0.1 0.5 1.6 0.5 0.8 1.1 1.4 1.8 2.1 0.9 0.8 0.1 1.3 0.9 0.9 0.3 0.8 1.1 0.3 1.1 1.5 1.1 1.6 1.2 1.6 1.9 1.6 1.7 1.5 0.2 1.5 1 1.1 0.2 0.3 0.7 1.3 1.1 1.4 0.9 0.6 2.1 1.8 1 0.8 2 1.3 0.7 1.7 1.3 0.5 1.5 1.6 0.6 0.9 0.5 1.2 1.5 1.8 0.3 1.4 1.1 1.6 1.9 1 0 0 0 0 0 0 0 0 0 0 0 0 0 0 0 0 0 0 0 0 0 0 0 0 0 0 0 0 0 0 0 0 0 0 0 0 0 0 0 0 0 0 0 0 0 0 0 0 0 0 0 0 0 0 0 0 0 0 
0 0 0 0.9 0 1.8 0.7 1.7 1.7 0.6 0.3 1.3 1.5 1.9 1 1.3 1.2 1.7 0.5 2 1.1 1.3 0.1 1.2 0.3 0.9 0.2 1.4 1.4 1.6 1.6 0.1 1.2 2.1 0.9 1.8 1.7 1.7 1 0.7 2 0.5 0.3 1.3 0.1 0.6 1.2 0.9 1.6 1.5 2.1 0.8 1.3 1.4 1.4 0.1 0.3 1.8 0.3 1.2 0.1 0.4 1.1 1.9 0.2 0.5 0.1 0.2 1 0.5 0.8 2 0 0 0 0 0 0 0 0 0 0 0 0 0 0 0 0 0 0 0 0 0 0 0 0 0 0 0 0 0 0 0 0 0 0 0 0 0 0 0 0 0 0 0 0 0 0 0 0 0 0 0 0 0 0 0 0 0 
0 0 0 1 1.6 1.9 0.2 0.1 1.9 0.9 0.8 0.1 1.1 0.1 2.1 0.5 1.1 1 0.9 0.4 0.8 1.7 1 1.4 0.7 0.3 0.6 1.1 0.9 1.9 0.1 0.6 1.6 0.7 0.9 2 0.4 1.2 0.8 1.3 1.4 0.8 1.6 0.9 0.1 0.2 1.1 0.3 0.3 1.7 1.7 1 0.8 0.6 0.4 0.8 1.2 2 1.5 1.5 2.1 1.9 0.1 0.8 1.6 2 0.3 2 0.1 0.9 0.4 1.8 2 0 0 0 0 0 0 0 0 0 0 0 0 0 0 0 0 0 0 0 0 0 0 0 0 0 0 0 0 0 0 0 0 0 0 0 0 0 0 0 0 0 0 0 0 0 0 0 0 0 0 0 0 0 0 0 0 
0 0 0 0 1.9 1 1.9 1.2 1.3 1.1 1.4 1.2 0.5 1.8 1.6 0.2 1.2 0.3 1.3 0.8 0.5 1.5 1.1 1.8 2 0.3 3.80851e-12 0.3 1.6 1.6 1.2 1.6 0.4 2 1.2 1.3 1.2 1.1 1.5 0.2 1.7 1.9 0.3 0.5 0.2 0.9 0.1 1.3 0.6 1.3 1.9 0.8 1.4 0.5 0.7 1.2 2 2 1.1 1.6 2 1.2 1.8 2 0.6 1.4 1.8 1.2 1.9 0 0.8 1.4 1.8 2 0 0 0 0 0 0 0 0 0 0 0 0 0 0 0 0 0 0 0 0 0 0 0 0 0 0 0 0 0 0 0 0 0 0 0 0 0 0 0 0 0 0 0 0 0 0 0 0 0 0 0 0 0 0 0 
0 0 0 0 1 1.6 0.9 2 1.7 1.3 1 1.4 1.6 1.6 1.1 1.2 1.6 0.3 1 0.3 2 0.6 2.1 2.1 0.8 2 1.7 1.5 0.3 1.7 2.1 0.7 2 0.8 1.7 1.8 1.4 1.9 1.4 0.7 0.3 1.3 1.8 1.1 0.4 1.5 2.1 1.8 0.9 1.7 0.3 1.6 1.5 0.9 1.7 0.4 0.6 0.7 0.1 1.6 1 1.7 1.5 1.9 0.9 1.5 0.2 0.6 0 0.7 0.9 1.8 1.4 1.8 2 0 0 0 0 0 0 0 0 0 0 0 0 0 0 0 0 0 0 0 0 0 0 0 0 0 0 0 0 0 0 0 0 0 0 0 0 0 0 0 0 0 0 0 0 0 0 0 0 0 0 0 0 0 0 
0 0 0 0 0 1.9 1 0.2 2.1 0.6 0.4 1.3 1.1 0.5 0.8 1.9 1.7 1.7 2 1.7 1.7 1.1 1 0.4 0.6 1 0.2 0.8 0.5 1.5 0.9 0.9 1.2 1.7 0.3 0.3 1.3 1 0.5 1.7 0.6 0.5 1.8 1.5 0.7 1.6 0.9 1.1 0.1 1.7 1.1 2 0.5 0.3 0.2 1 1.5 1.5 1.9 1.8 1.5 0.7 0.6 2 2.1 2 0.4 1.1 1.5 0.9 0.6 1.9 1.8 1.4 1.8 2 0 0 0 0 0 0 0 0 0 0 0 0 0 0 0 0 0 0 0 0 0 0 0 0 0 0 0 0 0 0 0 0 0 0 0 0 0 0 0 0 0 0 0 0 0 0 0 0 0 0 0 0 0 
0 0 0 0 0 1 1.6 0 0.9 1.1 0.1 0.1 1.8 0.6 0.2 1.3 0.5 0.9 1.7 0.1 0.4 1 1.6 1.2 1.6 2 0.7 0.9 2 0.2 1.8 2 1.3 1.8 0.3 1 0.4 0.1 0.9 0.3 0.7 0.6 1.4 0.2 1 1.7 1.2 0.7 1.6 0.5 1.6 0.7 2 1.3 1.1 0.1 0.3 1.8 1.7 0.4 0.7 0.6 0.6 1.8 0.6 1.4 2.1 0.4 0 1.4 0.8 1.6 1.9 1.8 1.4 1.8 2 0 0 0 0 0 0 0 0 0 0 0 0 0 0 0 0 0 0 0 0 0 0 0 0 0 0 0 0 0 0 0 0 0 0 0 0 0 0 0 0 0 0 0 0 0 0 0 0 0 0 0 0 
0 0 0 0 0 0 1.9 0 1.7 0.9 0.1 0.5 2 0.2 0.9 1.8 1.7 0.8 0.5 1.5 1.1 1.1 0.4 1.6 0.6 0.5 1.6 1 1.2 1.5 1.7 0.4 1.2 1.4 1.3 0.4 1 0.9 0.5 1.4 0.4 1.6 2.1 1.7 0.2 0.2 1.3 0.4 1.3 1.4 0.2 1.7 1.4 0.1 0.7 0.5 1.4 1.5 0.1 1 0.1 1.9 1 0.8 1.1 1.4 0.8 0.2 0.4 1 0.3 1.8 1.6 1.9 1.8 1.4 1.8 2 0 0 0 0 0 0 0 0 0 0 0 0 0 0 0 0 0 0 0 0 0 0 0 0 0 0 0 0 0 0 0 0 0 0 0 0 0 0 0 0 0 0 0 0 0 0 0 0 0 0 0 
0 0 0 0 0 0 1 1.6 1.3 0.9 1.2 0.3 0.1 0.3 1.3 1.9 0.8 0.1 0.1 0.7 1.1 0.5 1.3 2.1 1.7 1.2 0.5 0.1 1.5 1 1.7 1.2 1.1 1.9 1 0.1 0.9 1 0.6 2 0.3 2.1 2 2.1 0.3 1.9 0.6 1.8 0.5 1.1 1.3 0.7 0.1 2.1 0.3 0.6 1.5 0.9 0.2 0.3 1.4 2.1 1.3 0.6 0.1 1.6 1.3 1.3 1.5 1.6 0 0.3 1.8 1.6 1.9 1.8 1.4 1.8 2 0 0 0 0 0 0 0 0 0 0 0 0 0 0 0 0 0 0 0 0 0 0 0 0 0 0 0 0 0 0 0 0 0 0 0 0 0 0 0 0 0 0 0 0 0 0 0 0 0 0 
0 0 0 0 0 0 0 1.9 1.2 0.2 0.6 1.9 1.9 1.2 0.8 0.7 1 0.6 1.6 0.7 0.7 0.5 1.4 1.4 1.1 1.6 1.1 1 2.1 1.1 1 0.8 1.5 1.4 0.5 0.9 0.5 0.6 0.7 1.7 0.5 1.6 0.8 1 1.7 0.6 1.8 0.3 0.1 0.5 1.5 1.2 0.4 0.1 1.9 0.5 2 1.9 0.4 1.5 1.4 1.9 1.1 0.8 0.3 0.6 1.2 1.3 0.9 1.9 1.8 0.1 1.4 0.8 1.6 1.9 1.8 1.4 1.8 2 0 0 0 0 0 0 0 0 0 0 0 0 0 0 0 0 0 0 0 0 0 0 0 0 0 0 0 0 0 0 0 0 0 0 0 0 0 0 0 0 0 0 0 0 0 0 0 0 0 
0 0 0 0 0 0 0 1 1.7 1.6 1.9 2 1.1 0.9 2.1 0.8 1.9 1.8 0.5 1.8 1.5 1.6 1 1.2 1.3 1.6 1.1 0.5 0.3 0.2 0.7 1.3 0.2 0.7 1.7 0.3 1.4 2 1.7 1.4 1.8 0.2 1.2 0.6 0.8 1.3 0.1 1 1.2 0.2 0.5 1.9 2 2 2.1 2 0.8 1.7 1.5 0.9 1.2 1.2 1.2 1.1 1.4 1.2 0.2 0.9 1.4 0.6 1.3 1 1.3 1.5 1.9 0.6 1.9 1.8 1.4 1.8 2 0 0 0 0 0 0 0 0 0 0 0 0 0 0 0 0 0 0 0 0 0 0 0 0 0 0 0 0 0 0 0 0 0 0 0 0 0 0 0 0 0 0 0 0 0 0 0 0 
0 0 0 0 0 0 0 0 0.9 0.3 1.8 0.2 1.9 0.8 0.6 1 1.7 1.2 0.4 1.4 0.1 0.2 1.4 1.9 0.7 1.7 1.4 1.9 0.5 0.3 2 1.4 1.7 0.3 0.6 0.7 0.4 0.3 0.5 1.8 1.8 1.6 1.2 1.7 0.3 0.5 0.3 1.9 0.3 0.9 1.8 1.5 0.6 0.5 1.9 0.1 1.4 1.1 0.6 1.3 0.2 1.2 1.6 0.3 2.1 2.1 0.1 0.9 0.7 1.6 1.4 1.8 0.3 1.5 0.6 0.9 0.6 1.9 1.8 1.4 1.8 2 0 0 0 0 0 0 0 0 0 0 0 0 0 0 0 0 0 0 0 0 0 0 0 0 0 0 0 0 0 0 0 0 0 0 0 0 0 0 0 0 0 0 0 0 0 0 0 
0 0 0 0 0 0 0 0 1 0.7 1.9 1.8 1.3 0.4 1.2 1.2 0.3 0.7 1.9 1.1 2.1 1 0.8 1.4 1.8 0.2 0.7 2.1 1.3 0.7 0.5 0.8 1.9 1.3 0.5 0.6 1.6 2.1 1.6 0.2 1.6 0.8 0.9 2 1.1 0.5 0.2 1.6 0.3 1 0.8 1.3 0.1 0.9 0.7 0.6 1.7 1.4 1.5 1.9 1.3 1.4 1.5 0.5 0.2 2 1.7 1.1 1.7 0.6 1.9 0.2 1.3 1.7 0.7 0.7 2 1.7 0.9 1.8 1.4 1.8 2 0 0 0 0 0 0 0 0 0 0 0 0 0 0 0 0 0 0 0 0 0 0 0 0 0 0 0 0 0 0 0 0 0 0 0 0 0 0 0 0 0 0 0 0 0 0 
0 0 0 0 0 0 0 0 0 0.9 1.5 1.3 1.6 2.1 0.7 0.4 1.9 0.2 1.2 1.2 1.8 0.2 1.7 1 0.8 1.6 1.4 1.2 1.8 1.3 0.3 1.6 0.3 1.8 1.8 1.4 2.1 2 0.8 1.2 1.2 0.9 1.7 2.1 1.7 0.3 1.8 0.3 2.1 0.4 2.1 2 2.1 1.3 0.1 1.4 0.9 0.1 1.1 1.1 0.4 0.4 1.3 0.9 2 0.9 0.7 0.2 2.1 1.5 1.6 1.2 1.1 0.9 0 0.9 1.9 1.1 0.7 0.9 1.8 1.4 1.8 2 0 0 0 0 0 0 0 0 0 0 0 0 0 0 0 0 0 0 0 0 0 0 0 0 0 0 0 0 0 0 0 0 0 0 0 0 0 0 0 0 0 0 0 0 0 
0 0 0 0 0 0 0 0 0 1 0.8 0.1 0.5 0.1 1.6 1.8 0.6 0.8 2 0.3 1.2 1.3 1.5 0.4 1.6 1.1 1.5 1.3 0.2 1.1 1.3 0.9 0.5 1.1 1.5 0.2 1.7 2.1 1 0.6 1.7 2 2.1 0.1 0.8 1.1 0.1 1.8 0.2 0.2 0.6 2.1 0.1 0.2 1.5 1.4 1.5 0.2 0.8 0.8 1 0.3 0.7 0.9 0.5 0.9 1.2 0.2 0.7 1 1.3 0.5 0.5 1 1.5 0.4 1.2 0 0.1 0.7 0.9 1.8 1.4 1.8 2 0 0 0 0 0 0 0 0 0 0 0 0 0 0 0 0 0 0 0 0 0 0 0 0 0 0 0 0 0 0 0 0 0 0 0 0 0 0 0 0 0 0 0 0 
0 0 0 0 0 0 0 0 0 0 2 0.6 1.7 0.6 0.5 2 1.8 1.9 0.2 1.7 1.2 1.9 1.6 1.4 0.4 1.5 1.9 1.9 0.2 1.4 0.1 0.1 0.2 0.4 0.7 1 0.2 0.3 1.7 0.8 0.3 1.1 1.7 0.8 0.3 1.8 1.1 1.4 0.3 1.8 2.1 2.1 0.2 1.9 1.9 1.4 1.9 0.7 1.2 0.1 0.7 1.4 0.7 1.2 1.3 1.3 1.3 0.1 1.6 1.1 0.9 2.1 1.5 0.9 2 0.1 1.9 1.5 1.2 0.2 1.8 2 0.8 1.4 1.8 2 0 0 0 0 0 0 0 0 0 0 0 0 0 0 0 0 0 0 0 0 0 0 0 0 0 0 0 0 0 0 0 0 0 0 0 0 0 0 0 0 0 0 0 
0 0 0 0 0 0 0 0 0 0 0 1.9 1.4 0.1 1.6 0.8 0.2 0.7 1.3 0.1 1.5 1.9 1.2 1.3 0.4 0.9 1.7 1.9 1.3 0.9 0.6 0.2 0.9 1.5 1.6 1.7 0.2 1.9 0.6 1.3 0.5 0.5 0.3 1.1 1.8 1.6 1.6 1.5 1 0.5 0.3 2 0.2 0.5 1.7 0.8 1.3 0.5 1.9 0.3 0.4 1.1 0.4 0.6 0.9 0.4 1.2 2.1 1.8 1.8 1.4 1.8 1.9 1.5 0.3 0.9 0.8 0.3 1.8 1.4 1.4 0.9 1 0.8 1.4 1.8 2 0 0 0 0 0 0 0 0 0 0 0 0 0 0 0 0 0 0 0 0 0 0 0 0 0 0 0 0 0 0 0 0 0 0 0 0 0 0 0 0 0 0 
0 0 0 0 0 0 0 0 0 0 0 1 1.8 0 1.5 1.5 2 0.4 0.7 1 0.7 1.5 0.3 2 0.1 1.1 1.2 1.2 0.9 0.6 1.2 1.1 0.1 2.1 0.9 1.2 1.3 0.6 1.8 0.1 0.3 0.2 1.8 0.1 1.1 1.6 2 1.8 1.1 1.2 0.8 0.5 0.8 0.5 0.7 0.6 0.7 1.5 0.4 1.7 0.1 1.1 1.2 0.2 0.1 1.9 0.3 0.2 1.3 1 1.7 0.5 0.5 1.6 0.4 1.7 0.9 1.5 0.8 1.1 0.6 0.5 2 0 0.8 1.4 1.8 2 0 0 0 0 0 0 0 0 0 0 0 0 0 0 0 0 0 0 0 0 0 0 0 0 0 0 0 0 0 0 0 0 0 0 0 0 0 0 0 0 0 
0 0 0 0 0 0 0 0 0 0 0 0 2 1.6 1.7 0.8 1.3 2.1 0.6 1.9 0.1 2.1 1.7 1.6 1.1 1.9 1 1.6 0.1 2.1 0.9 0.3 1.3 1.8 1.1 0.7 0.4 1.8 0.3 1 1.9 1.6 0.3 1.8 1.4 1.5 1.8 0.7 1 1.1 1.5 1.1 0.5 1.3 1 0.2 0.7 1.2 1.3 1.5 1.9 1.2 0.5 0.2 2 0.4 1.2 1 0.4 0.9 0.8 1.3 0.4 0.1 1.2 0.3 0 1.9 1.2 1.3 0.4 0.8 1.7 0 0 0.8 1.4 1.8 2 0 0 0 0 0 0 0 0 0 0 0 0 0 0 0 0 0 0 0 0 0 0 0 0 0 0 0 0 0 0 0 0 0 0 0 0 0 0 0 0 
0 0 0 0 0 0 0 0 0 0 0 0 0 1.9 1.4 0.2 1 1 1.1 1.9 0.2 0.7 1.2 1.1 1.5 0.4 0.1 0.5 0.3 1.8 1.6 0.3 0.6 0.9 0.1 1.6 1.3 0.5 0.1 1.2 0.3 0.3 2.1 0.2 0.3 1 1.1 1 0.1 1.3 1 0.8 1.7 1.2 1.7 0.3 0.3 0.8 0.7 0.8 1.6 1.1 0.9 2 0.5 1.9 0.5 0.9 0.5 1.8 2 0.2 0.6 0.1 0.6 1.8 1.2 0.4 1.9 0.9 1.8 1.8 1.1 0.8 1.1 1.1 1.9 0.4 1.8 2 0 0 0 0 0 0 0 0 0 0 0 0 0 0 0 0 0 0 0 0 0 0 0 0 0 0 0 0 0 0 0 0 0 0 0 0 0 0 0 
0 0 0 0 0 0 0 0 0 0 0 0 0 1 1.8 1.1 0.7 0.1 0.6 0.1 0.1 0.8 1.8 0.1 1.7 1 1.7 0.6 0.2 1 1.5 1.7 1.3 1.7 1.7 0.5 1.4 1.1 0.5 0.2 0.9 1 0.4 0.2 1.8 0.5 1.2 1.1 1.3 5.11591e-13 1 1.7 1.6 0.5 0.9 1.8 2 1.1 1.6 0.6 1.1 0.5 0.9 1.8 1.9 0.2 1 0.5 2.1 2 1.4 0.4 1.2 1.7 0.7 2.1 0.3 2.1 0.8 1.9 0.6 1.3 0.1 1.3 2 0.2 1.2 0.9 0.4 1.8 2 0 0 0 0 0 0 0 0 0 0 0 0 0 0 0 0 0 0 0 0 0 0 0 0 0 0 0 0 0 0 0 0 0 0 0 0 0 0 
0 0 0 0 0 0 0 0 0 0 0 0 0 0 2 0.6 1.8 0.1 1.2 0.2 0.1 1.6 1.8 1.4 0.9 0.4 1 0.7 2 0.8 2.1 1.7 1.9 0.3 1.1 1.6 0.2 1.3 1.5 0.5 1.8 0.8 2.1 0.6 2.1 0.3 0.8 1.5 1 1 1.5 0.9 0.5 1.7 2.1 0.7 1.3 0.1 1.3 1.5 1.1 1.1 2.1 1 0.2 0.4 0.5 0.5 1.6 0.8 1.3 1.1 1.3 0.8 1.5 0.1 0.3 1.8 0.9 0.1 0.8 1.3 1.8 1.5 1.6 0.1 0.3 0.2 0.9 0.4 1.8 2 0 0 0 0 0 0 0 0 0 0 0 0 0 0 0 0 0 0 0 0 0 0 0 0 0 0 0 0 0 0 0 0 0 0 0 0 0 
0 0 0 0 0 0 0 0 0 0 0 0 0 0 0 1.9 0.4 1.4 0.5 0.2 0.8 1.3 1.3 2.1 1.6 1.5 1.3 1.4 0.3 2 0.8 1 0.8 1.6 2 0.7 1.7 0.7 1.2 1.9 1.5 1.3 2 2.1 2.1 2 0.5 1.1 0.8 1.7 0.9 1 0.1 0.3 1.7 0.4 1.3 1.5 0.8 0.6 0.9 0.2 0.7 0.9 1.8 0.6 1 0.7 1.7 0.8 1.1 0.5 2.1 0.6 1 1 1.3 0.5 0.1 0.6 1.4 1.8 1 1.3 1.9 0.8 1.3 0.4 1.3 2 1.5 0.8 2 0 0 0 0 0 0 0 0 0 0 0 0 0 0 0 0 0 0 0 0 0 0 0 0 0 0 0 0 0 0 0 0 0 0 0 0 
0 0 0 0 0 0 0 0 0 0 0 0 0 0 0 1 1.8 1.2 1 1.9 1.3 0.5 1.6 1.2 0.7 1.3 1.9 1.2 1 1.3 1.3 0.8 1.4 1.5 0.5 2 1.4 0.1 0.4 2 0.6 0.1 2.1 0.1 0.2 0.2 0.8 0.5 1.7 1.6 0.5 0.1 0.5 1.5 1.7 1.7 0.4 0.1 0.5 1.8 1.6 1.1 1.1 1.8 0.7 0.8 1.4 0.9 2.1 1.6 1.3 2.1 0.8 1.3 1.4 0.8 0.2 1.3 0.5 1.4 0.3 1.7 0.7 1.7 0.8 1.2 0 0.4 0.5 1.4 0 1.5 0.8 2 0 0 0 0 0 0 0 0 0 0 0 0 0 0 0 0 0 0 0 0 0 0 0 0 0 0 0 0 0 0 0 0 0 0 0 
0 0 0 0 0 0 0 0 0 0 0 0 0 0 0 0 2 1.7 2 0.6 0.2 0.3 0.2 2 1.3 0.7 1.6 1 1 0.7 1.4 0.6 0.5 0.9 0.3 1.3 0.1 2.1 0.1 2 0.5 0.9 1.3 0.2 1.9 0.5 0.5 1.3 1.2 0.5 1.7 0.3 1.5 1.8 0.4 1.6 1.5 0.5 0.4 0.3 0.7 0.5 1.2 0.6 1 1 1.6 0.9 0.4 1.7 0.3 1.1 1.8 1.1 0.8 0.6 1.2 1.2 1.1 0.4 1.6 1 0.9 0.6 0.3 0.2 1.5 0.2 1.6 1.7 1.5 1.1 0.5 0.8 2 0 0 0 0 0 0 0 0 0 0 0 0 0 0 0 0 0 0 0 0 0 0 0 0 0 0 0 0 0 0 0 0 0 0 
0 0 0 0 0 0 0 0 0 0 0 0 0 0 0 0 0 0.9 0.5 1.7 0.1 0.5 1.4 2.1 0.5 0.6 1.1 1.4 0.8 1.7 1.4 0.4 0.7 1.7 0.2 1.1 0.7 0.3 1.9 2.1 1.9 0.7 0.1 1.5 1.9 1.7 0.7 1 1.7 0.9 2.1 1.7 1.7 0.4 1.9 0.8 0.8 1.6 1 1.2 0.6 2.1 1.8 1.3 0.6 1.1 0.4 1.5 1.5 1.8 1.8 1.1 1.4 1.3 1.5 0.6 0.3 0.2 1.9 0.7 1.2 0.7 1.6 1.1 1.5 2 0.7 0.8 1.5 0.8 0.8 1.6 0.1 0.5 0.8 2 0 0 0 0 0 0 0 0 0 0 0 0 0 0 0 0 0 0 0 0 0 0 0 0 0 0 0 0 0 0 0 0 0 
0 0 0 0 0 0 0 0 0 0 0 0 0 0 0 0 0 1 0.8 0.3 0.3 0.6 1.9 1.6 2 1.2 0.2 1.9 0.7 1.3 0.1 0.8 1.2 0.4 1 0.1 0.5 0.6 0.5 2 0.1 0.6 1.4 1.4 1.4 0.8 0.6 0.2 0.3 1.8 0.7 0.4 1.7 1.6 0.8 1.7 0.3 0.8 0.2 1.9 1.2 2 0.2 1.4 0.2 1.9 0.7 0.4 2 1.5 1.2 0.5 1 1.2 1.7 1 1.8 1.6 2 0.3 0.1 0.8 0.7 1.1 0.2 0.3 1.6 0.1 0.1 0.7 2 2 1.7 1.2 1.6 1.9 1 0 0 0 0 0 0 0 0 0 0 0 0 0 0 0 0 0 0 0 0 0 0 0 0 0 0 0 0 0 0 0 0 
0 0 0 0 0 0 0 0 0 0 0 0 0 0 0 0 0 0 2 0.7 1.1 1 1.2 1.3 1.8 2 0 1.1 1 0.5 0.3 1.2 2 0.6 1.5 0.3 1.4 1.5 2 0.8 1.4 1.7 0.9 1.5 1.9 1.3 0.7 0.7 0.3 2 1.3 1.3 0.4 1.5 0.8 0.3 1.7 1.4 0.8 1.5 2 2.1 0.7 1.3 1.4 2 0.1 1.4 0.5 1.4 1.1 1.9 1.1 1.2 1.7 1 0.7 0.3 1.4 1.3 1.5 1.4 0.3 0.6 0.5 1.3 0.1 0.1 0.5 0.4 2 1.2 1.1 1.8 1.3 1.7 0.9 1 0 0 0 0 0 0 0 0 0 0 0 0 0 0 0 0 0 0 0 0 0 0 0 0 0 0 0 0 0 0 0 
0 0 0 0 0 0 0 0 0 0 0 0 0 0 0 0 0 0 0 0.9 1.6 0.9 0.7 1.8 0.7 1 1 2.1 0.2 1.5 1.8 2 2 0.7 1.5 1.8 1.5 0.9 1.9 1.7 1.1 1.4 0.1 0.2 0.7 0.5 1.5 1.2 0.8 1.1 0.1 1.5 0.1 0.5 1.6 0.8 1.4 0.2 1.1 0.8 1.1 1.9 1.1 1.1 1.4 1.8 1.2 1 0.7 1.1 2.1 1.7 1.1 1.7 0.8 1.9 0.3 0.6 1.3 0.7 1.3 0.4 0.4 1.7 0.4 0.9 0.3 1.9 0.7 2 0.8 0.2 0.3 1.2 1.9 1.4 0.7 0.9 1 0 0 0 0 0 0 0 0 0 0 0 0 0 0 0 0 0 0 0 0 0 0 0 0 0 0 0 0 0 0 
0 0 0 0 0 0 0 0 0 0 0 0 0 0 0 0 0 0 0 1 1.9 1.5 0.7 0.4 0.3 1.1 0.2 1.2 0.2 1.6 0.3 1.5 1.1 0.1 1.9 1.7 0.1 0.2 0.4 1.5 0.6 1.5 1.1 0.8 1.2 1.9 0.4 1.3 0.7 1.6 1.3 0.8 0.5 0.4 1 0.2 0.8 1.1 1.3 0.4 0.5 1.7 2 1.7 1.3 0.5 0.2 0.6 2.1 0.1 1.6 0.3 1.4 1 1.4 0.9 1.9 0.7 1.9 0.7 0.6 2 1.1 0.3 0.9 0.1 1.2 0.3 0.6 1.3 0.4 1.1 0.4 1.5 0.3 2 0.4 0.7 0.9 1 0 0 0 0 0 0 0 0 0 0 0 0 0 0 0 0 0 0 0 0 0 0 0 0 0 0 0 0 0 
0 0 0 0 0 0 0 0 0 0 0 0 0 0 0 0 0 0 0 0 1 0.8 0.3 1.5 1.1 0.9 0.5 1.6 1.5 0.6 1.2 1.5 1.6 1.6 1.8 0.4 1 0.3 1.5 0.9 1.3 1.9 1.1 0.8 0.1 0.3 1.7 1.5 0.8 0.6 1.5 0.6 1.8 0.3 1.2 1.9 1.5 0.8 0.4 0.7 1 1.6 1.7 0.6 0.9 0.2 0.4 1.6 2 0.9 1.1 1.3 0.4 0.5 1.8 1.4 0.6 1.8 1.3 0.4 1.6 0.1 0.3 0.5 1 1 1.8 1.5 1.3 1.4 1.9 1.9 0.4 1.7 1.7 1.5 0 0.4 0.7 0.9 1 0 0 0 0 0 0 0 0 0 0 0 0 0 0 0 0 0 0 0 0 0 0 0 0 0 0 0 0 
0 0 0 0 0 0 0 0 0 0 0 0 0 0 0 0 0 0 0 0 0 2 0.7 1.2 1.3 0.8 1.5 0 1 0.9 0.1 2.1 2 1 1.5 0.7 0.1 1.4 1.4 1.2 0.2 1.3 0.4 1 0.7 0.4 0.1 1.9 1.6 1.1 1.1 0.9 1.6 0.7 0.6 1.2 2 1.1 0.5 1 0.1 0.4 0.3 1.3 0.9 0.8 1.9 1.1 0.6 0.7 2 1 1.6 1.7 0.3 0.6 1.8 0 1.7 1 0.3 2 0.2 1.4 1.8 1.6 2.1 1.4 0.7 0.2 1.1 0.4 0.2 0.7 0.9 1.9 1.6 1.1 1.5 1.8 2 0 0 0 0 0 0 0 0 0 0 0 0 0 0 0 0 0 0 0 0 0 0 0 0 0 0 0 0 
0 0 0 0 0 0 0 0 0 0 0 0 0 0 0 0 0 0 0 0 0 0 0.9 0.6 0 0 1.5 1.1 1.6 0.5 0.4 1.9 1.2 1.7 0.7 0.6 1.9 2.1 1.9 1.2 1.2 1.4 0.4 0.3 1.4 1.1 1.1 1.2 1.1 0.5 1.1 0.2 1.1 0.5 2.1 2 2.1 1.9 1.7 1.6 0.4 1 1 2.1 0.8 2 0.4 1.1 0.1 1.8 1.5 0.7 1.2 1.8 0.3 0.9 1.7 0.7 1.3 0.6 2 1.7 0.9 1 0.2 0.8 1 2 1.9 1.9 0.1 1.8 0.9 0.6 1 0.1 1 1.7 1.2 1.6 1.9 1 0 0 0 0 0 0 0 0 0 0 0 0 0 0 0 0 0 0 0 0 0 0 0 0 0 0 0 
0 0 0 0 0 0 0 0 0 0 0 0 0 0 0 0 0 0 0 0 0 0 1 1.9 0.5 1.9 1.9 0.2 1.8 1.2 1.1 0.1 1.8 1.5 0.6 0.6 1 1.3 1.1 1.2 1.6 1.5 1.3 0.7 0.7 0.4 1.2 0.5 0.9 0.9 2.1 0.7 1.1 1.2 1.8 0.2 0.7 1.1 2 1.7 0.3 1 0.6 1 0.9 1.2 0.7 1.5 1.6 0.2 1.8 1.7 0.5 2.1 1.1 1.6 1.6 1.1 0.3 0.4 1.7 1.3 0.4 1.4 0.4 1.8 1.7 1.3 1.8 1.3 2 1 0.4 1.4 1 1.3 0.3 0.1 1.8 1.3 1.7 0.9 1 0 0 0 0 0 0 0 0 0 0 0 0 0 0 0 0 0 0 0 0 0 0 0 0 0 0 
0 0 0 0 0 0 0 0 0 0 0 0 0 0 0 0 0 0 0 0 0 0 0 1 0.8 0.4 1.8 1.7 1 1.5 1.9 0.8 2 1.9 2 1.8 0.8 0.6 0.8 1.1 0.3 0.5 0.9 0.9 1.2 0.6 0.2 0.2 2 1.8 1 0.9 1.8 0.6 1.3 1.4 1.3 1.1 1.7 0.6 1.3 2.1 1 0.1 0.4 1.9 1.4 1 0.8 1 2 2.1 1.8 0.8 1.9 1.9 0.7 1.4 1 1.7 0.6 2 0.9 1.7 1.5 1.6 0.1 0.3 1.4 0.4 1.6 1 1.8 0 1.9 1.4 1.6 0.5 1.3 0.9 1.4 0.7 0.9 1 0 0 0 0 0 0 0 0 0 0 0 0 0 0 0 0 0 0 0 0 0 0 0 0 0 
0 0 0 0 0 0 0 0 0 0 0 0 0 0 0 0 0 0 0 0 0 0 0 0 2 1.8 1.4 1.7 0.5 1.8 0.2 1.6 0.6 0.9 2.1 0.6 1.1 0.1 0.3 1.4 2.1 0.2 2 0.5 1.3 0.9 0.1 2 0.5 1.9 0.2 1.8 0.7 1 0.6 0.2 1.4 1.4 1.3 0.9 0.9 0.8 0.9 0.4 0.5 0.3 1.9 0.2 0.5 1 1 1.9 2.1 0.1 0.8 0.9 0.2 1.8 0.5 0.5 0.9 1.9 1.5 2 1.5 0.2 1.4 1.2 0.8 0.3 2 0.8 2 0.5 0.6 0.3 0.7 0.8 0.7 0.4 1 0.4 0.7 0.9 1 0 0 0 0 0 0 0 0 0 0 0 0 0 0 0 0 0 0 0 0 0 0 0 0 
0 0 0 0 0 0 0 0 0 0 0 0 0 0 0 0 0 0 0 0 0 0 0 0 0 2 1.8 0.3 0.5 0.3 0.5 2 1.4 1.5 2 1.4 1.4 1.6 0.6 1.2 2.1 2 0.9 0.9 1.3 0.4 1.9 0.4 1.9 0.2 0.4 0.6 0.8 1 1.1 1.9 2 1.8 0.5 0.2 0.8 2 1.2 1.9 0.3 0.8 1.6 0.7 0.4 1 1.8 1.1 1.4 0.1 5.68434e-14 1.9 1.4 1.5 0 1.1 1.8 0.1 0.2 1.3 0.4 1.8 1.6 2 1.1 1.1 1.2 0.4 2 1.9 0.2 0.1 0.7 1 0 1.9 1.6 1.1 1.5 1.8 2 0 0 0 0 0 0 0 0 0 0 0 0 0 0 0 0 0 0 0 0 0 0 0 0 
0 0 0 0 0 0 0 0 0 0 0 0 0 0 0 0 0 0 0 0 0 0 0 0 0 0 2 0.7 1.2 1.4 0.1 0.3 1.8 0.2 0.4 2.1 0.8 1.3 1.2 0.2 0.1 1.7 0.7 1.2 1.3 1.2 0.3 1.2 0.5 1 0.5 1 1.4 1.6 0.4 0.7 0.1 1.2 0.2 0.4 1.9 0.4 0.7 1.4 1.9 1.6 1.9 2 0.1 0.7 1.1 0.6 0.7 1.9 0.7 2 0.3 0.6 0.7 0.6 0.3 1.9 0.3 0.8 0.4 0.3 1.7 0.6 0.2 0.7 0.2 1.9 0.8 0 1.7 1.9 1.7 0.1 1.3 1.3 1.1 0.7 1.2 1.6 1.9 1 0 0 0 0 0 0 0 0 0 0 0 0 0 0 0 0 0 0 0 0 0 0 0 
0 0 0 0 0 0 0 0 0 0 0 0 0 0 0 0 0 0 0 0 0 0 0 0 0 0 0 0.9 0.6 1.1 0.2 2 1.2 0.6 1.1 0.4 0.2 1.3 1.3 0.9 0.9 1.1 0.2 0.2 0.1 2.1 0.2 1 0.9 0.5 0.5 0.7 0.9 0.9 1.5 0.4 1.4 1 0.6 1.6 1.1 1.1 1.5 1 0.2 0.7 2 0.3 1.1 1.8 0.7 1.3 1 0.3 0.8 1.2 1.1 0.3 0.7 1.2 0.7 1.3 0.9 1.7 1.7 1 0.8 1.2 1.3 0.2 0.1 1.2 1.5 0 1 1.5 0.5 0.1 1.5 0.6 0.5 0.2 0.8 1.3 1.7 0.9 1 0 0 0 0 0 0 0 0 0 0 0 0 0 0 0 0 0 0 0 0 0 0 
0 0 0 0 0 0 0 0 0 0 0 0 0 0 0 0 0 0 0 0 0 0 0 0 0 0 0 1 1.9 1.6 1 0.1 1.9 0 1.5 0 0.4 1.5 0.9 1.4 0.7 1.7 2.1 0.7 1.6 1.8 1.3 0.4 0.5 2.1 1.6 1.7 2.1 0.4 1.5 2 0.5 0.7 2.1 2 0.6 0.1 1.6 0.8 0.5 0.4 0.1 1.1 0.8 0.7 0.2 1.9 1.1 1.4 0.3 1.6 0.8 0.7 0.1 2 1.1 1.5 1.1 1 0.2 1.9 2.1 1.9 1.4 0.7 1 0.4 2.1 2 0.2 2 0.2 0 1.6 1.9 0.9 0.7 1.4 2 0.4 0.7 0.9 1 0 0 0 0 0 0 0 0 0 0 0 0 0 0 0 0 0 0 0 0 0 
0 0 0 0 0 0 0 0 0 0 0 0 0 0 0 0 0 0 0 0 0 0 0 0 0 0 0 0 1 1.9 0.5 0.9 0 0.7 0.9 1.4 1 1.6 1.9 0.6 1.6 0.6 1.5 1 1.1 1.8 1 0.9 1.8 2 0.8 0.8 1.6 1.7 1.8 1.5 1.4 1.1 0.1 0.9 0.7 1.8 0.2 1 1 1 0.7 1.8 0.7 1.13687e-13 1.3 2.1 1.8 2 1.2 0.1 0.4 0.8 2.1 0 0.5 0.5 2 1.9 1.2 0 1.5 0.6 1.5 1.2 1.9 0.6 1.6 0.8 0.3 0.3 0.8 1.9 0.6 0 1.2 0.1 0.9 1.6 1.1 1.5 1.8 2 0 0 0 0 0 0 0 0 0 0 0 0 0 0 0 0 0 0 0 0 0 
0 0 0 0 0 0 0 0 0 0 0 0 0 0 0 0 0 0 0 0 0 0 0 0 0 0 0 0 0 1 0.8 0.4 0.8 0.9 0.6 0.8 0.3 0 1.8 1.3 1.4 1.9 1.6 1.3 0.9 1.4 1.7 0.8 2 1.4 1.3 1.1 1.3 0.3 1.8 1.2 1.1 2.1 1.6 1.1 2 1.5 1.8 2 1 1.8 1.1 0.7 0.2 1.3 0.5 1.5 0.7 1.8 0.2 0.7 2 1.7 1.6 0.4 1.1 0.5 0.6 0.3 0.6 0.5 0.1 1.5 1.7 0.7 0.7 1.8 2.1 1.6 1.4 0.6 0.3 0.6 0.5 1.1 0.4 1.5 1.4 0.1 0.7 1.2 1.6 1.9 1 0 0 0 0 0 0 0 0 0 0 0 0 0 0 0 0 0 0 0 0 
0 0 0 0 0 0 0 0 0 0 0 0 0 0 0 0 0 0 0 0 0 0 0 0 0 0 0 0 0 0 2 1.8 1.4 1.8 1.9 1.6 1.8 0.3 0.1 1 1.8 0.2 1.2 0.5 2.1 1.8 0.5 1.3 0.2 0.4 1.1 0.5 2.1 1.1 1.1 0.5 1.9 1.7 0.3 1.3 1 0.7 1.7 2.1 1.9 1.1 0.6 1.3 1.9 2.1 1.5 0.8 0.6 1.6 0.2 0.2 0.3 1.2 1.6 1.2 0.9 1.6 0.1 1.5 0.6 1.5 0.1 0.6 1 1.3 1.6 2 0.5 1.3 1.4 1.9 0.8 1.3 1.4 0.1 1.6 0.8 0.8 0.6 1.3 1.9 0.3 1.7 0.9 1 0 0 0 0 0 0 0 0 0 0 0 0 0 0 0 0 0 0 0 
0 0 0 0 0 0 0 0 0 0 0 0 0 0 0 0 0 0 0 0 0 0 0 0 0 0 0 0 0 0 0 2 1.8 1.4 1.8 1.9 1.6 1.8 1.4 1.3 0.3 1.3 1.1 0.5 1.5 1.9 0.5 0.4 0.6 1.2 1.3 2.1 0.8 1.8 1.4 1 1.1 1.1 1.4 0.4 1.6 1.2 0.5 1.8 2.1 1.4 0.7 1 1.1 1.8 0.7 0.6 1.2 0.1 1 0.5 1.4 0.3 2.1 0.3 0.9 0.7 1.6 1.5 1.3 1 1.6 1.1 1.6 2.84217e-14 0.5 0.1 0.9 2 0.3 0 1.2 0.9 1.2 1.1 0.7 0 0.1 0 0.8 1.5 1 0.4 0.7 0.9 1 0 0 0 0 0 0 0 0 0 0 0 0 0 0 0 0 0 0 
0 0 0 0 0 0 0 0 0 0 0 0 0 0 0 0 0 0 0 0 0 0 0 0 0 0 0 0 0 0 0 0 2 1.8 1.4 1.8 1.9 1.6 0.8 1.5 1.5 1.7 0.9 1 0.9 1.5 1.6 0.1 0.1 1.7 0.8 0.6 1.3 1.1 1.3 1.2 1.2 1.7 1 0.5 1.7 1.8 2.1 0.8 0.1 0.1 1.9 0.3 1.4 2 1.8 1.6 0.1 0.1 0.3 1.4 2.1 1 1 1.8 0.1 0.9 1 1.3 1.7 1.1 0.5 2 1.5 1 0.6 1.4 1.4 1.7 0.2 0.1 0.5 0.4 0.9 1 1.8 0.2 0.4 0.4 1.3 0 0.6 1.1 1.5 1.8 2 0 0 0 0 0 0 0 0 0 0 0 0 0 0 0 0 0 0 
0 0 0 0 0 0 0 0 0 0 0 0 0 0 0 0 0 0 0 0 0 0 0 0 0 0 0 0 0 0 0 0 0 2 1.8 1.4 1.8 1.9 1.6 1.9 0.6 0.7 0 1.5 2 0.3 0.4 1.2 0.6 0.7 1.5 1 1.4 0.8 1.5 1.7 1.7 0.8 1.4 1.8 0.3 0.3 1.1 1.9 0.8 5.68434e-14 0.7 0.8 0.3 1.2 0.2 0.2 1 0.3 2 1.7 0.1 2.1 1.3 0.5 0.5 1.2 1.4 2 0.8 0.8 2 1.3 0.7 0.2 0.9 0.8 2 0.4 0.1 0.2 0.8 0.9 1.6 1.9 0.8 1.4 0.7 0.8 1.8 1.6 0.2 1.8 0.2 1.6 1.9 1 0 0 0 0 0 0 0 0 0 0 0 0 0 0 0 0 0 
0 0 0 0 0 0 0 0 0 0 0 0 0 0 0 0 0 0 0 0 0 0 0 0 0 0 0 0 0 0 0 0 0 0 2 1.8 1.4 1.8 1.9 0.6 0.9 0.7 0.9 0.4 0.1 0.9 1.7 0.3 1.8 2.1 0.1 1 0.8 0.6 0.6 1 1 1.9 0.9 1.4 0.6 0.9 1.6 1.9 0.9 1.9 2 1.2 1.6 0.1 0.7 0.2 0.5 1.4 1.7 1.1 1.4 1.4 0.8 0.4 2.1 1.6 1.8 0.5 1.7 1.2 1 2.1 0.3 1.8 1.5 0.4 1.7 0.2 1.1 1.4 0.1 1.4 0.2 1.7 1.8 0.5 2 1.2 0.2 1.1 0.8 0.4 0.9 0.3 1.7 0.9 1 0 0 0 0 0 0 0 0 0 0 0 0 0 0 0 0 
0 0 0 0 0 0 0 0 0 0 0 0 0 0 0 0 0 0 0 0 0 0 0 0 0 0 0 0 0 0 0 0 0 0 0 2 1.8 1.4 1.8 1.9 0.6 2 1.9 1.2 1.9 0.8 0.9 0 1.2 0.3 0.3 1.3 0.2 1.2 0.3 1.8 0.7 0.3 1.9 0.6 1.8 1.7 1.6 0.7 0.2 1.4 0.3 1.1 0.8 0.4 2 0.3 1.4 2.1 0.1 1.4 1.7 1.8 0.4 0.4 1.7 2 1.1 0.9 0.3 0.2 1.6 0.3 0.3 1.7 0.3 0.2 0.5 0.1 0.1 1.6 1.5 0.9 1.9 1.5 0.7 1.6 1.2 0.5 0.6 1.6 1.4 0 1.6 0 0.4 0.7 0.9 1 0 0 0 0 0 0 0 0 0 0 0 0 0 0 0 
0 0 0 0 0 0 0 0 0 0 0 0 0 0 0 0 0 0 0 0 0 0 0 0 0 0 0 0 0 0 0 0 0 0 0 0 2 1.8 1.4 1.8 1.9 1.7 1.1 0 1.5 0.3 1.5 1.9 0.4 2.1 1.8 0.5 1.3 1.2 0.2 1.6 0.3 0.6 0.7 1.8 0 0.7 1.1 1.4 1.8 1.5 0.6 0.3 0.7 0.8 1.7 1.2 0.3 1 2.1 1.4 1.8 0 2 0.4 0.2 0.2 0.2 1.1 0.7 2 0.8 1.1 0.8 2 1.5 0.3 1.6 0.2 1.3 1.9 0.9 0.4 0.5 0.2 1.6 0.6 0.3 1.8 1 0 0.9 0.6 0.2 0.7 0.1 1.5 1.8 2 0 0 0 0 0 0 0 0 0 0 0 0 0 0 0 
0 0 0 0 0 0 0 0 0 0 0 0 0 0 0 0 0 0 0 0 0 0 0 0 0 0 0 0 0 0 0 0 0 0 0 0 0 2 1.8 1.4 1.8 0.9 0.7 0.1 1.2 1.8 0.8 1.2 1.9 0.8 0.9 0.1 0.5 1.1 1.9 2 1.4 1.3 1.9 1.3 1.7 1.3 0.3 1 0.5 0 0.7 0.7 0.1 2.1 1.6 1.6 2.1 1 1.3 0.8 0.4 2 0.3 0.2 0.6 0.3 1.2 1.1 1.9 0.4 0.6 0.4 1.8 1.7 1 0.7 0.9 0.5 0.6 0.2 0.3 2 1.2 1 1.5 0.6 0.4 1 0.3 0.4 1.4 1.2 1.9 0.4 1.9 1.3 0.6 1.9 1 0 0 0 0 0 0 0 0 0 0 0 0 0 0 
0 0 0 0 0 0 0 0 0 0 0 0 0 0 0 0 0 0 0 0 0 0 0 0 0 0 0 0 0 0 0 0 0 0 0 0 0 0 2 1.8 1.4 1.8 0.9 0.7 0.2 1.4 1.1 1.3 0.9 1.9 0.1 0.6 1.4 0.4 0.7 0.3 1.3 0.7 0.7 0.4 1 0.6 0.4 1.7 0.5 1.1 0.6 1.2 2 0 0.4 1.2 0.3 1.8 0.5 0.4 0.4 0.4 0.2 0.7 1.8 0.2 2 1.9 1.8 0.5 0 1.3 0.2 1.8 1.9 0.4 1.5 2.1 0.1 0.7 1.9 0.6 0.9 0.8 1.4 0.6 0.5 1.2 0.6 0.8 1.9 1.8 0.5 1.1 0.6 0 1.4 0.7 0.9 1 0 0 0 0 0 0 0 0 0 0 0 0 0 
0 0 0 0 0 0 0 0 0 0 0 0 0 0 0 0 0 0 0 0 0 0 0 0 0 0 0 0 0 0 0 0 0 0 0 0 0 0 0 2 1.8 1.4 1.8 0.9 1.8 1.4 0.6 0.4 1.8 0.6 0.8 1.4 0.3 1.6 1.2 0.1 1.5 1.3 0.6 1.6 0.3 2 1.7 0.6 0.9 1.8 0.3 0.7 1.1 0.5 1.1 0.9 0.9 0.1 0.5 2.1 1.7 0.2 0.6 1.8 1.6 0.8 0.4 1.3 1.3 0.2 2.1 1.8 1.2 0.3 1.1 0.4 0.3 0.8 0.8 1.4 1.6 0.3 1.7 1.7 0.3 0.6 0.6 1.4 0.9 1.2 0.3 1.3 1.1 1.8 0.3 1.8 1.2 0.5 1.8 2 0 0 0 0 0 0 0 0 0 0 0 0 0 
0 0 0 0 0 0 0 0 0 0 0 0 0 0 0 0 0 0 0 0 0 0 0 0 0 0 0 0 0 0 0 0 0 0 0 0 0 0 0 0 2 1.8 1.4 1.8 2 0.9 0.5 0.8 1.8 1.3 1.3 1.8 1.7 1 0.7 0.8 1.4 0.4 2 0.1 2 1.7 1.3 2 1.9 0.1 1.9 1.3 1.5 0.5 0.5 1.6 0.7 0.9 1.2 1.6 2 0.2 0.3 0.2 0.8 0.9 0.4 1.3 1.4 0.5 1.7 1.8 1.7 0.3 0.7 1.8 1.5 0.8 0.7 0.2 1.4 0.1 0.5 1.6 1.3 1.7 1.8 0.6 1.2 1.6 1.8 0.8 1.7 0.4 1 0.5 2 0.3 0.6 1.9 1 0 0 0 0 0 0 0 0 0 0 0 0 
0 0 0 0 0 0 0 0 0 0 0 0 0 0 0 0 0 0 0 0 0 0 0 0 0 0 0 0 0 0 0 0 0 0 0 0 0 0 0 0 0 2 1.8 1.4 0.8 1 2 1.7 1.1 0.1 1.8 1 0.7 0.9 1.6 0.7 0.3 0.4 1.1 0.3 0.2 0.9 0.4 0.9 1.5 0.2 0.3 0.9 1.1 2 0.6 0.1 1.6 1 1.4 1.8 1.1 0.2 1.2 2 0.4 0.4 0.9 0.8 1 0.3 1.8 0.2 1.6 1.8 1.8 0.5 2 1.1 1.9 1.3 1.4 1.1 1.5 1.6 0.3 1.8 2 1.9 0.5 2 0.2 1.3 0.2 1 1.7 0.2 0.7 1.1 0.4 0.7 0.9 1 0 0 0 0 0 0 0 0 0 0 0 
0 0 0 0 0 0 0 0 0 0 0 0 0 0 0 0 0 0 0 0 0 0 0 0 0 0 0 0 0 0 0 0 0 0 0 0 0 0 0 0 0 0 2 1.8 1.4 0.8 0 0 0.8 1.3 1.5 1.3 1.7 0.6 1.1 1.1 0.6 1.7 0.3 0.5 1.4 1 1.4 1.7 2 1.3 0.8 1.7 1 1.9 0.3 1.5 1.5 1.3 2 0.5 0.9 1.1 1.1 1.9 1.3 1.3 0.8 1.8 1.1 0.6 0.3 1.1 0.9 0.6 1.2 1.6 1.8 1.7 1.3 1.6 1.6 0.2 1.6 1.7 0.4 0.9 0.1 1.1 0.8 0.3 0.6 1.8 1.8 0.6 0.3 0.9 0.4 1.9 0.2 0.5 1.8 2 0 0 0 0 0 0 0 0 0 0 0 
0 0 0 0 0 0 0 0 0 0 0 0 0 0 0 0 0 0 0 0 0 0 0 0 0 0 0 0 0 0 0 0 0 0 0 0 0 0 0 0 0 0 0 2 1.8 1.4 0.8 0 1.1 2 1.6 1.9 0.8 0.3 1.5 0.2 0.5 0.4 0.9 1 1.8 0.2 0.4 1.5 1.5 0.4 0.4 1.7 0.2 1.2 0.6 0.6 1.3 1.7 0.8 1.7 0.3 0.7 1.9 1.8 1.3 1.4 1 1.1 1.6 0.3 1.3 0.4 0.6 0.8 2 1 1.9 0.5 0.9 0 0.9 1.5 0.8 1.9 0.6 1.1 0.3 0.3 1.1 1.7 0 0.2 1.3 1.2 2 0.6 0.1 0.6 1 0.3 0.6 1.9 1 0 0 0 0 0 0 0 0 0 0 
0 0 0 0 0 0 0 0 0 0 0 0 0 0 0 0 0 0 0 0 0 0 0 0 0 0 0 0 0 0 0 0 0 0 0 0 0 0 0 0 0 0 0 0 2 1.8 1.4 0.8 1.1 0.2 0.1 0.8 1.2 0.2 2 0.3 1.3 0.9 0.1 1 1.6 0.8 1.8 1.6 0.2 1.8 0.3 1 1.9 0 0.5 1.5 1 1.1 0.8 1.2 0.2 2 0.4 0.5 0.2 0.5 0.3 0.6 0.3 0.3 0.6 1.1 0.7 1.4 1.1 0.7 0.2 1.6 1.8 0.7 0.4 0.9 0.1 0.1 1.9 1.4 0.6 0.6 0.4 0 0.4 1.7 0.8 1.8 0.6 1.3 1.9 1.4 0.8 0.1 0.4 0.7 0.9 1 0 0 0 0 0 0 0 0 0 
0 0 0 0 0 0 0 0 0 0 0 0 0 0 0 0 0 0 0 0 0 0 0 0 0 0 0 0 0 0 0 0 0 0 0 0 0 0 0 0 0 0 0 0 0 2 1.8 1.4 1.9 1.2 0.3 1.3 0 1.5 0.7 1.6 0.1 0.3 1.2 1.8 2.1 1 1.7 0.1 1.4 1.6 1.7 0.8 2.1 1.5 0.1 0.1 1.6 0.5 2 1 1.6 0.8 0.6 0 2.1 1.7 1.8 0.3 1.3 0.6 0.2 1.1 0.1 1.3 0.5 0.7 1.9 2 0.9 0.6 0.1 1.5 0.6 0.5 0.2 0.7 2 1 0.8 0.4 1.9 1.2 0.3 0.3 1.2 2 0.6 0.1 1.6 2 1.3 1.6 0.8 2 0 0 0 0 0 0 0 0 0 
0 0 0 0 0 0 0 0 0 0 0 0 0 0 0 0 0 0 0 0 0 0 0 0 0 0 0 0 0 0 0 0 0 0 0 0 0 0 0 0 0 0 0 0 0 0 2 1.8 0.4 0.9 0.2 0.4 0.4 0.2 0.8 0.1 0.1 1.9 0.3 1.5 1.4 2 1.3 0.3 1.2 2 0.6 1.2 1.9 0.6 1.5 0.6 1.1 2 1.3 2.1 0.3 1.1 0.4 1.3 1.8 1.8 0.2 1.1 0.4 1.1 1.1 1.4 1.9 0.5 0.2 1 0.8 1.6 0.2 0.7 2.1 1.3 1.3 1.1 0.7 0.1 1.4 0.4 0.2 1.9 1.4 0.7 1.9 0.9 0.8 0.6 1.3 1.9 1.4 0.8 0.1 0.4 1.7 0.9 1 0 0 0 0 0 0 0 0 
0 0 0 0 0 0 0 0 0 0 0 0 0 0 0 0 0 0 0 0 0 0 0 0 0 0 0 0 0 0 0 0 0 0 0 0 0 0 0 0 0 0 0 0 0 0 0 2 1.8 0.4 0.9 1.3 0.5 1.6 1.5 0.1 0.5 0.7 0.6 1.3 0.7 1.9 1.8 1.4 0.8 1.1 0.2 1.3 1.4 1.5 1.7 1 1.6 1.5 0.7 0.3 0.3 0.8 1.8 0.2 1.2 1.7 1.6 0.9 0.6 0.7 0.1 1.9 1.9 1 0.2 1.6 1 0.4 1.8 0 1.2 0.2 1.1 0.8 0.3 1.7 0.9 0.9 0.7 1.4 0.9 0.2 0.4 1.5 0.4 0.2 2 0.6 0.1 1.6 2 1.3 1.6 0.8 2 0 0 0 0 0 0 0 0 
0 0 0 0 0 0 0 0 0 0 0 0 0 0 0 0 0 0 0 0 0 0 0 0 0 0 0 0 0 0 0 0 0 0 0 0 0 0 0 0 0 0 0 0 0 0 0 0 2 1.8 0.4 2 1.4 1.7 0.8 0.7 0.4 2 1.3 1.4 0.2 1.9 1.3 0.4 0.3 1.1 0.7 0.2 0.7 1.2 0.7 1.3 2.84217e-14 1 0.2 1.8 1.7 2 1.7 1.8 0.3 0.3 1.8 0.6 0.8 1.4 1.3 0.5 1 1.7 1.5 0.4 0.4 1.5 1.6 1.6 0.5 0.3 0 0.6 0 0.3 1.5 1.5 1.3 2 1.5 0.8 1 1.1 0 1.9 1.7 0.3 1.9 1.4 0.8 0.1 0.4 1.7 0.9 1 0 0 0 0 0 0 0 
0 0 0 0 0 0 0 0 0 0 0 0 0 0 0 0 0 0 0 0 0 0 0 0 0 0 0 0 0 0 0 0 0 0 0 0 0 0 0 0 0 0 0 0 0 0 0 0 0 2 1.8 1.5 0 1.5 0.8 2 2 0.8 0.4 1.9 1.1 0.1 2 1.6 2 1.2 0.2 0.1 1 1.9 0.7 1.6 0.5 0.6 0.9 1.5 0.3 1.5 1 1.9 1.1 0.7 1.8 1.2 2 1.1 0.5 0.2 0.2 1.5 0.9 0.4 2.84217e-14 1.8 1.6 0.3 1 0.6 0.1 1.6 0.9 1.1 1.2 0.1 0.9 1.6 1.1 0.4 0.6 0.7 1.7 1.6 1.4 0 0.6 0.1 1.6 2 1.3 1.6 0.8 2 0 0 0 0 0 0 0 
0 0 0 0 0 0 0 0 0 0 0 0 0 0 0 0 0 0 0 0 0 0 0 0 0 0 0 0 0 0 0 0 0 0 0 0 0 0 0 0 0 0 0 0 0 0 0 0 0 0 2 0.8 1.5 1.1 1.6 2 1.2 0.2 1.1 1.9 0.4 1.8 1 1 0.8 0.4 1.9 1.2 0.4 0.6 1.8 2 0.1 1.4 0.8 0.4 0.2 0.3 0.7 0.4 0.4 1.8 0.5 1.6 1 0.7 0.7 1 1.6 0.4 0.4 1.6 1.9 1.3 1.8 0.2 1.7 1.1 0.4 0.7 0.9 1 1 1.9 0.6 0.2 0.7 0 0.2 0.3 0.3 0.2 0 0.7 0.3 1.9 1.4 0.8 0.1 0.4 1.7 0.9 1 0 0 0 0 0 0 
0 0 0 0 0 0 0 0 0 0 0 0 0 0 0 0 0 0 0 0 0 0 0 0 0 0 0 0 0 0 0 0 0 0 0 0 0 0 0 0 0 0 0 0 0 0 0 0 0 0 0 2 0.8 0.5 0.1 1.7 1.1 0.3 0.4 0.4 0.2 0.9 0.4 1.8 2 2 0.8 1.5 2.1 1.6 2.1 0.5 0.9 1.4 2 1.7 0.5 1.6 0.9 1.5 0.3 1.5 2 1.8 1.9 0.2 1.9 0.8 1 0.4 2.84217e-14 1.9 1.9 2 0.1 1.3 0.5 0.7 1.9 1 0 1 0.9 0.7 1.4 2 0.4 0.7 0.9 1 1 0.9 0.7 0.4 0 0.6 0.1 1.6 2 1.3 1.6 0.8 2 0 0 0 0 0 0 
0 0 0 0 0 0 0 0 0 0 0 0 0 0 0 0 0 0 0 0 0 0 0 0 0 0 0 0 0 0 0 0 0 0 0 0 0 0 0 0 0 0 0 0 0 0 0 0 0 0 0 0 2 0.8 0.5 1.2 1.8 1.2 1.5 1.7 0.7 0.6 1.4 0 0.5 1.9 0 0 2 0.8 1.6 1.3 2 1.7 0.4 0.2 0.1 0.2 0.5 2.1 0.8 0.8 1.1 1.7 0.5 1.6 2 1.6 0.4 1.5 1.8 1.3 2 1.8 0.6 0.5 1.5 1.5 1.5 0.4 1.3 0.1 0.9 0.6 0.2 1.8 1.2 1.5 1.7 1.8 1.8 1.7 1.5 1.2 0.8 1.4 0.9 1.4 0.8 0.1 0.4 1.7 0.9 1 0 0 0 0 0 
0 0 0 0 0 0 0 0 0 0 0 0 0 0 0 0 0 0 0 0 0 0 0 0 0 0 0 0 0 0 0 0 0 0 0 0 0 0 0 0 0 0 0 0 0 0 0 0 0 0 0 0 0 2 0.8 1.6 1.3 1.9 0.3 1.7 0.9 1 1 1.9 0.6 0.2 1.7 1 0.2 0.3 1.4 1.4 0.3 0.2 0.1 1.1 0.1 1.3 0.6 0.1 0.8 0.7 1.9 1.3 0.9 1.8 0.9 0.2 1.8 1.6 1.6 1.8 0.1 0.6 1.2 1.9 0.6 1.4 1.2 2 0.7 1.4 0 0.6 0.1 0.6 1 1.3 1.5 1.6 1.6 1.5 1.3 1 0.6 1.2 0.7 1.2 0.6 2 1.3 1.6 0.8 2 0 0 0 0 0 
0 0 0 0 0 0 0 0 0 0 0 0 0 0 0 0 0 0 0 0 0 0 0 0 0 0 0 0 0 0 0 0 0 0 0 0 0 0 0 0 0 0 0 0 0 0 0 0 0 0 0 0 0 0 2 1.9 1.7 1.4 2 1.5 1.9 0.1 1.3 1.4 0.3 0.1 1.9 1.5 2 0.3 0.6 1.9 0 0.1 0.2 1.4 1.6 1.9 0.2 0.7 1.4 0.2 1.3 1.6 0 0.7 0.6 0.7 0 1.6 0.3 0.2 1.3 0.5 1.9 0.3 0.8 1.4 1 0.6 1.2 1.8 1.3 1.8 1.2 1.6 0.9 0.1 1.3 1.4 1.4 1.3 1.1 0.8 0.4 1 0.5 1 0.4 0.8 0.1 0.4 1.7 0.9 1 0 0 0 0 
0 0 0 0 0 0 0 0 0 0 0 0 0 0 0 0 0 0 0 0 0 0 0 0 0 0 0 0 0 0 0 0 0 0 0 0 0 0 0 0 0 0 0 0 0 0 0 0 0 0 0 0 0 0 0 1 0.9 0.7 0.4 0 1.6 1 0.3 1.6 0.7 0.7 1.7 0.5 0.2 0.8 0.3 0.8 1.2 0.5 0.8 0.1 1.5 0.9 0.3 1.9 1.6 1.4 1.4 1.6 0.9 0.4 0.1 2.1 1.2 0.5 1 1.7 0.5 1.5 0.6 0.8 1.1 1.5 0.9 0.3 1.8 0.2 0.6 1 0.3 0.6 1.9 0 0.1 1.2 1.2 1.1 0.9 0.6 0.2 0.8 0.3 0.8 0.2 0.6 2 1.3 1.6 0.8 2 0 0 0 0 
0 0 0 0 0 0 0 0 0 0 0 0 0 0 0 0 0 0 0 0 0 0 0 0 0 0 0 0 0 0 0 0 0 0 0 0 0 0 0 0 0 0 0 0 0 0 0 0 0 0 0 0 0 0 0 0 1 0.9 0.7 0.4 1.1 1.7 0.1 0.5 0.8 1 0.1 0.1 0 1.9 0.6 1.3 0.9 0.4 0.9 1.4 0.9 0.4 2 0.6 0.3 0.1 1.1 0.2 1.5 0.9 1.5 1.3 0.2 0.3 0.6 1.1 0.7 1.5 1.4 1.4 1.5 1.7 0.9 0.1 0.4 0.7 1 1.3 0.5 0.7 0.9 1 0 0 1 0.9 0.7 0.4 0 0.6 0.1 0.6 0 0.4 0.8 0.1 0.4 1.7 0.9 1 0 0 0 
0 0 0 0 0 0 0 0 0 0 0 0 0 0 0 0 0 0 0 0 0 0 0 0 0 0 0 0 0 0 0 0 0 0 0 0 0 0 0 0 0 0 0 0 0 0 0 0 0 0 0 0 0 0 0 0 0 1 0.9 0.7 1.5 1.2 1.8 1.3 0.7 0 1.3 1.5 1.6 0.6 0.5 1.4 1.2 0.9 1.6 0.2 1.9 0.5 1.2 0.9 1.7 0.5 1.5 1.6 0.8 0.1 0.6 1.3 1.1 0 0.1 0.4 1.9 1.5 1.2 1 0.9 0.9 2 2.1 1.2 0.3 1.5 1.7 0.8 0.9 1 0 1 2 0.9 1.8 1.6 1.3 0.9 1.5 1 1.5 0.9 1.3 1.7 1 1.3 1.6 0.8 2 0 0 0 
0 0 0 0 0 0 0 0 0 0 0 0 0 0 0 0 0 0 0 0 0 0 0 0 0 0 0 0 0 0 0 0 0 0 0 0 0 0 0 0 0 0 0 0 0 0 0 0 0 0 0 0 0 0 0 0 0 0 1 0.9 1.8 1.6 1.3 0.9 0.4 1.9 1.3 0.6 1.9 0 1.1 0.1 1.1 1 1.9 1.7 1.5 0.2 1 0.8 1.7 1.6 1.6 1.7 1.9 0.1 0.5 1.1 0.8 0.6 1.6 0.7 1 0.4 2 0.6 0.3 0.1 2.1 0 1 1 0 1.1 0.1 0.1 0.1 1.1 0 2 1.9 0.7 1.5 1.2 0.8 1.4 0.9 1.4 0.8 1.2 1.6 0.9 1.2 1.5 0.7 0.9 1 0 0 
0 0 0 0 0 0 0 0 0 0 0 0 0 0 0 0 0 0 0 0 0 0 0 0 0 0 0 0 0 0 0 0 0 0 0 0 0 0 0 0 0 0 0 0 0 0 0 0 0 0 0 0 0 0 0 0 0 0 0 1 2 1.9 1.7 1.4 1 1.6 1.1 0.5 0.9 1.2 0.4 1.6 0.7 1.8 0.8 1.8 0.7 1.6 1.5 1.4 0.3 1.3 0.3 0.4 0.6 1.9 0.2 0.7 0.3 0 0.9 0.9 0 1.3 0.7 1.2 1.8 0.4 1.2 1 1.9 1.8 1.7 0.6 0.5 0.4 0.3 0.2 1.1 1 1.9 1.7 0.4 1.1 0.7 1.3 0.8 1.3 0.7 1.1 1.5 0.8 1.1 1.4 0.6 0.8 2 0 0 
0 0 0 0 0 0 0 0 0 0 0 0 0 0 0 0 0 0 0 0 0 0 0 0 0 0 0 0 0 0 0 0 0 0 0 0 0 0 0 0 0 0 0 0 0 0 0 0 0 0 0 0 0 0 0 0 0 0 0 0 0 1 0.9 0.7 0.4 1.1 0.7 0.2 0.7 0.1 1.5 0.8 0 0.2 1.4 0.5 1.6 0.6 0.6 0.6 0.6 1.7 1.8 0.9 1.1 1.4 0.7 0.1 1.7 0.3 1.1 1 1 0.1 1.4 1.8 0.2 0.7 0.3 1 1.8 1.6 1.4 1.2 1 0.8 0.6 0.4 0.2 0 1.9 1.7 1.4 0 0.6 1.2 0.7 1.2 0.6 1 1.4 0.7 1 1.3 0.5 0.7 0.9 1 0 
0 0 0 0 0 0 0 0 0 0 0 0 0 0 0 0 0 0 0 0 0 0 0 0 0 0 0 0 0 0 0 0 0 0 0 0 0 0 0 0 0 0 0 0 0 0 0 0 0 0 0 0 0 0 0 0 0 0 0 0 0 0 1 0.9 0.7 1.5 1.2 0.8 1.4 0.9 1.4 0.8 0.1 0.4 0.7 2 1.2 0.3 0.4 0.5 0.6 1.8 2 0.1 0.3 0.6 2 1.4 0.9 1.5 1.2 1 0.9 0.9 0 1.3 0.6 1 1.5 0 1.7 1.4 1.1 0.8 0.5 0.2 2 0.7 0.4 0.1 0.9 1.7 1.4 1 1.6 0.1 0.6 1.1 0.5 0.9 1.3 0.6 0.9 1.2 0.4 0.6 0.8 2 0 
0 0 0 0 0 0 0 0 0 0 0 0 0 0 0 0 0 0 0 0 0 0 0 0 0 0 0 0 0 0 0 0 0 0 0 0 0 0 0 0 0 0 0 0 0 0 0 0 0 0 0 0 0 0 0 0 0 0 0 0 0 0 0 1 0.9 1.8 1.6 1.3 2 1.6 0.1 0.6 0 0.4 0.8 1.2 0.5 1.8 1 1.2 1.4 0.6 1.9 1.1 0.3 0.6 1 0.4 0.9 1.5 0.1 1.9 0.7 0.6 0.6 1.8 1 1.3 1.7 1.1 0.6 1.2 0.8 0.4 0 1.7 1.4 0 1.7 0.3 1 0.7 1.4 1 1.6 1.1 1.6 0 0.4 0.8 1.2 0.5 0.8 1.1 0.3 0.5 0.7 0.9 1 
0 0 0 0 0 0 0 0 0 0 0 0 0 0 0 0 0 0 0 0 0 0 0 0 0 0 0 0 0 0 0 0 0 0 0 0 0 0 0 0 0 0 0 0 0 0 0 0 0 0 0 0 0 0 0 0 0 0 0 0 0 0 0 0 1 2 1.9 1.7 0.4 1.1 0.7 1.3 0.8 1.3 1.8 0.2 0.6 1 0.3 0.6 0.9 1.2 0.5 0.8 1.1 0.4 0.8 0.2 0.7 1.3 0.9 0.6 1.4 0.2 0.1 1.2 0.3 0.5 0.8 0.1 0.5 1 0.5 0 1.6 1.2 0.8 1.4 1 1.6 1.2 0.8 0.4 1 1.6 1.1 1.6 1 1.4 1.8 0.1 0.4 0.7 1 0.2 0.4 0.6 0.8 2 
0 0 0 0 0 0 0 0 0 0 0 0 0 0 0 0 0 0 0 0 0 0 0 0 0 0 0 0 0 0 0 0 0 0 0 0 0 0 0 0 0 0 0 0 0 0 0 0 0 0 0 0 0 0 0 0 0 0 0 0 0 0 0 0 0 0 1 0.9 0.7 1.5 1.2 1.9 1.5 0 1.6 1.1 1.6 0 0.4 0.8 1.2 1.6 2 0.3 1.7 0 0.4 1.9 1.4 2 1.6 0.2 2 1.8 0.6 1.6 0.6 0.7 0.9 0.1 0.4 0.8 0.2 1.7 1.2 0.7 0.2 1.8 0.3 1.9 0.4 2 0.5 0 1.6 1.1 1.6 1 1.4 1.8 1.1 1.4 1.7 2 1.2 1.4 1.6 1.8 2 
0 0 0 0 0 0 0 0 0 0 0 0 0 0 0 0 0 0 0 0 0 0 0 0 0 0 0 0 0 0 0 0 0 0 0 0 0 0 0 0 0 0 0 0 0 0 0 0 0 0 0 0 0 0 0 0 0 0 0 0 0 0 0 0 0 0 0 1 0.9 1.8 1.6 0.3 1 0.6 0.2 0.8 1.4 0.9 1.4 1.9 0.3 1.8 0.2 0.6 0 0.4 1.9 1.4 0.9 1.5 1.1 0.7 0.4 1.2 1 0.9 1.9 0.9 1 0.1 0.3 0.6 2 1.4 0.8 0.2 1.7 1.2 1.7 1.2 1.7 1.2 1.7 0.1 0.6 1.1 1.6 1 1.4 1.8 1.1 1.4 1.7 2 1.2 1.4 1.6 1.8 2 
0 0 0 0 0 0 0 0 0 0 0 0 0 0 0 0 0 0 0 0 0 0 0 0 0 0 0 0 0 0 0 0 0 0 0 0 0 0 0 0 0 0 0 0 0 0 0 0 0 0 0 0 0 0 0 0 0 0 0 0 0 0 0 0 0 0 0 0 1 2 1.9 1.7 0.4 1.1 1.8 0.4 0 0.6 1.2 1.8 1.3 0.8 1.3 1.8 0.2 1.7 1.2 0.7 0.2 0.8 0.4 0 0.7 1.5 1.3 0.1 0 1 0 1.1 0.2 0.4 0.7 0 1.4 1.8 1.2 0.6 0 1.5 2 0.4 1.9 1.3 0.7 0.1 1.6 1 1.4 1.8 1.1 1.4 1.7 2 1.2 1.4 1.6 1.8 2 
0 0 0 0 0 0 0 0 0 0 0 0 0 0 0 0 0 0 0 0 0 0 0 0 0 0 0 0 0 0 0 0 0 0 0 0 0 0 0 0 0 0 0 0 0 0 0 0 0 0 0 0 0 0 0 0 0 0 0 0 0 0 0 0 0 0 0 0 0 0 1 0.9 0.7 1.5 0.2 0.9 1.6 0.2 1.9 0.5 1.1 1.7 0.2 1.8 1.3 0.8 0.3 1.9 0.4 1 0.6 0.2 0.9 1.7 1.5 1.3 0.1 0 1 0 1.1 0.2 0.4 1.7 1 0.3 1.7 0 1.4 0.8 0.2 0.6 0 0.4 0.8 1.2 0.6 1 1.4 1.8 1.1 1.4 1.7 2 1.2 1.4 1.6 1.8 2 
0 0 0 0 0 0 0 0 0 0 0 0 0 0 0 0 0 0 0 0 0 0 0 0 0 0 0 0 0 0 0 0 0 0 0 0 0 0 0 0 0 0 0 0 0 0 0 0 0 0 0 0 0 0 0 0 0 0 0 0 0 0 0 0 0 0 0 0 0 0 0 1 0.9 1.8 1.6 0.3 0 0.7 0.4 1.1 1.8 0.4 1 0.6 1.2 1.8 0.3 0.9 1.5 1.1 0.7 0.3 1 1.8 1.6 1.4 1.2 0 2 2 1 0 0.1 0.3 1.6 1.9 1.2 1.5 0.8 0.1 1.5 1.9 0.2 1.6 2 0.3 1.7 0 1.4 1.8 1.1 1.4 1.7 2 1.2 1.4 1.6 1.8 2 
0 0 0 0 0 0 0 0 0 0 0 0 0 0 0 0 0 0 0 0 0 0 0 0 0 0 0 0 0 0 0 0 0 0 0 0 0 0 0 0 0 0 0 0 0 0 0 0 0 0 0 0 0 0 0 0 0 0 0 0 0 0 0 0 0 0 0 0 0 0 0 0 1 2 1.9 1.7 0.4 0.1 1.9 0.6 0.3 1 1.7 0.3 2 0.6 1.2 0.8 0.4 0 1.7 0.3 1 1.8 1.6 1.4 1.2 1 0.9 1.9 1.9 1.9 0.9 1 1.2 0.4 1.7 2 0.2 1.5 0.8 0.1 0.4 1.8 0.1 0.4 1.8 1.1 0.4 1.8 1.1 1.4 1.7 2 1.2 1.4 1.6 1.8 2 
0 0 0 0 0 0 0 0 0 0 0 0 0 0 0 0 0 0 0 0 0 0 0 0 0 0 0 0 0 0 0 0 0 0 0 0 0 0 0 0 0 0 0 0 0 0 0 0 0 0 0 0 0 0 0 0 0 0 0 0 0 0 0 0 0 0 0 0 0 0 0 0 0 0 1 0.9 0.7 1.5 1.3 0 1.8 0.5 0.2 0.9 0.6 1.3 2 0.6 0.2 1.9 1.6 0.2 0.9 1.7 1.5 1.3 1.1 0.9 1.8 0.7 1.7 1.7 1.7 0.7 0.8 2 1.2 0.4 0.6 1.9 0.1 1.4 1.7 1 1.3 1.6 0.9 1.2 1.5 0.8 1.1 1.4 1.7 2 1.2 1.4 1.6 1.8 2 
0 0 0 0 0 0 0 0 0 0 0 0 0 0 0 0 0 0 0 0 0 0 0 0 0 0 0 0 0 0 0 0 0 0 0 0 0 0 0 0 0 0 0 0 0 0 0 0 0 0 0 0 0 0 0 0 0 0 0 0 0 0 0 0 0 0 0 0 0 0 0 0 0 0 0 1 0.9 1.8 0.6 1.4 1.2 2 0.7 0.4 0.1 1.9 0.6 1.3 2 1.7 1.4 0 0.7 1.5 1.3 1.1 0.9 0.7 1.6 1.5 0.4 1.4 1.4 1.4 0.4 0.5 1.7 1.9 0 0.2 0.4 1.7 2 0.2 1.5 1.8 0 1.3 1.6 1.9 0.1 1.4 1.7 2 1.2 1.4 1.6 1.8 2 
0 0 0 0 0 0 0 0 0 0 0 0 0 0 0 0 0 0 0 0 0 0 0 0 0 0 0 0 0 0 0 0 0 0 0 0 0 0 0 0 0 0 0 0 0 0 0 0 0 0 0 0 0 0 0 0 0 0 0 0 0 0 0 0 0 0 0 0 0 0 0 0 0 0 0 0 1 2 1.9 0.7 0.5 0.3 1.1 1.9 0.6 1.4 0.1 1.9 0.6 0.3 0 0.7 0.4 1.2 1 0.8 0.6 0.4 1.3 1.2 1.1 0 1 1 1 0 0.1 1.3 0.4 1.6 1.8 1 0.2 0.4 1.7 2 1.2 0.4 1.7 2 1.2 0.4 1.7 2 1.2 1.4 1.6 1.8 2 
0 0 0 0 0 0 0 0 0 0 0 0 0 0 0 0 0 0 0 0 0 0 0 0 0 0 0 0 0 0 0 0 0 0 0 0 0 0 0 0 0 0 0 0 0 0 0 0 0 0 0 0 0 0 0 0 0 0 0 0 0 0 0 0 0 0 0 0 0 0 0 0 0 0 0 0 0 0 1 0.9 1.8 0.6 0.4 0.2 1 0.8 1.6 1.4 0.1 1.9 0.6 0.3 0 0.8 0.6 0.4 0.2 0 0.9 0.8 0.7 0.6 1.6 1.6 1.6 1.6 0.6 0.7 0.8 2 0.1 1.3 1.5 1.7 0.9 0.1 0.3 0.5 1.8 0 0.2 0.4 1.7 2 1.2 1.4 1.6 1.8 2 
0 0 0 0 0 0 0 0 0 0 0 0 0 0 0 0 0 0 0 0 0 0 0 0 0 0 0 0 0 0 0 0 0 0 0 0 0 0 0 0 0 0 0 0 0 0 0 0 0 0 0 0 0 0 0 0 0 0 0 0 0 0 0 0 0 0 0 0 0 0 0 0 0 0 0 0 0 0 0 1 2 1.9 0.7 0.5 0.3 0.1 2 0.8 1.6 1.4 0.1 1.9 0.6 1.4 1.2 1 0.8 0.6 1.5 1.4 1.3 1.2 0.1 1.1 1.1 1.1 1.1 0.1 1.2 0.3 0.4 1.6 1.8 2 0.1 1.3 1.5 1.7 0.9 1.1 1.3 1.5 0.7 2 1.2 1.4 1.6 1.8 2 
0 0 0 0 0 0 0 0 0 0 0 0 0 0 0 0 0 0 0 0 0 0 0 0 0 0 0 0 0 0 0 0 0 0 0 0 0 0 0 0 0 0 0 0 0 0 0 0 0 0 0 0 0 0 0 0 0 0 0 0 0 0 0 0 0 0 0 0 0 0 0 0 0 0 0 0 0 0 0 0 0 1 0.9 1.8 0.6 0.4 1.3 0.1 2 0.8 1.6 1.4 0.1 0.9 0.7 0.5 0.3 0.1 1 0.9 0.8 0.7 0.6 1.6 1.6 1.6 1.6 1.6 0.6 1.7 1.8 0.9 0 1.2 0.3 1.5 1.7 1.9 0 1.2 1.4 1.6 1.8 1 1.2 1.4 1.6 1.8 2 
0 0 0 0 0 0 0 0 0 0 0 0 0 0 0 0 0 0 0 0 0 0 0 0 0 0 0 0 0 0 0 0 0 0 0 0 0 0 0 0 0 0 0 0 0 0 0 0 0 0 0 0 0 0 0 0 0 0 0 0 0 0 0 0 0 0 0 0 0 0 0 0 0 0 0 0 0 0 0 0 0 0 1 2 1.9 0.7 1.6 0.4 1.3 0.1 2 0.8 1.6 1.4 1.2 1 0.8 0.6 1.5 1.4 1.3 1.2 1.1 0 1 1 1 1 1 0 1.1 1.2 1.3 0.4 0.5 1.7 1.9 0 0.1 1.3 1.5 1.7 1.9 0 1.2 1.4 1.6 1.8 2 
0 0 0 0 0 0 0 0 0 0 0 0 0 0 0 0 0 0 0 0 0 0 0 0 0 0 0 0 0 0 0 0 0 0 0 0 0 0 0 0 0 0 0 0 0 0 0 0 0 0 0 0 0 0 0 0 0 0 0 0 0 0 0 0 0 0 0 0 0 0 0 0 0 0 0 0 0 0 0 0 0 0 0 0 1 0.9 0.8 1.7 1.6 0.4 1.3 0.1 2 0.8 0.6 0.4 0.2 0 0.9 0.8 0.7 0.6 0.5 0.4 1.4 1.4 1.4 1.4 1.4 1.4 0.4 1.5 1.6 1.7 1.8 0.9 0 0.1 0.2 1.4 1.6 1.8 2 1.1 0.2 1.4 1.6 1.8 2 
0 0 0 0 0 0 0 0 0 0 0 0 0 0 0 0 0 0 0 0 0 0 0 0 0 0 0 0 0 0 0 0 0 0 0 0 0 0 0 0 0 0 0 0 0 0 0 0 0 0 0 0 0 0 0 0 0 0 0 0 0 0 0 0 0 0 0 0 0 0 0 0 0 0 0 0 0 0 0 0 0 0 0 0 0 1 2 0.9 0.8 1.7 1.6 0.4 1.3 0.1 2 0.8 0.6 0.4 1.3 1.2 1.1 1 0.9 0.8 1.8 1.8 1.8 1.8 1.8 1.8 1.8 0.8 1.9 2 0 1.1 1.2 1.3 1.4 0.5 1.7 1.9 0 0.1 0.2 1.4 1.6 1.8 2 
0 0 0 0 0 0 0 0 0 0 0 0 0 0 0 0 0 0 0 0 0 0 0 0 0 0 0 0 0 0 0 0 0 0 0 0 0 0 0 0 0 0 0 0 0 0 0 0 0 0 0 0 0 0 0 0 0 0 0 0 0 0 0 0 0 0 0 0 0 0 0 0 0 0 0 0 0 0 0 0 0 0 0 0 0 0 0 1 2 0.9 0.8 1.7 1.6 0.4 1.3 0.1 2 0.8 1.7 1.6 1.5 1.4 1.3 1.2 0.1 1.1 1.1 1.1 1.1 1.1 1.1 1.1 0.1 1.2 0.2 1.3 1.4 1.5 1.6 1.7 0.8 2 1.1 1.2 1.3 0.4 1.6 1.8 2 
0 0 0 0 0 0 0 0 0 0 0 0 0 0 0 0 0 0 0 0 0 0 0 0 0 0 0 0 0 0 0 0 0 0 0 0 0 0 0 0 0 0 0 0 0 0 0 0 0 0 0 0 0 0 0 0 0 0 0 0 0 0 0 0 0 0 0 0 0 0 0 0 0 0 0 0 0 0 0 0 0 0 0 0 0 0 0 0 0 1 2 0.9 0.8 1.7 1.6 0.4 1.3 0.1 1 0.9 0.8 0.7 0.6 0.5 0.4 1.4 1.4 1.4 1.4 1.4 1.4 1.4 1.4 0.4 0.4 1.5 1.6 1.7 1.8 1.9 2 1.1 1.2 1.3 1.4 1.5 0.6 1.8 2 
0 0 0 0 0 0 0 0 0 0 0 0 0 0 0 0 0 0 0 0 0 0 0 0 0 0 0 0 0 0 0 0 0 0 0 0 0 0 0 0 0 0 0 0 0 0 0 0 0 0 0 0 0 0 0 0 0 0 0 0 0 0 0 0 0 0 0 0 0 0 0 0 0 0 0 0 0 0 0 0 0 0 0 0 0 0 0 0 0 0 0 1 2 0.9 0.8 1.7 1.6 0.4 1.3 1.2 1.1 1 0.9 0.8 0.7 1.7 1.7 1.7 1.7 1.7 1.7 1.7 1.7 1.7 1.7 0.7 1.8 1.9 2 0 1.1 1.2 1.3 1.4 1.5 1.6 1.7 0.8 2 
0 0 0 0 0 0 0 0 0 0 0 0 0 0 0 0 0 0 0 0 0 0 0 0 0 0 0 0 0 0 0 0 0 0 0 0 0 0 0 0 0 0 0 0 0 0 0 0 0 0 0 0 0 0 0 0 0 0 0 0 0 0 0 0 0 0 0 0 0 0 0 0 0 0 0 0 0 0 0 0 0 0 0 0 0 0 0 0 0 0 0 0 0 1 2 0.9 0.8 1.7 1.6 1.5 1.4 1.3 1.2 1.1 1 2 2 2 2 2 2 2 2 2 2 2 1 0 1.1 0.1 1.2 1.3 1.4 1.5 1.6 1.7 1.8 1.9 1 
0 0 0 0 0 0 0 0 0 0 0 0 0 0 0 0 0 0 0 0 0 0 0 0 0 0 0 0 0 0 0 0 0 0 0 0 0 0 0 0 0 0 0 0 0 0 0 0 0 0 0 0 0 0 0 0 0 0 0 0 0 0 0 0 0 0 0 0 0 0 0 0 0 0 0 0 0 0 0 0 0 0 0 0 0 0 0 0 0 0 0 0 0 0 0 1 2 0.9 0.8 0.7 0.6 0.5 0.4 0.3 0.2 1.2 1.2 1.2 1.2 1.2 1.2 1.2 1.2 1.2 1.2 1.2 1.2 1.2 0.2 0.2 1.3 1.4 1.5 1.6 1.7 1.8 1.9 2 0 
0 0 0 0 0 0 0 0 0 0 0 0 0 0 0 0 0 0 0 0 0 0 0 0 0 0 0 0 0 0 0 0 0 0 0 0 0 0 0 0 0 0 0 0 0 0 0 0 0 0 0 0 0 0 0 0 0 0 0 0 0 0 0 0 0 0 0 0 0 0 0 0 0 0 0 0 0 0 0 0 0 0 0 0 0 0 0 0 0 0 0 0 0 0 0 0 0 1 2 0.9 0.8 0.7 0.6 0.5 0.4 1.4 1.4 1.4 1.4 1.4 1.4 1.4 1.4 1.4 1.4 1.4 1.4 1.4 1.4 1.4 0.4 1.5 1.6 1.7 1.8 1.9 2 0 0 
0 0 0 0 0 0 0 0 0 0 0 0 0 0 0 0 0 0 0 0 0 0 0 0 0 0 0 0 0 0 0 0 0 0 0 0 0 0 0 0 0 0 0 0 0 0 0 0 0 0 0 0 0 0 0 0 0 0 0 0 0 0 0 0 0 0 0 0 0 0 0 0 0 0 0 0 0 0 0 0 0 0 0 0 0 0 0 0 0 0 0 0 0 0 0 0 0 0 0 1 2 0.9 0.8 0.7 0.6 1.6 1.6 1.6 1.6 1.6 1.6 1.6 1.6 1.6 1.6 1.6 1.6 1.6 1.6 1.6 1.6 0.6 1.7 1.8 1.9 2 0 0 0 
0 0 0 0 0 0 0 0 0 0 0 0 0 0 0 0 0 0 0 0 0 0 0 0 0 0 0 0 0 0 0 0 0 0 0 0 0 0 0 0 0 0 0 0 0 0 0 0 0 0 0 0 0 0 0 0 0 0 0 0 0 0 0 0 0 0 0 0 0 0 0 0 0 0 0 0 0 0 0 0 0 0 0 0 0 0 0 0 0 0 0 0 0 0 0 0 0 0 0 0 0 1 2 0.9 0.8 1.8 1.8 1.8 1.8 1.8 1.8 1.8 1.8 1.8 1.8 1.8 1.8 1.8 1.8 1.8 1.8 1.8 0.8 1.9 2 0 0 0 0 
0 0 0 0 0 0 0 0 0 0 0 0 0 0 0 0 0 0 0 0 0 0 0 0 0 0 0 0 0 0 0 0 0 0 0 0 0 0 0 0 0 0 0 0 0 0 0 0 0 0 0 0 0 0 0 0 0 0 0 0 0 0 0 0 0 0 0 0 0 0 0 0 0 0 0 0 0 0 0 0 0 0 0 0 0 0 0 0 0 0 0 0 0 0 0 0 0 0 0 0 0 0 0 1 2 2 2 2 2 2 2 2 2 2 2 2 2 2 2 2 2 2 2 1 0 0 0 0 0 
