0 0 0 0 0 0 0 0 0 0 0 0 0 0 0 0 0 0 0 0 0 0 0 0 11 0 0 0 0 0 0 0 0 0 0 0 0 0 0 0 0 0 0 0 0 0 0 0 0 
0 0 0 0 0 0 0 0 0 0 0 0 0 0 0 0 0 0 0 0 0 0 0 271 16920 271 0 0 0 0 0 0 0 0 0 0 0 0 0 0 0 0 0 0 0 0 0 0 0 
0 0 0 0 0 0 0 0 0 0 0 0 0 0 0 0 0 0 0 0 0 1 2996 12283 9214 12283 2996 1 0 0 0 0 0 0 0 0 0 0 0 0 0 0 0 0 0 0 0 0 0 
0 0 0 0 0 0 0 0 0 0 0 0 0 0 0 0 0 0 0 0 6 974 10505 5901 12844 5901 10505 974 6 0 0 0 0 0 0 0 0 0 0 0 0 0 0 0 0 0 0 0 0 
0 0 0 0 0 0 0 0 0 0 0 0 0 0 0 0 0 0 0 24 4878 11462 9372 18551 18440 18551 9372 11462 4878 24 0 0 0 0 0 0 0 0 0 0 0 0 0 0 0 0 0 0 0 
0 0 0 0 0 0 0 0 0 0 0 0 0 0 0 0 0 0 78 18556 17106 2168 12768 199 3606 199 12768 2168 17106 18556 78 0 0 0 0 0 0 0 0 0 0 0 0 0 0 0 0 0 0 
0 0 0 0 0 0 0 0 0 0 0 0 0 0 0 0 0 204 15709 441 5901 17248 16490 2903 2311 2903 16490 17248 5901 441 15709 204 0 0 0 0 0 0 0 0 0 0 0 0 0 0 0 0 0 
0 0 0 0 0 0 0 0 0 0 0 0 0 0 0 0 435 3993 16041 11691 15285 9397 9338 16546 1034 16546 9338 9397 15285 11691 16041 3993 435 0 0 0 0 0 0 0 0 0 0 0 0 0 0 0 0 
0 0 0 0 0 0 0 0 0 0 0 0 0 0 0 774 8296 15272 19415 8406 6940 13718 11679 17023 10122 17023 11679 13718 6940 8406 19415 15272 8296 774 0 0 0 0 0 0 0 0 0 0 0 0 0 0 0 
0 0 0 0 0 0 0 0 0 0 0 0 0 0 1161 1071 6922 3539 16084 18871 17678 15047 8540 9807 426 9807 8540 15047 17678 18871 16084 3539 6922 1071 1161 0 0 0 0 0 0 0 0 0 0 0 0 0 0 
0 0 0 0 0 0 0 0 0 0 0 0 0 1478 14432 13372 14882 10769 14614 14253 13920 12939 8986 18537 848 18537 8986 12939 13920 14253 14614 10769 14882 13372 14432 1478 0 0 0 0 0 0 0 0 0 0 0 0 0 
0 0 0 0 0 0 0 0 0 0 0 0 1602 136 14141 13382 13634 1337 12632 6329 751 19060 11815 8704 15957 8704 11815 19060 751 6329 12632 1337 13634 13382 14141 136 1602 0 0 0 0 0 0 0 0 0 0 0 0 
0 0 0 0 0 0 0 0 0 0 0 1478 1615 14685 17844 6897 11533 17334 10561 19316 10577 5791 18895 9668 9553 9668 18895 5791 10577 19316 10561 17334 11533 6897 17844 14685 1615 1478 0 0 0 0 0 0 0 0 0 0 0 
0 0 0 0 0 0 0 0 0 0 1161 18234 7242 7320 14519 6631 5258 10140 16407 8500 8148 8096 12307 17799 6396 17799 12307 8096 8148 8500 16407 10140 5258 6631 14519 7320 7242 18234 1161 0 0 0 0 0 0 0 0 0 0 
0 0 0 0 0 0 0 0 0 774 5717 7767 13117 13944 772 7884 16845 3801 18343 12602 13250 19361 15233 19980 890 19980 15233 19361 13250 12602 18343 3801 16845 7884 772 13944 13117 7767 5717 774 0 0 0 0 0 0 0 0 0 
0 0 0 0 0 0 0 0 435 12362 12966 7521 11716 36 2634 6273 7455 5958 15654 5305 16618 6959 17371 9398 4975 9398 17371 6959 16618 5305 15654 5958 7455 6273 2634 36 11716 7521 12966 12362 435 0 0 0 0 0 0 0 0 
0 0 0 0 0 0 0 204 6762 1670 535 797 11495 9168 11255 15678 18766 12587 7303 17940 5207 3499 19554 106 18114 106 19554 3499 5207 17940 7303 12587 18766 15678 11255 9168 11495 797 535 1670 6762 204 0 0 0 0 0 0 0 
0 0 0 0 0 0 78 17213 2547 13963 5561 17685 14907 7071 2257 8669 7496 13822 16893 10354 15628 18624 13273 18799 11699 18799 13273 18624 15628 10354 16893 13822 7496 8669 2257 7071 14907 17685 5561 13963 2547 17213 78 0 0 0 0 0 0 
0 0 0 0 0 24 19210 9846 2867 19138 5608 17249 13987 3222 5274 18476 18255 124 11553 11960 12572 10001 13747 18626 13483 18626 13747 10001 12572 11960 11553 124 18255 18476 5274 3222 13987 17249 5608 19138 2867 9846 19210 24 0 0 0 0 0 
0 0 0 0 6 5104 15847 1863 7863 12189 3499 2831 5572 11571 18443 1409 18925 2803 10690 9068 14252 3290 18905 8905 5015 8905 18905 3290 14252 9068 10690 2803 18925 1409 18443 11571 5572 2831 3499 12189 7863 1863 15847 5104 6 0 0 0 0 
0 0 0 1 1035 17042 7469 11734 2083 6318 11168 3829 19448 1313 8828 5870 3546 11931 339 3493 5716 11482 270 11905 6084 11905 270 11482 5716 3493 339 11931 3546 5870 8828 1313 19448 3829 11168 6318 2083 11734 7469 17042 1035 1 0 0 0 
0 0 0 3009 7487 19112 6326 18225 6016 17996 7169 13701 17072 14612 2904 9543 9486 14174 14893 8208 13755 8864 15792 19315 16435 19315 15792 8864 13755 8208 14893 14174 9486 9543 2904 14612 17072 13701 7169 17996 6016 18225 6326 19112 7487 3009 0 0 0 
0 0 273 3661 12807 18291 9361 14578 9440 2948 18489 16232 5218 6886 16102 13535 9900 6358 14082 8154 10434 12407 11703 1442 16386 1442 11703 12407 10434 8154 14082 6358 9900 13535 16102 6886 5218 16232 18489 2948 9440 14578 9361 18291 12807 3661 273 0 0 
0 11 19925 18444 9427 7786 10585 18476 9415 10059 18882 14321 9782 13237 16395 427 9042 4042 9057 17470 13533 6660 5105 3340 8105 3340 5105 6660 13533 17470 9057 4042 9042 427 16395 13237 9782 14321 18882 10059 9415 18476 10585 7786 9427 18444 19925 11 0 
0 136 12586 9831 11755 13145 5806 8267 16213 10581 7777 12739 16474 15435 11641 17413 8940 18512 7111 16996 16458 13426 2410 18382 8039 18382 2410 13426 16458 16996 7111 18512 8940 17413 11641 15435 16474 12739 7777 10581 16213 8267 5806 13145 11755 9831 12586 136 0 
0 820 5279 6137 14194 12191 13548 16399 787 133 14460 6103 10314 1680 14247 8442 9321 9979 9839 13572 13926 2184 7956 7836 16430 7836 7956 2184 13926 13572 9839 9979 9321 8442 14247 1680 10314 6103 14460 133 787 16399 13548 12191 14194 6137 5279 820 0 
0 3415 3397 11782 4814 1350 5255 15000 11116 5234 14086 12967 15726 1453 4401 8707 10083 5902 11730 13747 15465 6993 15979 10985 18121 10985 15979 6993 15465 13747 11730 5902 10083 8707 4401 1453 15726 12967 14086 5234 11116 15000 5255 1350 4814 11782 3397 3415 0 
0 11091 5937 16454 13873 10150 16199 17458 7718 5652 14538 14203 1375 3778 6898 5223 1230 3455 18704 11092 12716 13208 10049 17493 17369 17493 10049 13208 12716 11092 18704 3455 1230 5223 6898 3778 1375 14203 14538 5652 7718 17458 16199 10150 13873 16454 5937 11091 0 
1 9920 9118 11872 14241 12778 11077 19764 4329 18933 2357 13232 15606 13262 928 16725 7575 16201 19561 17997 396 13342 4540 4456 19179 4456 4540 13342 396 17997 19561 16201 7575 16725 928 13262 15606 13232 2357 18933 4329 19764 11077 12778 14241 11872 9118 9920 1 
3 19771 10228 11775 11231 2589 18018 18834 15327 13106 19141 18130 18745 755 2229 3817 17601 9558 18650 19800 8524 195 7671 3507 2233 3507 7671 195 8524 19800 18650 9558 17601 3817 2229 755 18745 18130 19141 13106 15327 18834 18018 2589 11231 11775 10228 19771 3 
8 14444 7946 13765 15688 14447 17536 7712 1223 7208 5182 6569 5534 18313 9293 806 1897 2053 17440 16280 15076 18791 9131 18904 13933 18904 9131 18791 15076 16280 17440 2053 1897 806 9293 18313 5534 6569 5182 7208 1223 7712 17536 14447 15688 13765 7946 14444 8 
17 10698 15300 9574 5798 3617 12134 13044 5227 8587 17105 8559 2036 1292 10910 4853 11497 3485 7188 10723 16606 19463 14222 16140 8008 16140 14222 19463 16606 10723 7188 3485 11497 4853 10910 1292 2036 8559 17105 8587 5227 13044 12134 3617 5798 9574 15300 10698 17 
31 15998 3150 17215 3333 8990 11976 3193 18653 14635 5470 9339 13996 6078 6490 4487 16579 7150 1514 19672 5822 8942 19140 5081 738 5081 19140 8942 5822 19672 1514 7150 16579 4487 6490 6078 13996 9339 5470 14635 18653 3193 11976 8990 3333 17215 3150 15998 31 
52 15290 6035 9288 17954 1545 1977 8386 19502 14725 13639 10973 13557 14007 16521 13497 6421 7528 7514 2242 14138 9925 15832 11615 9453 11615 15832 9925 14138 2242 7514 7528 6421 13497 16521 14007 13557 10973 13639 14725 19502 8386 1977 1545 17954 9288 6035 15290 52 
81 17500 13411 19551 14280 13778 19849 3915 1362 1946 2527 6149 9004 2409 7212 15049 13811 15672 8538 16119 11047 1032 4263 6466 16958 6466 4263 1032 11047 16119 8538 15672 13811 15049 7212 2409 9004 6149 2527 1946 1362 3915 19849 13778 14280 19551 13411 17500 81 
119 12533 3291 3405 12779 517 8567 7863 62 3069 1385 15944 8313 7528 779 6249 11480 1898 2767 6666 11097 3655 18977 5958 6989 5958 18977 3655 11097 6666 2767 1898 11480 6249 779 7528 8313 15944 1385 3069 62 7863 8567 517 12779 3405 3291 12533 119 
165 19567 12483 2922 2897 9323 19138 2578 10021 10178 8326 4361 5778 3082 13737 6024 8577 8661 7221 19638 16712 5395 19714 19476 2348 19476 19714 5395 16712 19638 7221 8661 8577 6024 13737 3082 5778 4361 8326 10178 10021 2578 19138 9323 2897 2922 12483 19567 165 
219 7052 17902 10119 14334 6111 12808 1054 3730 2318 1988 9948 8858 1877 6258 16296 4695 5761 9631 7071 8223 10903 19949 4325 18615 4325 19949 10903 8223 7071 9631 5761 4695 16296 6258 1877 8858 9948 1988 2318 3730 1054 12808 6111 14334 10119 17902 7052 219 
278 4540 19301 9874 14498 5676 6378 12744 544 2909 17737 4579 17360 13676 16197 8370 16727 10938 8372 1466 5836 19224 16540 1407 19553 1407 16540 19224 5836 1466 8372 10938 16727 8370 16197 13676 17360 4579 17737 2909 544 12744 6378 5676 14498 9874 19301 4540 278 
339 5922 3502 11772 4965 1008 1339 7753 12343 874 6798 6345 5128 9284 17345 6292 9673 9018 7660 4961 14816 12499 16537 3878 5870 3878 16537 12499 14816 4961 7660 9018 9673 6292 17345 9284 5128 6345 6798 874 12343 7753 1339 1008 4965 11772 3502 5922 339 
399 3510 12088 7522 12402 1318 10403 18177 481 13895 4784 8159 17747 13805 10858 583 7201 12861 1846 18227 16089 18498 3835 19418 5155 19418 3835 18498 16089 18227 1846 12861 7201 583 10858 13805 17747 8159 4784 13895 481 18177 10403 1318 12402 7522 12088 3510 399 
454 12241 15241 2428 1885 13911 2106 5357 5662 1187 10761 14873 10274 3436 6352 6839 19822 16752 588 18902 9615 3733 12290 6539 9882 6539 12290 3733 9615 18902 588 16752 19822 6839 6352 3436 10274 14873 10761 1187 5662 5357 2106 13911 1885 2428 15241 12241 454 
502 3277 7622 13676 17303 2667 7251 14028 10300 8322 9427 4158 3940 10008 13284 14489 14929 6737 11302 12499 18501 11166 8181 1680 4959 1680 8181 11166 18501 12499 11302 6737 14929 14489 13284 10008 3940 4158 9427 8322 10300 14028 7251 2667 17303 13676 7622 3277 502 
539 16605 15341 19841 12405 15195 3147 17871 3018 8969 14498 13920 3253 12486 751 10749 14962 4615 1322 10908 17573 17184 10985 3884 19709 3884 10985 17184 17573 10908 1322 4615 14962 10749 751 12486 3253 13920 14498 8969 3018 17871 3147 15195 12405 19841 15341 16605 539 
565 2275 17728 18701 1368 6817 14678 7219 9963 2042 1285 2394 11969 84 14666 6466 4906 16111 4709 291 9536 14982 3140 16991 17212 16991 3140 14982 9536 291 4709 16111 4906 6466 14666 84 11969 2394 1285 2042 9963 7219 14678 6817 1368 18701 17728 2275 565 
578 423 16566 14755 945 5996 17153 8930 5520 3313 13508 9433 14148 16428 3478 13182 11376 3914 13818 19642 8678 11603 16464 8136 13631 8136 16464 11603 8678 19642 13818 3914 11376 13182 3478 16428 14148 9433 13508 3313 5520 8930 17153 5996 945 14755 16566 423 578 
578 137 13383 16070 18293 8135 6777 16587 9752 14651 6797 4090 14743 19189 3287 10094 15489 4587 18874 5155 3643 11277 6199 368 16852 368 6199 11277 3643 5155 18874 4587 15489 10094 3287 19189 14743 4090 6797 14651 9752 16587 6777 8135 18293 16070 13383 137 578 
565 17592 5792 6909 18604 6831 373 15224 3411 16348 3161 11470 7427 4300 14166 6026 4200 3705 3714 6734 8195 13378 8894 6328 13107 6328 8894 13378 8195 6734 3714 3705 4200 6026 14166 4300 7427 11470 3161 16348 3411 15224 373 6831 18604 6909 5792 17592 565 
542 13739 19746 7247 558 5263 13058 6373 11762 6906 12211 11897 13026 61 12793 18293 6978 7679 4239 10518 7463 16595 10698 12871 2139 12871 10698 16595 7463 10518 4239 7679 6978 18293 12793 61 13026 11897 12211 6906 11762 6373 13058 5263 558 7247 19746 13739 542 
511 1981 7551 480 1063 18365 18454 687 10410 6891 1572 5761 19752 9175 19885 16150 2823 16647 7307 6462 7818 4077 4864 17236 19665 17236 4864 4077 7818 6462 7307 16647 2823 16150 19885 9175 19752 5761 1572 6891 10410 687 18454 18365 1063 480 7551 1981 511 
473 6027 685 957 18220 3485 7478 12728 2087 11507 14295 7098 7427 11330 7442 1575 2342 14304 13494 7854 2713 10247 14138 12628 124 12628 14138 10247 2713 7854 13494 14304 2342 1575 7442 11330 7427 7098 14295 11507 2087 12728 7478 3485 18220 957 685 6027 473 
430 18134 12825 13142 9464 14863 17744 15389 311 4828 14467 18378 9696 10098 3514 533 5594 8730 919 19518 4686 5920 15309 16474 14752 16474 15309 5920 4686 19518 919 8730 5594 533 3514 10098 9696 18378 14467 4828 311 15389 17744 14863 9464 13142 12825 18134 430 
385 17846 14896 7195 19276 6392 9281 11281 13030 18008 5416 12889 4706 4293 13747 2980 14757 16726 10555 9945 1026 10673 2089 14126 1828 14126 2089 10673 1026 9945 10555 16726 14757 2980 13747 4293 4706 12889 5416 18008 13030 11281 9281 6392 19276 7195 14896 17846 385 
340 11241 17582 6424 13968 9706 12318 7444 1099 1702 9440 317 14231 15565 3915 9134 18503 2188 8124 11636 6018 10438 18553 19797 11788 19797 18553 10438 6018 11636 8124 2188 18503 9134 3915 15565 14231 317 9440 1702 1099 7444 12318 9706 13968 6424 17582 11241 340 
296 10624 3841 17152 10466 4257 18118 1173 8304 13800 11488 8370 3900 4725 3772 731 19185 13606 5082 9552 9772 4628 13506 8630 1685 8630 13506 4628 9772 9552 5082 13606 19185 731 3772 4725 3900 8370 11488 13800 8304 1173 18118 4257 10466 17152 3841 10624 296 
254 14576 11437 2804 8252 2966 4897 16823 8981 12785 10129 3456 11996 16605 10433 2744 11258 12724 1402 546 15304 7621 16325 2674 9705 2674 16325 7621 15304 546 1402 12724 11258 2744 10433 16605 11996 3456 10129 12785 8981 16823 4897 2966 8252 2804 11437 14576 254 
215 18285 2643 2379 14642 381 18304 15461 5218 18694 15115 9233 13904 14734 12201 6450 5124 5290 15865 10458 8020 18168 1598 8856 2883 8856 1598 18168 8020 10458 15865 5290 5124 6450 12201 14734 13904 9233 15115 18694 5218 15461 18304 381 14642 2379 2643 18285 215 
180 14034 18043 16905 1198 10 15586 18118 1252 10653 15537 5225 15649 7229 13927 13090 14474 1009 12580 8032 1285 7002 18050 18863 16648 18863 18050 7002 1285 8032 12580 1009 14474 13090 13927 7229 15649 5225 15537 10653 1252 18118 15586 10 1198 16905 18043 14034 180 
149 11788 10804 8385 13787 12678 11709 8081 6763 18945 2240 3328 12586 9388 10747 6643 3985 13677 1861 16280 11136 14790 684 7708 15165 7708 684 14790 11136 16280 1861 13677 3985 6643 10747 9388 12586 3328 2240 18945 6763 8081 11709 12678 13787 8385 10804 11788 149 
122 9767 9259 16715 4453 15775 10398 18430 17184 6321 5143 8616 16132 11215 6409 16645 16951 7461 19457 10939 16084 14243 13733 8671 13968 8671 13733 14243 16084 10939 19457 7461 16951 16645 6409 11215 16132 8616 5143 6321 17184 18430 10398 15775 4453 16715 9259 9767 122 
99 4992 4760 14032 18477 17369 12679 13239 5430 11107 4699 2223 11368 7777 13988 3042 13917 17753 8697 13421 12158 3108 2989 11218 587 11218 2989 3108 12158 13421 8697 17753 13917 3042 13988 7777 11368 2223 4699 11107 5430 13239 12679 17369 18477 14032 4760 4992 99 
79 13765 11010 13066 1114 552 11606 12159 6069 9070 18798 15913 9986 18404 14213 4476 1387 18849 5555 14972 18829 17971 19526 12007 18469 12007 19526 17971 18829 14972 5555 18849 1387 4476 14213 18404 9986 15913 18798 9070 6069 12159 11606 552 1114 13066 11010 13765 79 
63 2034 3026 8925 14165 18094 15808 9441 8139 2709 3515 2638 13010 6988 3052 18856 14902 8001 6603 4751 5722 15710 19010 2098 8360 2098 19010 15710 5722 4751 6603 8001 14902 18856 3052 6988 13010 2638 3515 2709 8139 9441 15808 18094 14165 8925 3026 2034 63 
49 15722 611 5448 8681 4378 15805 8084 6818 5657 16362 19820 19510 12652 13330 3303 3537 17900 16021 2016 17759 19255 18122 10812 1847 10812 18122 19255 17759 2016 16021 17900 3537 3303 13330 12652 19510 19820 16362 5657 6818 8084 15805 4378 8681 5448 611 15722 49 
38 10899 18915 18899 11551 1212 12568 7252 4049 9724 17945 18595 6076 10448 11031 19810 11025 7955 18155 9692 5537 17138 19527 11709 518 11709 19527 17138 5537 9692 18155 7955 11025 19810 11031 10448 6076 18595 17945 9724 4049 7252 12568 1212 11551 18899 18915 10899 38 
29 13957 16377 12885 6880 18077 14717 7486 16807 8113 716 5370 11644 6768 18423 12704 7956 18513 4906 736 13143 18548 6669 1018 15570 1018 6669 18548 13143 736 4906 18513 7956 12704 18423 6768 11644 5370 716 8113 16807 7486 14717 18077 6880 12885 16377 13957 29 
22 11666 7033 9595 17707 12088 17123 1209 17095 11179 7669 11129 17806 751 17264 5909 3641 10769 6138 2862 10202 18559 6264 7027 12535 7027 6264 18559 10202 2862 6138 10769 3641 5909 17264 751 17806 11129 7669 11179 17095 1209 17123 12088 17707 9595 7033 11666 22 
17 1212 17563 1932 12259 17918 4959 16520 11001 7959 1974 2611 3510 3869 17743 3331 14159 1691 19461 8510 6770 5015 11723 8019 8934 8019 11723 5015 6770 8510 19461 1691 14159 3331 17743 3869 3510 2611 1974 7959 11001 16520 4959 17918 12259 1932 17563 1212 17 
13 207 16408 4212 9449 6639 4312 18445 8171 18755 6854 10454 16607 18016 12498 678 12097 2031 13532 10813 227 10731 8565 10717 2720 10717 8565 10731 227 10813 13532 2031 12097 678 12498 18016 16607 10454 6854 18755 8171 18445 4312 6639 9449 4212 16408 207 13 
9 16659 7363 5182 8333 12776 10483 17237 19735 7712 18968 4157 4892 11654 6230 14524 18878 7975 5523 7525 13833 2065 17507 19977 16551 19977 17507 2065 13833 7525 5523 7975 18878 14524 6230 11654 4892 4157 18968 7712 19735 17237 10483 12776 8333 5182 7363 16659 9 
6 18920 6090 12248 2627 18596 5895 17832 11624 7064 3065 19676 17793 2436 13758 2503 15317 19085 13689 9001 11230 15770 10542 3783 18101 3783 10542 15770 11230 9001 13689 19085 15317 2503 13758 2436 17793 19676 3065 7064 11624 17832 5895 18596 2627 12248 6090 18920 6 
4 15663 7215 20005 4745 15199 14527 7653 14068 17614 2638 8459 15085 11207 3801 16077 13515 13929 7157 18613 10570 3576 9655 14224 18315 14224 9655 3576 10570 18613 7157 13929 13515 16077 3801 11207 15085 8459 2638 17614 14068 7653 14527 15199 4745 20005 7215 15663 4 
3 5829 12632 7093 10615 19262 855 4625 13801 4543 1769 13445 13743 4091 17801 2514 1427 5129 4023 12010 3578 16527 4490 5453 12784 5453 4490 16527 3578 12010 4023 5129 1427 2514 17801 4091 13743 13445 1769 4543 13801 4625 855 19262 10615 7093 12632 5829 3 
2 8592 8366 8826 2023 2154 3130 3915 15995 8785 9659 16630 225 13194 18716 9660 4827 12745 7664 1441 1801 13851 10783 4036 6350 4036 10783 13851 1801 1441 7664 12745 4827 9660 18716 13194 225 16630 9659 8785 15995 3915 3130 2154 2023 8826 8366 8592 2 
1 13304 7784 6493 18637 6991 7542 5172 17600 11809 11312 2436 8378 18792 17509 15209 12950 7308 4190 14706 2356 12619 5711 11992 4046 11992 5711 12619 2356 14706 4190 7308 12950 15209 17509 18792 8378 2436 11312 11809 17600 5172 7542 6991 18637 6493 7784 13304 1 
0 19468 2213 16233 16864 5369 10122 18427 15728 1305 17905 19696 18608 18456 10415 2683 18225 19070 8442 19096 2215 7043 558 4705 11416 4705 558 7043 2215 19096 8442 19070 18225 2683 10415 18456 18608 19696 17905 1305 15728 18427 10122 5369 16864 16233 2213 19468 0 
0 6697 5940 6380 10562 18709 16679 10773 19314 648 6063 17629 6036 9052 9936 18965 10717 4936 10821 3832 19902 18265 8672 2534 14114 2534 8672 18265 19902 3832 10821 4936 10717 18965 9936 9052 6036 17629 6063 648 19314 10773 16679 18709 10562 6380 5940 6697 0 
0 4711 10067 10503 17 1034 9236 13331 9816 4050 11384 1364 17030 14068 14526 13875 14579 16089 1933 1888 19551 2787 17317 2987 19736 2987 17317 2787 19551 1888 1933 16089 14579 13875 14526 14068 17030 1364 11384 4050 9816 13331 9236 1034 17 10503 10067 4711 0 
0 3296 18746 2603 19475 15189 15607 4725 14965 17182 4947 3350 1524 1407 10546 9811 1357 679 6845 2767 12564 10172 6783 17667 15350 17667 6783 10172 12564 2767 6845 679 1357 9811 10546 1407 1524 3350 4947 17182 14965 4725 15607 15189 19475 2603 18746 3296 0 
0 2295 992 6793 3791 14979 4876 15482 19483 12453 2040 12533 13038 6587 9725 12378 835 6844 4007 2320 12924 16457 6835 10267 5561 10267 6835 16457 12924 2320 4007 6844 835 12378 9725 6587 13038 12533 2040 12453 19483 15482 4876 14979 3791 6793 992 2295 0 
0 1590 1785 6802 6350 19052 10765 4821 7798 1933 14761 19718 45 18318 15982 14973 8677 424 16805 755 18838 8875 14865 16025 2664 16025 14865 8875 18838 755 16805 424 8677 14973 15982 18318 45 19718 14761 1933 7798 4821 10765 19052 6350 6802 1785 1590 0 
0 1096 6618 7712 6718 13104 11356 11197 17165 910 7471 6659 5186 18190 10283 5556 4763 44 17986 135 3481 2358 3903 11612 8003 11612 3903 2358 3481 135 17986 44 4763 5556 10283 18190 5186 6659 7471 910 17165 11197 11356 13104 6718 7712 6618 1096 0 
0 752 4654 12901 18117 6609 12782 14559 1880 18201 64 15337 18419 6775 17882 9156 10455 18785 13843 11276 11433 9003 13562 17931 12816 17931 13562 9003 11433 11276 13843 18785 10455 9156 17882 6775 18419 15337 64 18201 1880 14559 12782 6609 18117 12901 4654 752 0 
0 513 16344 10665 8355 19872 8745 13969 9087 5835 2710 6486 11825 18777 5364 3429 3334 18167 4241 19355 1606 14420 17421 9904 9970 9904 17421 14420 1606 19355 4241 18167 3334 3429 5364 18777 11825 6486 2710 5835 9087 13969 8745 19872 8355 10665 16344 513 0 
0 349 2085 12145 4034 5329 15693 14300 18176 16877 11994 924 2164 8148 2664 7504 16604 220 9591 795 2471 2622 5079 9627 2545 9627 5079 2622 2471 795 9591 220 16604 7504 2664 8148 2164 924 11994 16877 18176 14300 15693 5329 4034 12145 2085 349 0 
0 236 9344 1809 6603 4830 9640 16537 6937 11871 8384 9386 15337 8503 17828 14912 12264 17310 2302 6951 14042 11388 4777 18286 15956 18286 4777 11388 14042 6951 2302 17310 12264 14912 17828 8503 15337 9386 8384 11871 6937 16537 9640 4830 6603 1809 9344 236 0 
0 159 5989 14084 7653 6422 16471 6874 2161 13323 17409 14016 14336 9264 19011 2377 433 6471 5597 7353 3279 11448 11967 14293 11410 14293 11967 11448 3279 7353 5597 6471 433 2377 19011 9264 14336 14016 17409 13323 2161 6874 16471 6422 7653 14084 5989 159 0 
0 106 18354 2896 9903 966 4548 10791 962 14967 5424 6610 17891 14125 11167 14962 4179 7673 14732 19493 7193 3424 18048 15890 5145 15890 18048 3424 7193 19493 14732 7673 4179 14962 11167 14125 17891 6610 5424 14967 962 10791 4548 966 9903 2896 18354 106 0 
0 71 2651 6631 10000 6183 5432 3653 5374 601 18029 8679 7519 8469 13269 16575 12714 19127 13370 10980 8027 1663 306 12950 833 12950 306 1663 8027 10980 13370 19127 12714 16575 13269 8469 7519 8679 18029 601 5374 3653 5432 6183 10000 6631 2651 71 0 
0 47 8952 9511 8894 15151 4556 15861 13789 9461 4458 19408 929 1943 13283 5576 19565 11254 19719 15441 5234 8562 5471 6125 15375 6125 5471 8562 5234 15441 19719 11254 19565 5576 13283 1943 929 19408 4458 9461 13789 15861 4556 15151 8894 9511 8952 47 0 
0 31 6879 1604 18988 17743 5528 11129 16331 19409 3040 18956 9096 926 8968 4157 5139 19896 18526 167 1408 16848 2852 6261 3505 6261 2852 16848 1408 167 18526 19896 5139 4157 8968 926 9096 18956 3040 19409 16331 11129 5528 17743 18988 1604 6879 31 0 
0 20 12636 13285 19510 5364 16319 2520 14654 9947 17585 3419 3647 15857 3057 13917 11789 6969 15647 13505 3758 10157 16232 16503 14787 16503 16232 10157 3758 13505 15647 6969 11789 13917 3057 15857 3647 3419 17585 9947 14654 2520 16319 5364 19510 13285 12636 20 0 
0 13 6917 17228 8783 8238 6113 9465 13961 1224 18275 2051 5429 5361 12558 8503 19865 8344 14228 1634 5053 6641 8814 10685 3128 10685 8814 6641 5053 1634 14228 8344 19865 8503 12558 5361 5429 2051 18275 1224 13961 9465 6113 8238 8783 17228 6917 13 0 
0 8 13486 13520 4834 5707 11111 18152 8256 18889 13586 17745 5660 1920 5594 7350 1591 10882 19515 13761 6236 2309 10280 455 19112 455 10280 2309 6236 13761 19515 10882 1591 7350 5594 1920 5660 17745 13586 18889 8256 18152 11111 5707 4834 13520 13486 8 0 
0 5 8167 5353 14285 4759 3893 13121 11000 6570 19574 13671 8085 2292 9544 7339 1358 4894 8560 9964 8126 17649 1097 17971 13149 17971 1097 17649 8126 9964 8560 4894 1358 7339 9544 2292 8085 13671 19574 6570 11000 13121 3893 4759 14285 5353 8167 5 0 
0 3 8187 14310 14783 5305 10598 13481 3526 13855 5463 10994 4413 16177 17317 15883 9513 2401 8924 8085 9817 11772 15738 10608 3788 10608 15738 11772 9817 8085 8924 2401 9513 15883 17317 16177 4413 10994 5463 13855 3526 13481 10598 5305 14783 14310 8187 3 0 
0 2 1705 13258 8861 15518 2535 19679 15619 18817 765 19468 12198 14224 17292 5458 19665 10472 12076 5645 5123 19367 17807 10829 9498 10829 17807 19367 5123 5645 12076 10472 19665 5458 17292 14224 12198 19468 765 18817 15619 19679 2535 15518 8861 13258 1705 2 0 
0 1 7512 10005 599 8238 11620 74 15657 9273 10448 8997 15599 4420 4804 4537 19704 14342 4570 16580 11725 11685 5180 951 6348 951 5180 11685 11725 16580 4570 14342 19704 4537 4804 4420 15599 8997 10448 9273 15657 74 11620 8238 599 10005 7512 1 0 
0 0 14810 6904 15015 15656 11816 4981 4821 17401 18280 17525 10004 8505 356 9767 3074 15409 14865 13321 17899 7040 238 1617 3841 1617 238 7040 17899 13321 14865 15409 3074 9767 356 8505 10004 17525 18280 17401 4821 4981 11816 15656 15015 6904 14810 0 0 
0 0 3068 16303 11554 9803 7361 13804 3753 17354 16477 1145 13201 4487 901 1739 7140 16452 18823 6493 1172 18882 13477 7083 1399 7083 13477 18882 1172 6493 18823 16452 7140 1739 901 4487 13201 1145 16477 17354 3753 13804 7361 9803 11554 16303 3068 0 0 
0 0 1951 19928 5179 4953 12297 14257 9227 3460 18827 629 8073 7119 517 10994 4366 6857 11837 2591 1745 9030 14992 10320 5385 10320 14992 9030 1745 2591 11837 6857 4366 10994 517 7119 8073 629 18827 3460 9227 14257 12297 4953 5179 19928 1951 0 0 
0 0 1238 226 5772 6843 16125 2000 4429 13409 19375 17806 8450 14381 7302 648 11440 5216 9333 14102 9399 13634 1673 3098 1077 3098 1673 13634 9399 14102 9333 5216 11440 648 7302 14381 8450 17806 19375 13409 4429 2000 16125 6843 5772 226 1238 0 0 
0 0 783 8747 6423 1417 12244 5906 4359 15344 14215 1148 2588 18003 2615 6079 584 13912 16058 16390 10288 3538 16682 8839 743 8839 16682 3538 10288 16390 16058 13912 584 6079 2615 18003 2588 1148 14215 15344 4359 5906 12244 1417 6423 8747 783 0 0 
0 0 494 4872 6823 13363 2136 9733 19021 16832 7459 13008 1005 12165 6026 6810 5733 2465 17121 7108 17714 739 2867 16724 12717 16724 2867 739 17714 7108 17121 2465 5733 6810 6026 12165 1005 13008 7459 16832 19021 9733 2136 13363 6823 4872 494 0 0 
0 0 311 752 6890 14854 13827 8084 19087 12703 8236 17024 1548 13453 18546 5658 1835 19451 4988 8625 13862 10875 3204 4441 9550 4441 3204 10875 13862 8625 4988 19451 1835 5658 18546 13453 1548 17024 8236 12703 19087 8084 13827 14854 6890 752 311 0 0 
0 0 195 6336 2708 16786 64 16589 8524 14258 724 3513 6601 5213 3918 3513 84 16981 3436 3689 9961 7803 14556 7303 14038 7303 14556 7803 9961 3689 3436 16981 84 3513 3918 5213 6601 3513 724 14258 8524 16589 64 16786 2708 6336 195 0 0 
0 0 122 3969 13219 5440 10916 664 13910 12516 5429 17026 3672 2631 1598 9592 18092 15825 1946 2251 16301 17707 19422 11691 14724 11691 19422 17707 16301 2251 1946 15825 18092 9592 1598 2631 3672 17026 5429 12516 13910 664 10916 5440 13219 3969 122 0 0 
0 0 76 5702 18209 14597 10369 6625 16718 5562 9330 8916 589 2571 10562 9511 7859 13163 7468 16523 1956 2240 10280 2932 12750 2932 10280 2240 1956 16523 7468 13163 7859 9511 10562 2571 589 8916 9330 5562 16718 6625 10369 14597 18209 5702 76 0 0 
0 0 47 8763 9426 11087 1435 4081 10033 16547 2328 19095 16294 1185 2132 11490 13665 1553 10880 13178 18833 6663 14313 9908 11391 9908 14313 6663 18833 13178 10880 1553 13665 11490 2132 1185 16294 19095 2328 16547 10033 4081 1435 11087 9426 8763 47 0 0 
0 0 29 6298 11046 1259 3136 12620 16718 2754 16770 14289 977 10625 7727 17488 5294 6940 16908 17422 12576 2588 5050 13372 14499 13372 5050 2588 12576 17422 16908 6940 5294 17488 7727 10625 977 14289 16770 2754 16718 12620 3136 1259 11046 6298 29 0 0 
0 0 18 1495 17243 8409 15249 13961 6425 10104 3694 10890 19146 15820 2943 17425 19516 17360 1140 15037 16447 18264 4982 16297 19248 16297 4982 18264 16447 15037 1140 17360 19516 17425 2943 15820 19146 10890 3694 10104 6425 13961 15249 8409 17243 1495 18 0 0 
0 0 11 3859 9614 3683 4997 15723 2175 3898 9544 4974 14123 15220 12534 5391 11766 12190 12206 4438 8447 8403 9998 16811 3786 16811 9998 8403 8447 4438 12206 12190 11766 5391 12534 15220 14123 4974 9544 3898 2175 15723 4997 3683 9614 3859 11 0 0 
0 0 6 16853 18493 18148 9311 1964 8965 9943 4609 3469 5925 12269 17698 6607 19257 2750 15327 10929 3258 6171 188 14931 3108 14931 188 6171 3258 10929 15327 2750 19257 6607 17698 12269 5925 3469 4609 9943 8965 1964 9311 18148 18493 16853 6 0 0 
0 0 3 16409 19291 15254 19512 17700 10733 13987 10978 19784 554 8434 6013 11250 9494 16577 9551 14006 8321 10378 16000 1346 14046 1346 16000 10378 8321 14006 9551 16577 9494 11250 6013 8434 554 19784 10978 13987 10733 17700 19512 15254 19291 16409 3 0 0 
0 0 2 3 17365 5301 15962 14462 7621 8038 545 7006 18025 13621 13122 1610 10288 12321 8951 17443 16363 16639 5037 2501 15713 2501 5037 16639 16363 17443 8951 12321 10288 1610 13122 13621 18025 7006 545 8038 7621 14462 15962 5301 17365 3 2 0 0 
0 0 1 6087 19666 3021 13663 497 9973 583 9985 6193 16554 16981 7730 15922 14813 15568 7195 14564 5280 5030 17512 15376 17983 15376 17512 5030 5280 14564 7195 15568 14813 15922 7730 16981 16554 6193 9985 583 9973 497 13663 3021 19666 6087 1 0 0 
0 0 0 13700 16761 3732 1465 16211 11680 923 15696 6577 4088 4048 7676 13469 245 5435 12377 2843 13390 10924 18066 10380 1251 10380 18066 10924 13390 2843 12377 5435 245 13469 7676 4048 4088 6577 15696 923 11680 16211 1465 3732 16761 13700 0 0 0 
0 0 0 2243 3699 2322 9749 19032 8889 3637 1599 15739 9866 245 13528 17336 5417 7673 7561 9140 6064 7817 13934 6797 6289 6797 13934 7817 6064 9140 7561 7673 5417 17336 13528 245 9866 15739 1599 3637 8889 19032 9749 2322 3699 2243 0 0 0 
0 0 0 1357 6853 1430 11646 17906 5142 15539 9195 11602 17895 2711 11993 2042 18952 4352 10061 5944 16801 982 778 15184 14550 15184 778 982 16801 5944 10061 4352 18952 2042 11993 2711 17895 11602 9195 15539 5142 17906 11646 1430 6853 1357 0 0 0 
0 0 0 819 14382 17298 7653 8236 12877 8280 984 13069 2448 15564 18039 7524 351 19840 7797 15401 12044 6746 13187 11449 1533 11449 13187 6746 12044 15401 7797 19840 351 7524 18039 15564 2448 13069 984 8280 12877 8236 7653 17298 14382 819 0 0 0 
0 0 0 493 18320 12836 395 3396 11958 957 19502 13228 15324 5671 10464 10163 5039 5927 2904 2841 9451 14991 17040 14330 7260 14330 17040 14991 9451 2841 2904 5927 5039 10163 10464 5671 15324 13228 19502 957 11958 3396 395 12836 18320 493 0 0 0 
0 0 0 296 17536 7155 763 2310 6489 19957 17044 16116 4912 7582 156 10774 4019 12032 5192 17935 5825 3451 17842 2177 14433 2177 17842 3451 5825 17935 5192 12032 4019 10774 156 7582 4912 16116 17044 19957 6489 2310 763 7155 17536 296 0 0 0 
0 0 0 178 275 5530 3337 5889 9929 1002 16736 5245 7851 6430 15989 3726 1116 11446 14797 5058 1919 15743 2922 10877 6794 10877 2922 15743 1919 5058 14797 11446 1116 3726 15989 6430 7851 5245 16736 1002 9929 5889 3337 5530 275 178 0 0 0 
0 0 0 106 17064 8139 7134 17024 1570 2120 8201 10264 14451 14763 16946 14538 18839 7524 12281 13828 6419 8392 9635 1969 5872 1969 9635 8392 6419 13828 12281 7524 18839 14538 16946 14763 14451 10264 8201 2120 1570 17024 7134 8139 17064 106 0 0 0 
0 0 0 63 12058 1923 2241 10065 5271 4491 3534 14885 7432 1417 13056 19361 18018 5588 5624 6 12808 7823 16029 5195 6838 5195 16029 7823 12808 6 5624 5588 18018 19361 13056 1417 7432 14885 3534 4491 5271 10065 2241 1923 12058 63 0 0 0 
0 0 0 37 15747 1170 4126 6216 6389 1252 9683 1247 15975 12441 7577 17268 17981 11002 8741 16782 3803 15313 16021 18808 14942 18808 16021 15313 3803 16782 8741 11002 17981 17268 7577 12441 15975 1247 9683 1252 6389 6216 4126 1170 15747 37 0 0 0 
0 0 0 22 4450 8553 17985 18663 8321 13336 15214 13500 600 17 303 7187 17702 2850 6597 11506 19468 4669 10508 15079 16362 15079 10508 4669 19468 11506 6597 2850 17702 7187 303 17 600 13500 15214 13336 8321 18663 17985 8553 4450 22 0 0 0 
0 0 0 13 4012 19678 14236 7005 10257 10056 2271 9706 12342 13251 10968 19709 19172 17045 17717 516 2776 18502 14349 6837 9929 6837 14349 18502 2776 516 17717 17045 19172 19709 10968 13251 12342 9706 2271 10056 10257 7005 14236 19678 4012 13 0 0 0 
0 0 0 7 15984 17986 15741 16293 18871 13281 1821 18090 6788 2523 17077 18762 4328 2773 18449 4015 5294 14391 14548 13184 18062 13184 14548 14391 5294 4015 18449 2773 4328 18762 17077 2523 6788 18090 1821 13281 18871 16293 15741 17986 15984 7 0 0 0 
0 0 0 4 5317 1343 4989 15566 905 6604 17558 3771 11376 3455 2943 19245 5359 493 9636 16990 4512 18993 2144 8263 15239 8263 2144 18993 4512 16990 9636 493 5359 19245 2943 3455 11376 3771 17558 6604 905 15566 4989 1343 5317 4 0 0 0 
0 0 0 2 9017 19158 16300 1083 16150 17705 11366 2931 8326 4505 11489 3793 2599 10855 10442 9581 4673 8120 19433 158 17400 158 19433 8120 4673 9581 10442 10855 2599 3793 11489 4505 8326 2931 11366 17705 16150 1083 16300 19158 9017 2 0 0 0 
0 0 0 1 5300 15743 12019 12153 12734 19537 80 3831 10321 10289 18026 16656 7665 6239 2347 5307 6980 127 712 19029 8910 19029 712 127 6980 5307 2347 6239 7665 16656 18026 10289 10321 3831 80 19537 12734 12153 12019 15743 5300 1 0 0 0 
0 0 0 0 13114 14383 18233 1291 19553 1367 10077 4749 6241 6738 11195 14280 4581 3746 16763 11958 2284 790 15159 4040 6121 4040 15159 790 2284 11958 16763 3746 4581 14280 11195 6738 6241 4749 10077 1367 19553 1291 18233 14383 13114 0 0 0 0 
0 0 0 0 1825 11175 10266 14542 4183 18888 11259 1983 12243 9349 11988 1207 16215 18338 15548 19843 6522 18182 6183 5177 10037 5177 6183 18182 6522 19843 15548 18338 16215 1207 11988 9349 12243 1983 11259 18888 4183 14542 10266 11175 1825 0 0 0 0 
0 0 0 0 1068 10184 16351 13981 1009 10280 9916 15877 9056 4726 2171 17149 17397 15790 7799 3630 10957 2083 893 16878 6388 16878 893 2083 10957 3630 7799 15790 17397 17149 2171 4726 9056 15877 9916 10280 1009 13981 16351 10184 1068 0 0 0 0 
0 0 0 0 624 10298 755 17640 3465 18498 13200 827 19994 8813 5769 3259 11573 17919 12990 18696 15711 6650 11272 9706 2077 9706 11272 6650 15711 18696 12990 17919 11573 3259 5769 8813 19994 827 13200 18498 3465 17640 755 10298 624 0 0 0 0 
0 0 0 0 364 9029 11952 10132 10087 10462 12697 14386 19186 5168 6713 6328 12588 1497 3329 9005 4119 7514 3853 19448 7708 19448 3853 7514 4119 9005 3329 1497 12588 6328 6713 5168 19186 14386 12697 10462 10087 10132 11952 9029 364 0 0 0 0 
0 0 0 0 212 7157 13536 2343 11838 341 15693 1113 16087 7032 10025 602 19007 14978 18514 11646 879 15585 8988 1095 15641 1095 8988 15585 879 11646 18514 14978 19007 602 10025 7032 16087 1113 15693 341 11838 2343 13536 7157 212 0 0 0 0 
0 0 0 0 123 10995 14507 5868 13535 11156 154 7237 10765 1054 9403 17419 14053 8823 12161 8179 3706 2344 15679 11377 2259 11377 15679 2344 3706 8179 12161 8823 14053 17419 9403 1054 10765 7237 154 11156 13535 5868 14507 10995 123 0 0 0 0 
0 0 0 0 71 12674 5176 13635 10251 5639 9473 15354 9119 3377 9683 2662 3017 9756 3404 16089 3015 17730 18501 9098 17311 9098 18501 17730 3015 16089 3404 9756 3017 2662 9683 3377 9119 15354 9473 5639 10251 13635 5176 12674 71 0 0 0 0 
0 0 0 0 41 6894 4338 406 2456 5514 17502 5323 12360 8214 288 11923 1171 6699 13585 5107 18916 5970 6219 12055 5379 12055 6219 5970 18916 5107 13585 6699 1171 11923 288 8214 12360 5323 17502 5514 2456 406 4338 6894 41 0 0 0 0 
0 0 0 0 23 17347 12197 18518 9025 819 7138 16342 8825 2420 11786 1779 8817 4977 6328 12883 10126 18709 17666 12539 3512 12539 17666 18709 10126 12883 6328 4977 8817 1779 11786 2420 8825 16342 7138 819 9025 18518 12197 17347 23 0 0 0 0 
0 0 0 0 13 8757 5921 3937 6129 9943 9907 3977 1016 10516 18072 799 14575 19202 17344 1038 9582 18060 18434 18249 4871 18249 18434 18060 9582 1038 17344 19202 14575 799 18072 10516 1016 3977 9907 9943 6129 3937 5921 8757 13 0 0 0 0 
0 0 0 0 7 12282 141 18401 3736 5568 18713 16514 15824 4849 10655 12685 14975 19713 2031 11732 13957 11803 16854 16809 3471 16809 16854 11803 13957 11732 2031 19713 14975 12685 10655 4849 15824 16514 18713 5568 3736 18401 141 12282 7 0 0 0 0 
0 0 0 0 4 2794 13257 16212 6906 6504 14155 17131 7966 246 10768 17756 10356 9670 11097 6366 3666 19879 5098 3932 8263 3932 5098 19879 3666 6366 11097 9670 10356 17756 10768 246 7966 17131 14155 6504 6906 16212 13257 2794 4 0 0 0 0 
0 0 0 0 2 7340 9607 13086 14605 12645 13057 11537 15634 18351 15909 2162 9921 6229 10697 6849 13495 6286 4778 4626 6122 4626 4778 6286 13495 6849 10697 6229 9921 2162 15909 18351 15634 11537 13057 12645 14605 13086 9607 7340 2 0 0 0 0 
0 0 0 0 1 4206 5679 18920 12206 1248 4043 4619 13417 3756 14126 5650 14932 2211 13107 10724 5501 2383 19228 5578 7595 5578 19228 2383 5501 10724 13107 2211 14932 5650 14126 3756 13417 4619 4043 1248 12206 18920 5679 4206 1 0 0 0 0 
0 0 0 0 0 12411 1977 12944 4783 3821 18292 10772 4243 3516 11423 19716 493 8306 11016 17174 18255 930 11170 8859 14355 8859 11170 930 18255 17174 11016 8306 493 19716 11423 3516 4243 10772 18292 3821 4783 12944 1977 12411 0 0 0 0 0 
0 0 0 0 0 1378 14919 10749 19062 7697 19386 12067 7937 4025 16493 17742 13985 7009 11483 12063 2035 1349 13492 1037 14917 1037 13492 1349 2035 12063 11483 7009 13985 17742 16493 4025 7937 12067 19386 7697 19062 10749 14919 1378 0 0 0 0 0 
0 0 0 0 0 787 5633 13830 16551 17795 11573 4614 9338 1520 11061 9139 8963 3543 7649 18356 12571 800 18119 15142 784 15142 18119 800 12571 18356 7649 3543 8963 9139 11061 1520 9338 4614 11573 17795 16551 13830 5633 787 0 0 0 0 0 
0 0 0 0 0 449 4051 13371 18062 2736 4830 12218 7834 19248 2555 12130 14328 5297 15640 19781 19944 18374 10958 12991 19223 12991 10958 18374 19944 19781 15640 5297 14328 12130 2555 19248 7834 12218 4830 2736 18062 13371 4051 449 0 0 0 0 0 
0 0 0 0 0 256 821 6122 14732 14009 16509 1048 9065 14691 9712 1870 5993 6011 4774 19045 14676 13878 9533 4222 16836 4222 9533 13878 14676 19045 4774 6011 5993 1870 9712 14691 9065 1048 16509 14009 14732 6122 821 256 0 0 0 0 0 
0 0 0 0 0 145 16876 18704 3031 9844 10639 7414 6896 3476 10954 5888 16684 17749 17837 18327 7074 6583 561 11586 2777 11586 561 6583 7074 18327 17837 17749 16684 5888 10954 3476 6896 7414 10639 9844 3031 18704 16876 145 0 0 0 0 0 
0 0 0 0 0 82 11716 2748 11009 4223 8678 900 14176 1331 7068 13119 561 12789 748 4288 12404 1510 16836 10104 5948 10104 16836 1510 12404 4288 748 12789 561 13119 7068 1331 14176 900 8678 4223 11009 2748 11716 82 0 0 0 0 0 
0 0 0 0 0 46 13916 19886 17524 17526 17290 2113 16601 6058 5141 9522 12602 4607 2223 15054 10986 2955 15860 18851 9834 18851 15860 2955 10986 15054 2223 4607 12602 9522 5141 6058 16601 2113 17290 17526 17524 19886 13916 46 0 0 0 0 0 
0 0 0 0 0 26 4274 18988 19192 16070 1977 18141 6557 8346 10842 6570 4171 5663 1594 17614 5484 18889 7493 6661 16656 6661 7493 18889 5484 17614 1594 5663 4171 6570 10842 8346 6557 18141 1977 16070 19192 18988 4274 26 0 0 0 0 0 
0 0 0 0 0 14 16238 18343 14190 15001 18876 6497 11603 7835 9159 17466 19729 11459 15082 16319 5381 2364 4221 2180 7156 2180 4221 2364 5381 16319 15082 11459 19729 17466 9159 7835 11603 6497 18876 15001 14190 18343 16238 14 0 0 0 0 0 
0 0 0 0 0 8 410 19557 4976 19350 7643 19974 7738 6542 16912 1676 4482 8651 10556 1961 18185 7500 18796 4327 2346 4327 18796 7500 18185 1961 10556 8651 4482 1676 16912 6542 7738 19974 7643 19350 4976 19557 410 8 0 0 0 0 0 
0 0 0 0 0 4 11489 15819 3279 18349 17864 6675 5740 2037 14834 12933 5929 192 11997 13804 15622 5728 19918 5961 3178 5961 19918 5728 15622 13804 11997 192 5929 12933 14834 2037 5740 6675 17864 18349 3279 15819 11489 4 0 0 0 0 0 
0 0 0 0 0 2 6462 5243 8726 6559 6521 10811 18931 18631 7310 13618 19957 9639 303 7896 7845 18670 15772 18930 3478 18930 15772 18670 7845 7896 303 9639 19957 13618 7310 18631 18931 10811 6521 6559 8726 5243 6462 2 0 0 0 0 0 
0 0 0 0 0 1 3631 3548 1619 15899 6855 12617 16583 5 13458 17864 18421 4987 16160 12801 1766 4226 12036 2494 10396 2494 12036 4226 1766 12801 16160 4987 18421 17864 13458 5 16583 12617 6855 15899 1619 3548 3631 1 0 0 0 0 0 
0 0 0 0 0 0 12042 22 18354 18125 10019 4096 18276 15757 3231 1078 6432 10920 11893 13299 5684 19573 913 10043 11307 10043 913 19573 5684 13299 11893 10920 6432 1078 3231 15757 18276 4096 10019 18125 18354 22 12042 0 0 0 0 0 0 
0 0 0 0 0 0 1145 11554 12113 19075 13160 16625 5989 17405 6760 17434 920 17923 7849 10408 11775 989 11588 18413 6777 18413 11588 989 11775 10408 7849 17923 920 17434 6760 17405 5989 16625 13160 19075 12113 11554 1145 0 0 0 0 0 0 
0 0 0 0 0 0 641 17752 185 13796 14185 8639 19479 10188 16034 19123 14039 18791 18826 11185 804 8583 19146 14824 15160 14824 19146 8583 804 11185 18826 18791 14039 19123 16034 10188 19479 8639 14185 13796 185 17752 641 0 0 0 0 0 0 
0 0 0 0 0 0 359 2387 18079 6756 592 11756 1605 19385 10325 13024 16473 19163 13793 18448 9747 18961 8457 9697 1581 9697 8457 18961 9747 18448 13793 19163 16473 13024 10325 19385 1605 11756 592 6756 18079 2387 359 0 0 0 0 0 0 
0 0 0 0 0 0 200 19587 16996 10427 16545 12291 19035 13077 12634 14568 11629 17881 190 6256 10198 2082 7511 14681 3217 14681 7511 2082 10198 6256 190 17881 11629 14568 12634 13077 19035 12291 16545 10427 16996 19587 200 0 0 0 0 0 0 
0 0 0 0 0 0 111 18761 18970 16178 3698 617 14996 1724 13173 9800 5745 11425 19325 15951 6762 11329 12990 13844 2918 13844 12990 11329 6762 15951 19325 11425 5745 9800 13173 1724 14996 617 3698 16178 18970 18761 111 0 0 0 0 0 0 
0 0 0 0 0 0 62 2606 1018 13768 18008 8503 19511 5549 13168 568 9732 9732 8874 18695 9488 10704 3196 12203 16103 12203 3196 10704 9488 18695 8874 9732 9732 568 13168 5549 19511 8503 18008 13768 1018 2606 62 0 0 0 0 0 0 
0 0 0 0 0 0 34 13601 11567 14570 3376 19909 12698 17538 4476 8110 1379 9799 3114 813 5868 19267 8197 15436 11810 15436 8197 19267 5868 813 3114 9799 1379 8110 4476 17538 12698 19909 3376 14570 11567 13601 34 0 0 0 0 0 0 
0 0 0 0 0 0 19 820 17180 265 1535 13621 14341 5260 9610 436 16145 952 5431 10839 14238 17643 13797 17668 10057 17668 13797 17643 14238 10839 5431 952 16145 436 9610 5260 14341 13621 1535 265 17180 820 19 0 0 0 0 0 0 
0 0 0 0 0 0 10 12627 19744 3953 13292 9021 10772 17026 14541 11073 6747 12900 11400 4458 532 17558 1845 12313 12449 12313 1845 17558 532 4458 11400 12900 6747 11073 14541 17026 10772 9021 13292 3953 19744 12627 10 0 0 0 0 0 0 
0 0 0 0 0 0 5 12535 13723 6117 5883 6771 11568 12594 13586 4770 12625 19341 6428 6905 4137 315 9325 11834 7183 11834 9325 315 4137 6905 6428 19341 12625 4770 13586 12594 11568 6771 5883 6117 13723 12535 5 0 0 0 0 0 0 
0 0 0 0 0 0 2 16943 3817 16044 2012 19432 5014 14781 4332 317 15321 3517 4865 11657 1362 16561 15109 18068 4489 18068 15109 16561 1362 11657 4865 3517 15321 317 4332 14781 5014 19432 2012 16044 3817 16943 2 0 0 0 0 0 0 
0 0 0 0 0 0 1 3840 17440 10334 11418 7132 6737 1402 7203 1623 3776 19598 4321 869 16307 16893 11827 5325 6755 5325 11827 16893 16307 869 4321 19598 3776 1623 7203 1402 6737 7132 11418 10334 17440 3840 1 0 0 0 0 0 0 
0 0 0 0 0 0 0 12126 4953 13094 1040 6146 3390 6716 8416 5704 14918 9084 5784 3710 6302 8446 16985 745 12337 745 16985 8446 6302 3710 5784 9084 14918 5704 8416 6716 3390 6146 1040 13094 4953 12126 0 0 0 0 0 0 0 
0 0 0 0 0 0 0 1174 12400 4665 8043 8183 15954 8218 8734 16670 15337 1427 3217 347 18463 3088 2916 7841 10916 7841 2916 3088 18463 347 3217 1427 15337 16670 8734 8218 15954 8183 8043 4665 12400 1174 0 0 0 0 0 0 0 
0 0 0 0 0 0 0 648 5273 15297 6273 16905 4499 14332 19695 2819 10448 14781 19102 17703 12809 18956 6740 5902 18195 5902 6740 18956 12809 17703 19102 14781 10448 2819 19695 14332 4499 16905 6273 15297 5273 648 0 0 0 0 0 0 0 
0 0 0 0 0 0 0 357 12114 18064 4621 10407 3681 19364 3349 8493 19690 9963 582 14201 9243 18546 18770 1413 4661 1413 18770 18546 9243 14201 582 9963 19690 8493 3349 19364 3681 10407 4621 18064 12114 357 0 0 0 0 0 0 0 
0 0 0 0 0 0 0 196 18476 3588 13413 845 17922 16753 7719 1385 7489 18888 9490 9718 678 17141 13801 14093 5452 14093 13801 17141 678 9718 9490 18888 7489 1385 7719 16753 17922 845 13413 3588 18476 196 0 0 0 0 0 0 0 
0 0 0 0 0 0 0 108 1893 17204 5157 10658 12202 1795 3571 12495 17708 7446 9859 5646 8604 10611 15792 5945 16813 5945 15792 10611 8604 5646 9859 7446 17708 12495 3571 1795 12202 10658 5157 17204 1893 108 0 0 0 0 0 0 0 
0 0 0 0 0 0 0 59 10561 5113 19262 1765 7004 1230 263 18444 6028 9742 8153 14 11792 4617 6482 1272 981 1272 6482 4617 11792 14 8153 9742 6028 18444 263 1230 7004 1765 19262 5113 10561 59 0 0 0 0 0 0 0 
0 0 0 0 0 0 0 32 10513 5522 17591 9245 11827 1833 945 557 9691 5241 6334 10626 15958 5171 9146 2326 4338 2326 9146 5171 15958 10626 6334 5241 9691 557 945 1833 11827 9245 17591 5522 10513 32 0 0 0 0 0 0 0 
0 0 0 0 0 0 0 17 13104 10812 3307 15872 13083 18890 5414 18734 18387 6110 10189 8298 8046 17768 1929 17589 6328 17589 1929 17768 8046 8298 10189 6110 18387 18734 5414 18890 13083 15872 3307 10812 13104 17 0 0 0 0 0 0 0 
0 0 0 0 0 0 0 9 8099 13150 3866 3884 520 2920 14235 4005 9631 1202 14942 16772 17234 13980 13333 10752 5248 10752 13333 13980 17234 16772 14942 1202 9631 4005 14235 2920 520 3884 3866 13150 8099 9 0 0 0 0 0 0 0 
0 0 0 0 0 0 0 4 19895 5459 18857 14681 3875 7818 6192 18743 18285 18997 8662 2783 14816 4260 16328 13008 1020 13008 16328 4260 14816 2783 8662 18997 18285 18743 6192 7818 3875 14681 18857 5459 19895 4 0 0 0 0 0 0 0 
0 0 0 0 0 0 0 2 5405 3365 1777 16408 6396 11649 17236 9492 19043 9275 12423 8939 7300 13067 16486 1149 6420 1149 16486 13067 7300 8939 12423 9275 19043 9492 17236 11649 6396 16408 1777 3365 5405 2 0 0 0 0 0 0 0 
0 0 0 0 0 0 0 1 2950 8314 17823 5919 9486 3218 11250 19392 2506 14664 1909 4702 13778 10324 6132 11512 682 11512 6132 10324 13778 4702 1909 14664 2506 19392 11250 3218 9486 5919 17823 8314 2950 1 0 0 0 0 0 0 0 
0 0 0 0 0 0 0 0 11612 15431 17395 11599 15327 17833 12705 19087 8290 13206 14796 8484 1912 14796 4846 17208 13258 17208 4846 14796 1912 8484 14796 13206 8290 19087 12705 17833 15327 11599 17395 15431 11612 0 0 0 0 0 0 0 0 
0 0 0 0 0 0 0 0 879 1638 4914 19709 14713 11972 16731 6768 4188 19288 16657 4979 8256 5305 7740 421 11739 421 7740 5305 8256 4979 16657 19288 4188 6768 16731 11972 14713 19709 4914 1638 879 0 0 0 0 0 0 0 0 
0 0 0 0 0 0 0 0 479 2221 7806 12435 1719 11002 1648 7684 17413 3149 14007 13064 5579 19086 347 3744 12552 3744 347 19086 5579 13064 14007 3149 17413 7684 1648 11002 1719 12435 7806 2221 479 0 0 0 0 0 0 0 0 
0 0 0 0 0 0 0 0 260 19196 9953 1484 8711 7839 9208 15674 257 16103 3065 18483 17850 11554 2712 14862 1235 14862 2712 11554 17850 18483 3065 16103 257 15674 9208 7839 8711 1484 9953 19196 260 0 0 0 0 0 0 0 0 
0 0 0 0 0 0 0 0 141 12415 13488 5516 12427 1169 8929 11586 14616 6676 15091 2368 9339 2507 6612 13525 10116 13525 6612 2507 9339 2368 15091 6676 14616 11586 8929 1169 12427 5516 13488 12415 141 0 0 0 0 0 0 0 0 
0 0 0 0 0 0 0 0 76 15801 7440 7340 6590 6499 9133 13415 3507 6953 3379 1015 16189 15298 13746 9739 14484 9739 13746 15298 16189 1015 3379 6953 3507 13415 9133 6499 6590 7340 7440 15801 76 0 0 0 0 0 0 0 0 
0 0 0 0 0 0 0 0 41 8062 7619 7986 9249 15324 14370 14377 5909 3414 2370 3183 16457 10743 16510 15472 18608 15472 16510 10743 16457 3183 2370 3414 5909 14377 14370 15324 9249 7986 7619 8062 41 0 0 0 0 0 0 0 0 
0 0 0 0 0 0 0 0 22 6807 4168 3867 6579 18522 18129 14959 18145 1830 17934 17309 14799 3400 7430 10714 14742 10714 7430 3400 14799 17309 17934 1830 18145 14959 18129 18522 6579 3867 4168 6807 22 0 0 0 0 0 0 0 0 
0 0 0 0 0 0 0 0 11 19901 8355 7231 7125 18748 5777 10016 19690 11028 14016 16425 12832 9113 656 9001 12963 9001 656 9113 12832 16425 14016 11028 19690 10016 5777 18748 7125 7231 8355 19901 11 0 0 0 0 0 0 0 0 
0 0 0 0 0 0 0 0 6 752 4660 5734 1533 3132 5981 12633 4911 1810 1066 16266 17620 2504 5904 3188 19183 3188 5904 2504 17620 16266 1066 1810 4911 12633 5981 3132 1533 5734 4660 752 6 0 0 0 0 0 0 0 0 
0 0 0 0 0 0 0 0 3 5807 16022 13760 11456 16582 9066 3604 18675 9844 13801 3580 10604 13687 11572 8767 589 8767 11572 13687 10604 3580 13801 9844 18675 3604 9066 16582 11456 13760 16022 5807 3 0 0 0 0 0 0 0 0 
0 0 0 0 0 0 0 0 1 13138 2779 12745 16749 3989 6450 13011 1634 12700 10131 8099 1729 12549 19094 9418 595 9418 19094 12549 1729 8099 10131 12700 1634 13011 6450 3989 16749 12745 2779 13138 1 0 0 0 0 0 0 0 0 
0 0 0 0 0 0 0 0 0 11696 12123 4531 1786 11329 17759 19821 7874 13954 15148 4250 7486 1171 4138 15591 244 15591 4138 1171 7486 4250 15148 13954 7874 19821 17759 11329 1786 4531 12123 11696 0 0 0 0 0 0 0 0 0 
0 0 0 0 0 0 0 0 0 914 17190 1773 15085 14009 11988 7648 2729 13102 6347 10315 19864 15542 13119 12846 5529 12846 13119 15542 19864 10315 6347 13102 2729 7648 11988 14009 15085 1773 17190 914 0 0 0 0 0 0 0 0 0 
0 0 0 0 0 0 0 0 0 492 17218 4988 967 6668 5665 5836 9324 5073 14830 8441 10270 11381 1101 469 15493 469 1101 11381 10270 8441 14830 5073 9324 5836 5665 6668 967 4988 17218 492 0 0 0 0 0 0 0 0 0 
0 0 0 0 0 0 0 0 0 265 4540 2844 103 6499 1359 4043 8466 2250 15046 18786 12860 15633 8190 12391 13249 12391 8190 15633 12860 18786 15046 2250 8466 4043 1359 6499 103 2844 4540 265 0 0 0 0 0 0 0 0 0 
0 0 0 0 0 0 0 0 0 142 16099 11257 14684 822 7194 8711 8856 4792 1302 13496 10576 18611 10576 7760 5613 7760 10576 18611 10576 13496 1302 4792 8856 8711 7194 822 14684 11257 16099 142 0 0 0 0 0 0 0 0 0 
0 0 0 0 0 0 0 0 0 76 10420 5031 129 11111 14582 6879 12313 15499 10935 16395 13945 10422 2023 19715 4883 19715 2023 10422 13945 16395 10935 15499 12313 6879 14582 11111 129 5031 10420 76 0 0 0 0 0 0 0 0 0 
0 0 0 0 0 0 0 0 0 40 19141 2451 13446 10899 7441 9807 8064 13785 18177 938 17911 14274 9730 2703 15087 2703 9730 14274 17911 938 18177 13785 8064 9807 7441 10899 13446 2451 19141 40 0 0 0 0 0 0 0 0 0 
0 0 0 0 0 0 0 0 0 21 11664 13784 10323 3854 16483 9007 6308 12647 982 13047 13513 11197 4526 19796 11364 19796 4526 11197 13513 13047 982 12647 6308 9007 16483 3854 10323 13784 11664 21 0 0 0 0 0 0 0 0 0 
0 0 0 0 0 0 0 0 0 11 6946 9631 8846 10668 8862 13766 6945 14348 13687 8966 12487 6745 18674 7895 13620 7895 18674 6745 12487 8966 13687 14348 6945 13766 8862 10668 8846 9631 6946 11 0 0 0 0 0 0 0 0 0 
0 0 0 0 0 0 0 0 0 5 19070 11468 3844 1824 11765 3336 1857 11521 4630 19300 9117 18571 6113 8285 15870 8285 6113 18571 9117 19300 4630 11521 1857 3336 11765 1824 3844 11468 19070 5 0 0 0 0 0 0 0 0 0 
0 0 0 0 0 0 0 0 0 2 14854 12778 1088 14732 6297 2938 10642 9373 1696 9516 18679 7851 16194 4018 3536 4018 16194 7851 18679 9516 1696 9373 10642 2938 6297 14732 1088 12778 14854 2 0 0 0 0 0 0 0 0 0 
0 0 0 0 0 0 0 0 0 1 2594 18586 8676 4358 5788 14806 12065 11430 9717 11497 5884 1671 9561 1489 13159 1489 9561 1671 5884 11497 9717 11430 12065 14806 5788 4358 8676 18586 2594 1 0 0 0 0 0 0 0 0 0 
0 0 0 0 0 0 0 0 0 0 11389 11272 16719 1303 8805 19842 8346 12552 13354 18655 18041 9890 1642 5784 4684 5784 1642 9890 18041 18655 13354 12552 8346 19842 8805 1303 16719 11272 11389 0 0 0 0 0 0 0 0 0 0 
0 0 0 0 0 0 0 0 0 0 742 2219 16365 815 3770 1549 19777 13524 8858 9503 10376 12318 12010 10628 9150 10628 12010 12318 10376 9503 8858 13524 19777 1549 3770 815 16365 2219 742 0 0 0 0 0 0 0 0 0 0 
0 0 0 0 0 0 0 0 0 0 396 6030 18594 14199 13907 8687 4158 1170 17806 7550 8933 5119 15152 1261 14913 1261 15152 5119 8933 7550 17806 1170 4158 8687 13907 14199 18594 6030 396 0 0 0 0 0 0 0 0 0 0 
0 0 0 0 0 0 0 0 0 0 211 8833 10720 7394 3388 10971 19068 2260 11104 2271 10306 8490 12574 1594 8332 1594 12574 8490 10306 2271 11104 2260 19068 10971 3388 7394 10720 8833 211 0 0 0 0 0 0 0 0 0 0 
0 0 0 0 0 0 0 0 0 0 112 12778 3970 1686 3708 15588 6901 2655 9693 11762 8040 13382 11424 10350 6263 10350 11424 13382 8040 11762 9693 2655 6901 15588 3708 1686 3970 12778 112 0 0 0 0 0 0 0 0 0 0 
0 0 0 0 0 0 0 0 0 0 59 15809 6791 19173 9883 6328 668 12013 17488 18927 17502 8015 12212 3754 3008 3754 12212 8015 17502 18927 17488 12013 668 6328 9883 19173 6791 15809 59 0 0 0 0 0 0 0 0 0 0 
0 0 0 0 0 0 0 0 0 0 31 10239 10161 16911 6998 17441 2596 11071 14069 2393 18490 5625 11175 4654 641 4654 11175 5625 18490 2393 14069 11071 2596 17441 6998 16911 10161 10239 31 0 0 0 0 0 0 0 0 0 0 
0 0 0 0 0 0 0 0 0 0 16 11353 19687 13669 16534 323 2394 6200 18194 4946 877 3350 10167 375 13229 375 10167 3350 877 4946 18194 6200 2394 323 16534 13669 19687 11353 16 0 0 0 0 0 0 0 0 0 0 
0 0 0 0 0 0 0 0 0 0 8 11329 15459 15137 2515 8557 11312 6622 6410 2535 6443 9024 4808 18790 17064 18790 4808 9024 6443 2535 6410 6622 11312 8557 2515 15137 15459 11329 8 0 0 0 0 0 0 0 0 0 0 
0 0 0 0 0 0 0 0 0 0 4 6009 5446 18199 7407 6474 11022 18061 10643 5986 8869 19923 15089 14881 8599 14881 15089 19923 8869 5986 10643 18061 11022 6474 7407 18199 5446 6009 4 0 0 0 0 0 0 0 0 0 0 
0 0 0 0 0 0 0 0 0 0 2 3186 8180 12850 11976 576 17716 9445 15119 1320 13548 304 17149 2737 4123 2737 17149 304 13548 1320 15119 9445 17716 576 11976 12850 8180 3186 2 0 0 0 0 0 0 0 0 0 0 
0 0 0 0 0 0 0 0 0 0 1 1688 9072 14774 7128 13508 1926 2786 14363 13557 16613 19820 6515 12189 15840 12189 6515 19820 16613 13557 14363 2786 1926 13508 7128 14774 9072 1688 1 0 0 0 0 0 0 0 0 0 0 
0 0 0 0 0 0 0 0 0 0 0 10897 12011 13644 3218 7778 248 7993 13872 1429 6543 5416 17990 6574 11056 6574 17990 5416 6543 1429 13872 7993 248 7778 3218 13644 12011 10897 0 0 0 0 0 0 0 0 0 0 0 
0 0 0 0 0 0 0 0 0 0 0 475 3538 14315 2744 9439 4544 14525 18762 6908 1583 18047 938 15551 19982 15551 938 18047 1583 6908 18762 14525 4544 9439 2744 14315 3538 475 0 0 0 0 0 0 0 0 0 0 0 
0 0 0 0 0 0 0 0 0 0 0 251 11214 12342 2415 5915 18474 3147 4756 17364 3835 237 1201 13579 17804 13579 1201 237 3835 17364 4756 3147 18474 5915 2415 12342 11214 251 0 0 0 0 0 0 0 0 0 0 0 
0 0 0 0 0 0 0 0 0 0 0 132 18186 8229 15076 9275 10249 18640 17135 9445 9708 8160 18202 3884 15687 3884 18202 8160 9708 9445 17135 18640 10249 9275 15076 8229 18186 132 0 0 0 0 0 0 0 0 0 0 0 
0 0 0 0 0 0 0 0 0 0 0 69 18069 13193 17143 13483 7018 19950 3125 4613 3101 13791 15804 11677 18499 11677 15804 13791 3101 4613 3125 19950 7018 13483 17143 13193 18069 69 0 0 0 0 0 0 0 0 0 0 0 
0 0 0 0 0 0 0 0 0 0 0 36 11119 16918 19349 3584 11124 8359 18958 15676 17361 19036 6804 13229 19955 13229 6804 19036 17361 15676 18958 8359 11124 3584 19349 16918 11119 36 0 0 0 0 0 0 0 0 0 0 0 
0 0 0 0 0 0 0 0 0 0 0 19 1651 3061 7469 7231 3391 4922 1620 17898 5556 8096 4848 13730 12396 13730 4848 8096 5556 17898 1620 4922 3391 7231 7469 3061 1651 19 0 0 0 0 0 0 0 0 0 0 0 
0 0 0 0 0 0 0 0 0 0 0 10 1397 8107 11809 4041 1317 9694 9107 16330 11151 19437 9304 9259 18294 9259 9304 19437 11151 16330 9107 9694 1317 4041 11809 8107 1397 10 0 0 0 0 0 0 0 0 0 0 0 
0 0 0 0 0 0 0 0 0 0 0 5 5999 3643 939 3677 10778 15497 2600 18307 5565 16954 18 10075 3257 10075 18 16954 5565 18307 2600 15497 10778 3677 939 3643 5999 5 0 0 0 0 0 0 0 0 0 0 0 
0 0 0 0 0 0 0 0 0 0 0 2 13160 4981 12995 17945 3005 9160 8176 6239 15345 6633 17494 8712 10241 8712 17494 6633 15345 6239 8176 9160 3005 17945 12995 4981 13160 2 0 0 0 0 0 0 0 0 0 0 0 
0 0 0 0 0 0 0 0 0 0 0 1 1662 2113 11337 4506 6377 6986 4091 15223 8179 7501 17776 10947 1539 10947 17776 7501 8179 15223 4091 6986 6377 4506 11337 2113 1662 1 0 0 0 0 0 0 0 0 0 0 0 
0 0 0 0 0 0 0 0 0 0 0 0 10877 4947 6406 2267 6621 13329 11754 13751 9083 11954 9439 2979 19039 2979 9439 11954 9083 13751 11754 13329 6621 2267 6406 4947 10877 0 0 0 0 0 0 0 0 0 0 0 0 
0 0 0 0 0 0 0 0 0 0 0 0 461 2737 15258 4984 3944 10208 12538 10363 8949 8390 11876 18240 2157 18240 11876 8390 8949 10363 12538 10208 3944 4984 15258 2737 461 0 0 0 0 0 0 0 0 0 0 0 0 
0 0 0 0 0 0 0 0 0 0 0 0 242 6926 17898 294 13674 6938 2727 560 11911 5766 16042 16383 3154 16383 16042 5766 11911 560 2727 6938 13674 294 17898 6926 242 0 0 0 0 0 0 0 0 0 0 0 0 
0 0 0 0 0 0 0 0 0 0 0 0 127 3961 17412 2274 2108 17078 11995 11395 5215 17356 3048 7502 6503 7502 3048 17356 5215 11395 11995 17078 2108 2274 17412 3961 127 0 0 0 0 0 0 0 0 0 0 0 0 
0 0 0 0 0 0 0 0 0 0 0 0 66 14847 12147 3965 14358 11516 14201 1824 16781 17872 17797 12896 7847 12896 17797 17872 16781 1824 14201 11516 14358 3965 12147 14847 66 0 0 0 0 0 0 0 0 0 0 0 0 
0 0 0 0 0 0 0 0 0 0 0 0 34 13917 12457 17452 9424 9738 8778 4896 18113 16916 1242 1703 9500 1703 1242 16916 18113 4896 8778 9738 9424 17452 12457 13917 34 0 0 0 0 0 0 0 0 0 0 0 0 
0 0 0 0 0 0 0 0 0 0 0 0 17 17738 18677 1752 14552 13470 4255 13969 568 4458 19515 18174 18916 18174 19515 4458 568 13969 4255 13470 14552 1752 18677 17738 17 0 0 0 0 0 0 0 0 0 0 0 0 
0 0 0 0 0 0 0 0 0 0 0 0 8 19278 9283 11338 2221 19667 11339 5399 15941 15445 9552 16000 7001 16000 9552 15445 15941 5399 11339 19667 2221 11338 9283 19278 8 0 0 0 0 0 0 0 0 0 0 0 0 
0 0 0 0 0 0 0 0 0 0 0 0 4 4850 10404 3074 17468 15960 1191 687 4313 1619 7568 2023 809 2023 7568 1619 4313 687 1191 15960 17468 3074 10404 4850 4 0 0 0 0 0 0 0 0 0 0 0 0 
0 0 0 0 0 0 0 0 0 0 0 0 2 2535 1066 15605 5393 5585 14841 13338 9661 6113 3045 5334 35 5334 3045 6113 9661 13338 14841 5585 5393 15605 1066 2535 2 0 0 0 0 0 0 0 0 0 0 0 0 
0 0 0 0 0 0 0 0 0 0 0 0 1 1324 5005 4558 12287 5333 4572 16945 3060 18834 9906 18811 3393 18811 9906 18834 3060 16945 4572 5333 12287 4558 5005 1324 1 0 0 0 0 0 0 0 0 0 0 0 0 
0 0 0 0 0 0 0 0 0 0 0 0 0 10694 15535 9312 12525 12837 12607 16532 9219 1194 6318 13708 5492 13708 6318 1194 9219 16532 12607 12837 12525 9312 15535 10694 0 0 0 0 0 0 0 0 0 0 0 0 0 
0 0 0 0 0 0 0 0 0 0 0 0 0 362 9694 1407 3488 689 14576 5687 5875 11853 517 15569 11075 15569 517 11853 5875 5687 14576 689 3488 1407 9694 362 0 0 0 0 0 0 0 0 0 0 0 0 0 
0 0 0 0 0 0 0 0 0 0 0 0 0 189 1019 6472 19439 8635 14611 12065 16023 7356 3634 15142 19684 15142 3634 7356 16023 12065 14611 8635 19439 6472 1019 189 0 0 0 0 0 0 0 0 0 0 0 0 0 
0 0 0 0 0 0 0 0 0 0 0 0 0 98 13708 8990 754 4412 15177 18864 4438 14827 10310 1972 10531 1972 10310 14827 4438 18864 15177 4412 754 8990 13708 98 0 0 0 0 0 0 0 0 0 0 0 0 0 
0 0 0 0 0 0 0 0 0 0 0 0 0 51 3507 18415 10143 2279 19462 16581 11848 18603 10444 18172 16366 18172 10444 18603 11848 16581 19462 2279 10143 18415 3507 51 0 0 0 0 0 0 0 0 0 0 0 0 0 
0 0 0 0 0 0 0 0 0 0 0 0 0 26 12612 5871 18672 12020 6796 13276 3176 6443 6623 19429 10287 19429 6623 6443 3176 13276 6796 12020 18672 5871 12612 26 0 0 0 0 0 0 0 0 0 0 0 0 0 
0 0 0 0 0 0 0 0 0 0 0 0 0 13 11751 7594 15379 14757 7721 10175 15990 15103 935 12754 16272 12754 935 15103 15990 10175 7721 14757 15379 7594 11751 13 0 0 0 0 0 0 0 0 0 0 0 0 0 
0 0 0 0 0 0 0 0 0 0 0 0 0 6 16109 3152 9829 15498 11064 3598 2464 12632 15398 16287 8864 16287 15398 12632 2464 3598 11064 15498 9829 3152 16109 6 0 0 0 0 0 0 0 0 0 0 0 0 0 
0 0 0 0 0 0 0 0 0 0 0 0 0 3 3173 6076 6323 16796 6088 16390 17412 19190 12391 3190 12352 3190 12391 19190 17412 16390 6088 16796 6323 6076 3173 3 0 0 0 0 0 0 0 0 0 0 0 0 0 
0 0 0 0 0 0 0 0 0 0 0 0 0 1 11650 13980 16511 2153 8525 17541 4664 6552 18477 5885 6808 5885 18477 6552 4664 17541 8525 2153 16511 13980 11650 1 0 0 0 0 0 0 0 0 0 0 0 0 0 
0 0 0 0 0 0 0 0 0 0 0 0 0 0 10859 18074 6340 1862 17697 5797 2259 8983 13498 9035 7443 9035 13498 8983 2259 5797 17697 1862 6340 18074 10859 0 0 0 0 0 0 0 0 0 0 0 0 0 0 
0 0 0 0 0 0 0 0 0 0 0 0 0 0 445 19896 1139 4736 4786 14041 19681 8167 19839 16641 1266 16641 19839 8167 19681 14041 4786 4736 1139 19896 445 0 0 0 0 0 0 0 0 0 0 0 0 0 0 
0 0 0 0 0 0 0 0 0 0 0 0 0 0 231 534 4407 15790 866 6091 8049 6209 4544 6800 1423 6800 4544 6209 8049 6091 866 15790 4407 534 231 0 0 0 0 0 0 0 0 0 0 0 0 0 0 
0 0 0 0 0 0 0 0 0 0 0 0 0 0 119 18147 7381 15462 611 12706 12858 14210 14832 18109 10157 18109 14832 14210 12858 12706 611 15462 7381 18147 119 0 0 0 0 0 0 0 0 0 0 0 0 0 0 
0 0 0 0 0 0 0 0 0 0 0 0 0 0 61 15557 9583 16162 14373 12854 3663 17783 16674 15515 2637 15515 16674 17783 3663 12854 14373 16162 9583 15557 61 0 0 0 0 0 0 0 0 0 0 0 0 0 0 
0 0 0 0 0 0 0 0 0 0 0 0 0 0 31 13544 852 16324 9650 4435 1801 9370 13993 8436 17678 8436 13993 9370 1801 4435 9650 16324 852 13544 31 0 0 0 0 0 0 0 0 0 0 0 0 0 0 
0 0 0 0 0 0 0 0 0 0 0 0 0 0 16 2164 3875 2443 14052 9182 7325 16208 15418 19127 16438 19127 15418 16208 7325 9182 14052 2443 3875 2164 16 0 0 0 0 0 0 0 0 0 0 0 0 0 0 
0 0 0 0 0 0 0 0 0 0 0 0 0 0 8 6285 6427 8984 6095 6436 11449 17026 4965 11587 19914 11587 4965 17026 11449 6436 6095 8984 6427 6285 8 0 0 0 0 0 0 0 0 0 0 0 0 0 0 
0 0 0 0 0 0 0 0 0 0 0 0 0 0 4 3247 1868 2809 1815 265 11458 15853 9093 9388 4913 9388 9093 15853 11458 265 1815 2809 1868 3247 4 0 0 0 0 0 0 0 0 0 0 0 0 0 0 
0 0 0 0 0 0 0 0 0 0 0 0 0 0 2 1677 5981 16153 12452 1422 3849 9878 10467 13940 14433 13940 10467 9878 3849 1422 12452 16153 5981 1677 2 0 0 0 0 0 0 0 0 0 0 0 0 0 0 
0 0 0 0 0 0 0 0 0 0 0 0 0 0 1 865 13384 3077 18572 2321 3894 10165 12653 7724 11327 7724 12653 10165 3894 2321 18572 3077 13384 865 1 0 0 0 0 0 0 0 0 0 0 0 0 0 0 
0 0 0 0 0 0 0 0 0 0 0 0 0 0 0 10449 14577 9036 19234 4944 7283 4405 2043 15085 4356 15085 2043 4405 7283 4944 19234 9036 14577 10449 0 0 0 0 0 0 0 0 0 0 0 0 0 0 0 
0 0 0 0 0 0 0 0 0 0 0 0 0 0 0 231 16329 16366 3404 16128 3467 4910 13710 12248 1853 12248 13710 4910 3467 16128 3404 16366 16329 231 0 0 0 0 0 0 0 0 0 0 0 0 0 0 0 
0 0 0 0 0 0 0 0 0 0 0 0 0 0 0 119 5232 13459 3251 1281 4001 18797 18611 2410 3632 2410 18611 18797 4001 1281 3251 13459 5232 119 0 0 0 0 0 0 0 0 0 0 0 0 0 0 0 
0 0 0 0 0 0 0 0 0 0 0 0 0 0 0 61 8676 9195 13246 17108 19573 8089 6195 1760 8384 1760 6195 8089 19573 17108 13246 9195 8676 61 0 0 0 0 0 0 0 0 0 0 0 0 0 0 0 
0 0 0 0 0 0 0 0 0 0 0 0 0 0 0 31 9882 15825 7246 1976 16375 557 14617 9897 19594 9897 14617 557 16375 1976 7246 15825 9882 31 0 0 0 0 0 0 0 0 0 0 0 0 0 0 0 
0 0 0 0 0 0 0 0 0 0 0 0 0 0 0 16 218 3559 17983 7323 1593 17526 15251 966 17034 966 15251 17526 1593 7323 17983 3559 218 16 0 0 0 0 0 0 0 0 0 0 0 0 0 0 0 
0 0 0 0 0 0 0 0 0 0 0 0 0 0 0 8 5252 8391 19049 5471 7695 17212 13864 3745 10612 3745 13864 17212 7695 5471 19049 8391 5252 8 0 0 0 0 0 0 0 0 0 0 0 0 0 0 0 
0 0 0 0 0 0 0 0 0 0 0 0 0 0 0 4 2699 8156 13309 19727 2259 6768 5907 6901 2390 6901 5907 6768 2259 19727 13309 8156 2699 4 0 0 0 0 0 0 0 0 0 0 0 0 0 0 0 
0 0 0 0 0 0 0 0 0 0 0 0 0 0 0 2 1387 1389 9093 13452 4229 6995 18221 8838 1857 8838 18221 6995 4229 13452 9093 1389 1387 2 0 0 0 0 0 0 0 0 0 0 0 0 0 0 0 
0 0 0 0 0 0 0 0 0 0 0 0 0 0 0 1 712 4519 2875 12991 8628 11871 11913 10610 5242 10610 11913 11871 8628 12991 2875 4519 712 1 0 0 0 0 0 0 0 0 0 0 0 0 0 0 0 
0 0 0 0 0 0 0 0 0 0 0 0 0 0 0 0 10368 16761 11955 9835 7407 4218 19166 14330 11740 14330 19166 4218 7407 9835 11955 16761 10368 0 0 0 0 0 0 0 0 0 0 0 0 0 0 0 0 
0 0 0 0 0 0 0 0 0 0 0 0 0 0 0 0 189 672 17064 15122 16461 14900 19255 12171 2182 12171 19255 14900 16461 15122 17064 672 189 0 0 0 0 0 0 0 0 0 0 0 0 0 0 0 0 
0 0 0 0 0 0 0 0 0 0 0 0 0 0 0 0 97 1503 15815 4301 8416 4553 19645 9280 16054 9280 19645 4553 8416 4301 15815 1503 97 0 0 0 0 0 0 0 0 0 0 0 0 0 0 0 0 
0 0 0 0 0 0 0 0 0 0 0 0 0 0 0 0 49 16351 9955 15672 13461 14668 12731 19165 9712 19165 12731 14668 13461 15672 9955 16351 49 0 0 0 0 0 0 0 0 0 0 0 0 0 0 0 0 
0 0 0 0 0 0 0 0 0 0 0 0 0 0 0 0 25 3479 221 17472 12393 12645 15557 743 10911 743 15557 12645 12393 17472 221 3479 25 0 0 0 0 0 0 0 0 0 0 0 0 0 0 0 0 
0 0 0 0 0 0 0 0 0 0 0 0 0 0 0 0 12 16898 18608 139 122 16426 14954 13440 9950 13440 14954 16426 122 139 18608 16898 12 0 0 0 0 0 0 0 0 0 0 0 0 0 0 0 0 
0 0 0 0 0 0 0 0 0 0 0 0 0 0 0 0 6 3528 13994 17274 3412 572 3245 5351 9801 5351 3245 572 3412 17274 13994 3528 6 0 0 0 0 0 0 0 0 0 0 0 0 0 0 0 0 
0 0 0 0 0 0 0 0 0 0 0 0 0 0 0 0 3 1804 2063 7090 14462 8612 15254 6883 17614 6883 15254 8612 14462 7090 2063 1804 3 0 0 0 0 0 0 0 0 0 0 0 0 0 0 0 0 
0 0 0 0 0 0 0 0 0 0 0 0 0 0 0 0 1 10925 3677 10376 10571 7761 11434 4744 6986 4744 11434 7761 10571 10376 3677 10925 1 0 0 0 0 0 0 0 0 0 0 0 0 0 0 0 0 
0 0 0 0 0 0 0 0 0 0 0 0 0 0 0 0 0 10476 717 8745 6138 2598 7508 16856 1040 16856 7508 2598 6138 8745 717 10476 0 0 0 0 0 0 0 0 0 0 0 0 0 0 0 0 0 
0 0 0 0 0 0 0 0 0 0 0 0 0 0 0 0 0 243 7329 13 15936 19762 11208 12625 2529 12625 11208 19762 15936 13 7329 243 0 0 0 0 0 0 0 0 0 0 0 0 0 0 0 0 0 
0 0 0 0 0 0 0 0 0 0 0 0 0 0 0 0 0 124 4664 6032 15794 2739 4499 14311 66 14311 4499 2739 15794 6032 4664 124 0 0 0 0 0 0 0 0 0 0 0 0 0 0 0 0 0 
0 0 0 0 0 0 0 0 0 0 0 0 0 0 0 0 0 63 7840 17646 4462 9169 12646 11201 10390 11201 12646 9169 4462 17646 7840 63 0 0 0 0 0 0 0 0 0 0 0 0 0 0 0 0 0 
0 0 0 0 0 0 0 0 0 0 0 0 0 0 0 0 0 32 4177 19453 4695 3326 4257 15079 17926 15079 4257 3326 4695 19453 4177 32 0 0 0 0 0 0 0 0 0 0 0 0 0 0 0 0 0 
0 0 0 0 0 0 0 0 0 0 0 0 0 0 0 0 0 16 7220 17953 2095 19918 17955 5410 1284 5410 17955 19918 2095 17953 7220 16 0 0 0 0 0 0 0 0 0 0 0 0 0 0 0 0 0 
0 0 0 0 0 0 0 0 0 0 0 0 0 0 0 0 0 8 3677 3293 10271 7381 1799 2316 10825 2316 1799 7381 10271 3293 3677 8 0 0 0 0 0 0 0 0 0 0 0 0 0 0 0 0 0 
0 0 0 0 0 0 0 0 0 0 0 0 0 0 0 0 0 4 1872 11411 11966 4102 4252 15252 7382 15252 4252 4102 11966 11411 1872 4 0 0 0 0 0 0 0 0 0 0 0 0 0 0 0 0 0 
0 0 0 0 0 0 0 0 0 0 0 0 0 0 0 0 0 2 953 5639 11780 12512 1387 17549 14289 17549 1387 12512 11780 5639 953 2 0 0 0 0 0 0 0 0 0 0 0 0 0 0 0 0 0 
0 0 0 0 0 0 0 0 0 0 0 0 0 0 0 0 0 1 484 15316 9990 18818 5549 19295 19081 19295 5549 18818 9990 15316 484 1 0 0 0 0 0 0 0 0 0 0 0 0 0 0 0 0 0 
0 0 0 0 0 0 0 0 0 0 0 0 0 0 0 0 0 0 10249 8919 1400 2953 404 13499 18490 13499 404 2953 1400 8919 10249 0 0 0 0 0 0 0 0 0 0 0 0 0 0 0 0 0 0 
0 0 0 0 0 0 0 0 0 0 0 0 0 0 0 0 0 0 126 15100 7334 3056 1037 6502 16291 6502 1037 3056 7334 15100 126 0 0 0 0 0 0 0 0 0 0 0 0 0 0 0 0 0 0 
0 0 0 0 0 0 0 0 0 0 0 0 0 0 0 0 0 0 64 2871 17455 9685 17286 3181 2865 3181 17286 9685 17455 2871 64 0 0 0 0 0 0 0 0 0 0 0 0 0 0 0 0 0 0 
0 0 0 0 0 0 0 0 0 0 0 0 0 0 0 0 0 0 32 11601 3353 11338 4114 17159 4347 17159 4114 11338 3353 11601 32 0 0 0 0 0 0 0 0 0 0 0 0 0 0 0 0 0 0 
0 0 0 0 0 0 0 0 0 0 0 0 0 0 0 0 0 0 16 5884 4107 8865 4671 5072 5763 5072 4671 8865 4107 5884 16 0 0 0 0 0 0 0 0 0 0 0 0 0 0 0 0 0 0 
0 0 0 0 0 0 0 0 0 0 0 0 0 0 0 0 0 0 8 2984 5828 14752 18628 8718 3542 8718 18628 14752 5828 2984 8 0 0 0 0 0 0 0 0 0 0 0 0 0 0 0 0 0 0 
0 0 0 0 0 0 0 0 0 0 0 0 0 0 0 0 0 0 4 1513 7332 6893 1218 16336 15438 16336 1218 6893 7332 1513 4 0 0 0 0 0 0 0 0 0 0 0 0 0 0 0 0 0 0 
0 0 0 0 0 0 0 0 0 0 0 0 0 0 0 0 0 0 2 767 5890 6632 13455 12306 12546 12306 13455 6632 5890 767 2 0 0 0 0 0 0 0 0 0 0 0 0 0 0 0 0 0 0 
0 0 0 0 0 0 0 0 0 0 0 0 0 0 0 0 0 0 1 388 9065 17875 19104 4774 3969 4774 19104 17875 9065 388 1 0 0 0 0 0 0 0 0 0 0 0 0 0 0 0 0 0 0 
0 0 0 0 0 0 0 0 0 0 0 0 0 0 0 0 0 0 0 10199 15098 16450 16219 11215 17247 11215 16219 16450 15098 10199 0 0 0 0 0 0 0 0 0 0 0 0 0 0 0 0 0 0 0 
0 0 0 0 0 0 0 0 0 0 0 0 0 0 0 0 0 0 0 100 17837 2094 16686 8524 6968 8524 16686 2094 17837 100 0 0 0 0 0 0 0 0 0 0 0 0 0 0 0 0 0 0 0 
0 0 0 0 0 0 0 0 0 0 0 0 0 0 0 0 0 0 0 50 14065 538 9001 19973 18021 19973 9001 538 14065 50 0 0 0 0 0 0 0 0 0 0 0 0 0 0 0 0 0 0 0 
0 0 0 0 0 0 0 0 0 0 0 0 0 0 0 0 0 0 0 25 7105 15047 14267 8714 11463 8714 14267 15047 7105 25 0 0 0 0 0 0 0 0 0 0 0 0 0 0 0 0 0 0 0 
0 0 0 0 0 0 0 0 0 0 0 0 0 0 0 0 0 0 0 12 13592 12427 16737 5406 10802 5406 16737 12427 13592 12 0 0 0 0 0 0 0 0 0 0 0 0 0 0 0 0 0 0 0 
0 0 0 0 0 0 0 0 0 0 0 0 0 0 0 0 0 0 0 6 1814 13674 15531 6571 6108 6571 15531 13674 1814 6 0 0 0 0 0 0 0 0 0 0 0 0 0 0 0 0 0 0 0 
0 0 0 0 0 0 0 0 0 0 0 0 0 0 0 0 0 0 0 3 915 18074 6275 639 4994 639 6275 18074 915 3 0 0 0 0 0 0 0 0 0 0 0 0 0 0 0 0 0 0 0 
0 0 0 0 0 0 0 0 0 0 0 0 0 0 0 0 0 0 0 1 10464 14658 12359 16710 15512 16710 12359 14658 10464 1 0 0 0 0 0 0 0 0 0 0 0 0 0 0 0 0 0 0 0 
0 0 0 0 0 0 0 0 0 0 0 0 0 0 0 0 0 0 0 0 10237 7640 770 19158 19038 19158 770 7640 10237 0 0 0 0 0 0 0 0 0 0 0 0 0 0 0 0 0 0 0 0 
0 0 0 0 0 0 0 0 0 0 0 0 0 0 0 0 0 0 0 0 119 13979 10173 17535 42 17535 10173 13979 119 0 0 0 0 0 0 0 0 0 0 0 0 0 0 0 0 0 0 0 0 
0 0 0 0 0 0 0 0 0 0 0 0 0 0 0 0 0 0 0 0 60 2067 14979 17774 5226 17774 14979 2067 60 0 0 0 0 0 0 0 0 0 0 0 0 0 0 0 0 0 0 0 0 
0 0 0 0 0 0 0 0 0 0 0 0 0 0 0 0 0 0 0 0 30 6074 4932 3401 5188 3401 4932 6074 30 0 0 0 0 0 0 0 0 0 0 0 0 0 0 0 0 0 0 0 0 
0 0 0 0 0 0 0 0 0 0 0 0 0 0 0 0 0 0 0 0 15 3056 18690 16467 8867 16467 18690 3056 15 0 0 0 0 0 0 0 0 0 0 0 0 0 0 0 0 0 0 0 0 
0 0 0 0 0 0 0 0 0 0 0 0 0 0 0 0 0 0 0 0 7 11540 14957 15621 17566 15621 14957 11540 7 0 0 0 0 0 0 0 0 0 0 0 0 0 0 0 0 0 0 0 0 
0 0 0 0 0 0 0 0 0 0 0 0 0 0 0 0 0 0 0 0 3 10777 12785 14007 10345 14007 12785 10777 3 0 0 0 0 0 0 0 0 0 0 0 0 0 0 0 0 0 0 0 0 
0 0 0 0 0 0 0 0 0 0 0 0 0 0 0 0 0 0 0 0 1 10393 11546 15104 15954 15104 11546 10393 1 0 0 0 0 0 0 0 0 0 0 0 0 0 0 0 0 0 0 0 0 
0 0 0 0 0 0 0 0 0 0 0 0 0 0 0 0 0 0 0 0 0 10200 15852 11603 10867 11603 15852 10200 0 0 0 0 0 0 0 0 0 0 0 0 0 0 0 0 0 0 0 0 0 
0 0 0 0 0 0 0 0 0 0 0 0 0 0 0 0 0 0 0 0 0 100 12967 10328 11879 10328 12967 100 0 0 0 0 0 0 0 0 0 0 0 0 0 0 0 0 0 0 0 0 0 
0 0 0 0 0 0 0 0 0 0 0 0 0 0 0 0 0 0 0 0 0 50 6504 4926 16665 4926 6504 50 0 0 0 0 0 0 0 0 0 0 0 0 0 0 0 0 0 0 0 0 0 
0 0 0 0 0 0 0 0 0 0 0 0 0 0 0 0 0 0 0 0 0 25 3261 17348 13695 17348 3261 25 0 0 0 0 0 0 0 0 0 0 0 0 0 0 0 0 0 0 0 0 0 
0 0 0 0 0 0 0 0 0 0 0 0 0 0 0 0 0 0 0 0 0 12 11638 13617 12030 13617 11638 12 0 0 0 0 0 0 0 0 0 0 0 0 0 0 0 0 0 0 0 0 0 
0 0 0 0 0 0 0 0 0 0 0 0 0 0 0 0 0 0 0 0 0 6 821 11782 1104 11782 821 6 0 0 0 0 0 0 0 0 0 0 0 0 0 0 0 0 0 0 0 0 0 
0 0 0 0 0 0 0 0 0 0 0 0 0 0 0 0 0 0 0 0 0 3 411 5877 5598 5877 411 3 0 0 0 0 0 0 0 0 0 0 0 0 0 0 0 0 0 0 0 0 0 
0 0 0 0 0 0 0 0 0 0 0 0 0 0 0 0 0 0 0 0 0 1 10208 12934 2821 12934 10208 1 0 0 0 0 0 0 0 0 0 0 0 0 0 0 0 0 0 0 0 0 0 
0 0 0 0 0 0 0 0 0 0 0 0 0 0 0 0 0 0 0 0 0 0 10107 6464 1421 6464 10107 0 0 0 0 0 0 0 0 0 0 0 0 0 0 0 0 0 0 0 0 0 0 
0 0 0 0 0 0 0 0 0 0 0 0 0 0 0 0 0 0 0 0 0 0 53 13233 10718 13233 53 0 0 0 0 0 0 0 0 0 0 0 0 0 0 0 0 0 0 0 0 0 0 
0 0 0 0 0 0 0 0 0 0 0 0 0 0 0 0 0 0 0 0 0 0 26 11619 360 11619 26 0 0 0 0 0 0 0 0 0 0 0 0 0 0 0 0 0 0 0 0 0 0 
0 0 0 0 0 0 0 0 0 0 0 0 0 0 0 0 0 0 0 0 0 0 13 808 15185 808 13 0 0 0 0 0 0 0 0 0 0 0 0 0 0 0 0 0 0 0 0 0 0 
0 0 0 0 0 0 0 0 0 0 0 0 0 0 0 0 0 0 0 0 0 0 6 10406 17597 10406 6 0 0 0 0 0 0 0 0 0 0 0 0 0 0 0 0 0 0 0 0 0 0 
0 0 0 0 0 0 0 0 0 0 0 0 0 0 0 0 0 0 0 0 0 0 3 202 8801 202 3 0 0 0 0 0 0 0 0 0 0 0 0 0 0 0 0 0 0 0 0 0 0 
0 0 0 0 0 0 0 0 0 0 0 0 0 0 0 0 0 0 0 0 0 0 1 10103 9402 10103 1 0 0 0 0 0 0 0 0 0 0 0 0 0 0 0 0 0 0 0 0 0 0 
0 0 0 0 0 0 0 0 0 0 0 0 0 0 0 0 0 0 0 0 0 0 0 10054 9702 10054 0 0 0 0 0 0 0 0 0 0 0 0 0 0 0 0 0 0 0 0 0 0 0 
0 0 0 0 0 0 0 0 0 0 0 0 0 0 0 0 0 0 0 0 0 0 0 26 19856 26 0 0 0 0 0 0 0 0 0 0 0 0 0 0 0 0 0 0 0 0 0 0 0 
0 0 0 0 0 0 0 0 0 0 0 0 0 0 0 0 0 0 0 0 0 0 0 12 19933 12 0 0 0 0 0 0 0 0 0 0 0 0 0 0 0 0 0 0 0 0 0 0 0 
0 0 0 0 0 0 0 0 0 0 0 0 0 0 0 0 0 0 0 0 0 0 0 5 19972 5 0 0 0 0 0 0 0 0 0 0 0 0 0 0 0 0 0 0 0 0 0 0 0 
0 0 0 0 0 0 0 0 0 0 0 0 0 0 0 0 0 0 0 0 0 0 0 2 9988 2 0 0 0 0 0 0 0 0 0 0 0 0 0 0 0 0 0 0 0 0 0 0 0 
0 0 0 0 0 0 0 0 0 0 0 0 0 0 0 0 0 0 0 0 0 0 0 0 20000 0 0 0 0 0 0 0 0 0 0 0 0 0 0 0 0 0 0 0 0 0 0 0 0 
