-1 -1 -1 8 -1 -1 -1 
-1 -1 17 61 17 -1 -1 
-1 8 79 19 79 8 -1 
-1 17 41 78 41 17 -1 
-1 26 3 34 3 26 -1 
-1 34 68 89 68 34 -1 
-1 42 33 41 33 42 -1 
-1 49 101 92 101 49 -1 
-1 56 70 40 70 56 -1 
-1 63 39 89 39 63 -1 
-1 70 8 35 8 70 -1 
-1 76 80 80 80 76 -1 
-1 82 53 22 53 82 -1 
-1 88 25 65 25 88 -1 
-1 93 101 3 101 93 -1 
-1 99 77 41 77 99 -1 
0 2 54 80 54 2 0 
1 5 32 16 32 5 1 
2 8 9 52 9 8 2 
3 10 89 87 89 10 3 
4 12 70 19 70 12 4 
5 14 51 51 51 14 5 
6 16 32 84 32 16 6 
7 18 13 14 13 18 7 
8 19 97 42 97 19 8 
9 20 81 70 81 20 9 
10 21 65 99 65 21 10 
11 22 50 25 50 22 11 
12 23 35 51 35 23 12 
13 24 20 78 20 24 13 
14 25 5 2 5 25 14 
15 25 93 24 93 25 15 
16 25 81 46 81 25 16 
17 25 69 68 69 25 17 
18 25 57 91 57 25 18 
19 25 46 11 46 25 19 
20 25 35 31 35 25 20 
21 25 24 51 24 25 21 
22 25 13 71 13 25 22 
23 25 1 92 1 25 23 
24 24 93 8 93 24 24 
25 23 85 24 85 23 25 
26 22 77 40 77 22 26 
27 21 69 56 69 21 27 
28 20 61 72 61 20 28 
29 19 53 89 53 19 29 
30 18 46 3 46 18 30 
31 17 39 17 39 17 31 
32 16 32 31 32 16 32 
33 15 25 45 25 15 33 
34 14 18 59 18 14 34 
35 13 11 73 11 13 35 
36 12 3 87 3 12 36 
37 10 98 100 98 10 37 
38 8 94 10 94 8 38 
39 6 90 20 90 6 39 
40 4 86 30 86 4 40 
41 1 82 40 82 1 41 
41 101 77 50 77 101 41 
41 101 72 60 72 101 41 
41 101 67 70 67 101 41 
41 101 62 80 62 101 41 
41 101 57 90 57 101 41 
41 101 52 101 52 101 41 
41 101 48 9 48 101 41 
41 101 44 17 44 101 41 
41 101 40 25 40 101 41 
41 101 36 33 36 101 41 
41 101 32 41 32 101 41 
41 101 28 49 28 101 41 
41 101 24 57 24 101 41 
41 101 20 65 20 101 41 
41 101 16 73 16 101 41 
41 101 12 81 12 101 41 
41 101 8 89 8 101 41 
41 101 3 98 3 101 41 
41 100 102 2 102 100 41 
41 99 101 6 101 99 41 
41 98 100 10 100 98 41 
41 97 99 14 99 97 41 
41 96 98 18 98 96 41 
41 95 97 22 97 95 41 
41 94 96 26 96 94 41 
41 93 95 30 95 93 41 
41 92 94 34 94 92 41 
41 91 93 38 93 91 41 
41 90 92 42 92 90 41 
41 89 91 46 91 89 41 
41 88 90 50 90 88 41 
41 87 89 54 89 87 41 
41 86 88 58 88 86 41 
41 85 87 62 87 85 41 
41 84 86 66 86 84 41 
41 83 85 70 85 83 41 
41 82 84 74 84 82 41 
41 81 83 78 83 81 41 
41 80 82 82 82 80 41 
41 79 81 86 81 79 41 
41 78 80 90 80 78 41 
41 77 79 94 79 77 41 
41 76 78 99 78 76 41 
41 75 78 1 78 75 41 
41 74 78 3 78 74 41 
41 73 78 5 78 73 41 
41 72 78 7 78 72 41 
41 71 78 9 78 71 41 
41 70 78 11 78 70 41 
41 69 78 13 78 69 41 
41 68 78 15 78 68 41 
41 67 78 17 78 67 41 
41 66 78 19 78 66 41 
41 65 78 21 78 65 41 
41 64 78 23 78 64 41 
41 63 78 25 78 63 41 
41 62 78 27 78 62 41 
41 61 78 29 78 61 41 
41 60 78 31 78 60 41 
41 59 78 33 78 59 41 
41 58 78 35 78 58 41 
41 57 78 37 78 57 41 
41 56 78 39 78 56 41 
41 55 78 41 78 55 41 
41 54 78 43 78 54 41 
41 53 78 45 78 53 41 
41 52 78 47 78 52 41 
41 51 78 49 78 51 41 
41 50 78 51 78 50 41 
41 49 78 53 78 49 41 
41 48 78 55 78 48 41 
41 47 78 57 78 47 41 
41 46 78 59 78 46 41 
41 45 78 61 78 45 41 
41 44 78 63 78 44 41 
41 43 78 65 78 43 41 
41 42 78 67 78 42 41 
41 41 78 69 78 41 41 
41 40 78 71 78 40 41 
41 39 78 73 78 39 41 
41 38 78 75 78 38 41 
41 37 78 77 78 37 41 
41 36 78 79 78 36 41 
41 35 78 81 78 35 41 
41 34 78 83 78 34 41 
41 33 78 85 78 33 41 
41 32 78 87 78 32 41 
41 31 78 89 78 31 41 
41 30 78 91 78 30 41 
41 29 78 93 78 29 41 
41 28 78 95 78 28 41 
41 27 78 97 78 27 41 
41 26 78 99 78 26 41 
41 25 78 102 78 25 41 
41 24 79 2 79 24 41 
41 23 80 2 80 23 41 
41 22 81 2 81 22 41 
41 21 82 2 82 21 41 
41 20 83 2 83 20 41 
41 19 84 2 84 19 41 
41 18 85 2 85 18 41 
41 17 86 2 86 17 41 
41 16 87 2 87 16 41 
41 15 88 2 88 15 41 
41 14 89 2 89 14 41 
41 13 90 2 90 13 41 
41 12 91 2 91 12 41 
41 11 92 2 92 11 41 
41 10 93 2 93 10 41 
41 9 94 2 94 9 41 
41 8 95 2 95 8 41 
41 7 96 2 96 7 41 
41 6 97 2 97 6 41 
41 5 98 2 98 5 41 
41 4 99 2 99 4 41 
41 3 100 2 100 3 41 
41 2 102 2 102 2 41 
41 2 0 4 0 2 41 
41 0 101 4 101 0 41 
40 102 102 4 102 102 40 
40 2 0 6 0 2 40 
40 0 101 6 101 0 40 
39 102 102 6 102 102 39 
39 2 0 8 0 2 39 
39 0 101 8 101 0 39 
38 102 102 8 102 102 38 
38 2 0 10 0 2 38 
38 0 101 10 101 0 38 
37 102 102 10 102 102 37 
37 2 0 12 0 2 37 
37 0 101 12 101 0 37 
36 102 102 12 102 102 36 
36 2 0 14 0 2 36 
36 0 101 14 101 0 36 
35 102 102 14 102 102 35 
35 2 0 16 0 2 35 
35 0 101 16 101 0 35 
34 102 102 16 102 102 34 
34 2 0 18 0 2 34 
34 0 101 18 101 0 34 
33 102 102 18 102 102 33 
33 2 0 20 0 2 33 
33 0 101 20 101 0 33 
32 102 102 20 102 102 32 
32 2 0 22 0 2 32 
32 0 101 22 101 0 32 
31 102 102 22 102 102 31 
31 2 0 24 0 2 31 
31 0 101 24 101 0 31 
30 102 102 24 102 102 30 
30 2 0 26 0 2 30 
30 0 101 26 101 0 30 
29 102 102 26 102 102 29 
29 2 0 28 0 2 29 
29 0 101 28 101 0 29 
28 102 102 28 102 102 28 
28 2 0 30 0 2 28 
28 0 101 30 101 0 28 
27 102 102 30 102 102 27 
27 2 0 32 0 2 27 
27 0 101 32 101 0 27 
26 102 102 32 102 102 26 
26 2 0 34 0 2 26 
26 0 101 34 101 0 26 
25 102 102 34 102 102 25 
25 2 0 36 0 2 25 
25 0 101 36 101 0 25 
24 102 102 36 102 102 24 
24 2 0 38 0 2 24 
24 0 101 38 101 0 24 
23 102 102 38 102 102 23 
23 2 0 40 0 2 23 
23 0 101 40 101 0 23 
22 102 102 40 102 102 22 
22 2 0 42 0 2 22 
22 0 101 42 101 0 22 
21 102 102 42 102 102 21 
21 2 0 44 0 2 21 
21 0 101 44 101 0 21 
20 102 102 44 102 102 20 
20 2 0 46 0 2 20 
20 0 101 46 101 0 20 
19 102 102 46 102 102 19 
19 2 0 48 0 2 19 
19 0 101 48 101 0 19 
18 102 102 48 102 102 18 
18 2 0 50 0 2 18 
18 0 101 50 101 0 18 
17 102 102 50 102 102 17 
17 2 0 52 0 2 17 
17 0 101 52 101 0 17 
16 102 102 52 102 102 16 
16 2 0 54 0 2 16 
16 0 101 54 101 0 16 
15 102 102 54 102 102 15 
15 2 0 56 0 2 15 
15 0 101 56 101 0 15 
14 102 102 56 102 102 14 
14 2 0 58 0 2 14 
14 0 101 58 101 0 14 
13 102 102 58 102 102 13 
13 2 0 60 0 2 13 
13 0 101 60 101 0 13 
12 102 102 60 102 102 12 
12 2 0 62 0 2 12 
12 0 101 62 101 0 12 
11 102 102 62 102 102 11 
11 2 0 64 0 2 11 
11 0 101 64 101 0 11 
10 102 102 64 102 102 10 
10 2 0 66 0 2 10 
10 0 101 66 101 0 10 
9 102 102 66 102 102 9 
9 2 0 68 0 2 9 
9 0 101 68 101 0 9 
8 102 102 68 102 102 8 
8 2 0 70 0 2 8 
8 0 101 70 101 0 8 
7 102 102 70 102 102 7 
7 2 0 72 0 2 7 
7 0 101 72 101 0 7 
6 102 102 72 102 102 6 
6 2 0 74 0 2 6 
6 0 101 74 101 0 6 
5 102 102 74 102 102 5 
5 2 0 76 0 2 5 
5 0 101 76 101 0 5 
4 102 102 76 102 102 4 
4 2 0 78 0 2 4 
4 0 101 78 101 0 4 
3 102 102 78 102 102 3 
3 2 0 80 0 2 3 
3 0 101 80 101 0 3 
2 102 102 80 102 102 2 
2 2 0 82 0 2 2 
2 0 101 82 101 0 2 
1 102 102 82 102 102 1 
1 2 0 84 0 2 1 
1 0 101 84 101 0 1 
0 102 102 84 102 102 0 
0 2 0 86 0 2 0 
0 0 101 86 101 0 0 
-1 102 102 86 102 102 -1 
-1 2 0 88 0 2 -1 
-1 1 102 88 102 1 -1 
-1 1 0 90 0 1 -1 
-1 0 102 90 102 0 -1 
-1 0 0 92 0 0 -1 
-1 -1 102 92 102 -1 -1 
-1 -1 1 94 1 -1 -1 
-1 -1 0 96 0 -1 -1 
-1 -1 -1 99 -1 -1 -1 
