0 0 0 0 0 0 0 0 0 0 0 0 0 0 0 0 0 0 0 0 0 0 0 0 0 0 0 1 2 3 3 4 5 6 6 6 5 4 3 3 2 1 0 0 0 0 0 0 0 0 0 0 0 0 0 0 0 0 0 0 0 0 0 0 0 0 0 0 0 
0 0 0 0 0 0 0 0 0 0 0 0 0 0 0 0 0 0 0 0 1 3 6 11 18 29 43 61 1 23 45 66 3 15 19 15 3 66 45 23 1 61 43 29 18 11 6 3 1 0 0 0 0 0 0 0 0 0 0 0 0 0 0 0 0 0 0 0 0 
0 0 0 0 0 0 0 0 0 0 0 0 0 0 0 0 1 4 11 25 53 22 24 74 26 61 26 6 68 22 68 69 46 25 49 25 46 69 68 22 68 6 26 61 26 74 24 22 53 25 11 4 1 0 0 0 0 0 0 0 0 0 0 0 0 0 0 0 0 
0 0 0 0 0 0 0 0 0 0 0 0 0 1 5 17 49 43 46 59 62 26 17 27 29 74 17 38 24 53 73 3 44 74 19 74 44 3 73 53 24 38 17 74 29 27 17 26 62 59 46 43 49 17 5 1 0 0 0 0 0 0 0 0 0 0 0 0 0 
0 0 0 0 0 0 0 0 0 0 0 2 10 40 50 62 75 49 76 34 30 8 71 7 17 71 46 2 62 39 35 19 5 66 3 66 5 19 35 39 62 2 46 71 17 7 71 8 30 34 76 49 75 62 50 40 10 2 0 0 0 0 0 0 0 0 0 0 0 
0 0 0 0 0 0 0 0 0 1 9 48 36 73 32 29 41 25 13 50 62 66 5 61 16 55 58 33 15 16 29 38 3 13 50 13 3 38 29 16 15 33 58 55 16 61 5 66 62 50 13 25 41 29 32 73 36 48 9 1 0 0 0 0 0 0 0 0 0 
0 0 0 0 0 0 0 0 3 26 68 66 33 37 29 60 52 3 5 54 2 23 70 46 11 59 30 21 0 47 35 66 79 16 47 16 79 66 35 47 0 21 30 59 11 46 70 23 2 54 5 3 52 60 29 37 33 66 68 26 3 0 0 0 0 0 0 0 0 
0 0 0 0 0 0 0 4 43 63 21 0 22 4 2 30 2 0 34 66 58 27 55 4 20 13 46 68 59 13 26 38 28 57 17 57 28 38 26 13 59 68 46 13 20 4 55 27 58 66 34 0 2 30 2 4 22 0 21 63 43 4 0 0 0 0 0 0 0 
0 0 0 0 0 0 3 43 69 53 1 16 73 11 14 77 64 73 18 78 30 72 45 23 2 71 38 24 41 57 74 79 38 45 14 45 38 79 74 57 41 24 38 71 2 23 45 72 30 78 18 73 64 77 14 11 73 16 1 53 69 43 3 0 0 0 0 0 0 
0 0 0 0 0 1 26 63 53 49 23 35 32 63 25 75 20 6 2 73 68 13 61 41 54 62 28 7 30 20 43 79 34 45 33 45 34 79 43 20 30 7 28 62 54 41 61 13 68 73 2 6 20 75 25 63 32 35 23 49 53 63 26 1 0 0 0 0 0 
0 0 0 0 0 9 68 21 1 23 36 35 11 61 37 52 29 1 11 47 34 35 62 31 22 19 14 50 29 70 16 47 71 77 47 77 71 47 16 70 29 50 14 19 22 31 62 35 34 47 11 1 29 52 37 61 11 35 36 23 1 21 68 9 0 0 0 0 0 
0 0 0 0 2 48 66 0 16 35 35 67 9 14 3 23 27 20 30 48 15 69 27 73 15 30 51 74 12 37 18 11 49 64 46 64 49 11 18 37 12 74 51 30 15 73 27 69 15 48 30 20 27 23 3 14 9 67 35 35 16 0 66 48 2 0 0 0 0 
0 0 0 0 10 36 33 22 73 32 11 9 29 8 18 28 21 76 21 67 1 55 52 33 51 43 61 50 24 45 59 39 75 32 61 32 75 39 59 45 24 50 61 43 51 33 52 55 1 67 21 76 21 28 18 8 29 9 11 32 73 22 33 36 10 0 0 0 0 
0 0 0 1 40 73 37 4 11 63 61 14 8 38 31 40 44 38 4 59 19 74 41 41 2 72 79 43 17 8 19 36 32 37 12 37 32 36 19 8 17 43 79 72 2 41 41 74 19 59 4 38 44 40 31 38 8 14 61 63 11 4 37 73 40 1 0 0 0 
0 0 0 5 50 32 29 2 14 25 37 3 18 31 23 15 46 28 28 31 34 40 48 47 24 20 79 20 56 41 70 35 74 45 63 45 74 35 70 41 56 20 79 20 24 47 48 40 34 31 28 28 46 15 23 31 18 3 37 25 14 2 29 32 50 5 0 0 0 
0 0 0 17 62 29 60 30 77 75 52 23 28 40 15 11 3 32 65 29 53 15 61 29 12 54 18 55 13 11 41 59 29 16 67 16 29 59 41 11 13 55 18 54 12 29 61 15 53 29 65 32 3 11 15 40 28 23 52 75 77 30 60 29 62 17 0 0 0 
0 0 1 49 75 41 52 2 64 20 29 27 21 44 46 3 44 32 61 65 63 45 59 68 49 51 61 79 12 62 23 63 64 24 67 24 64 63 23 62 12 79 61 51 49 68 59 45 63 65 61 32 44 3 46 44 21 27 29 20 64 2 52 41 75 49 1 0 0 
0 0 4 43 49 25 3 0 73 6 1 20 76 38 28 32 32 23 28 24 71 20 71 14 1 33 67 29 75 30 58 45 60 61 36 61 60 45 58 30 75 29 67 33 1 14 71 20 71 24 28 23 32 32 28 38 76 20 1 6 73 0 3 25 49 43 4 0 0 
0 0 11 46 76 13 5 34 18 2 11 30 21 4 28 65 61 28 24 62 66 79 30 23 10 24 21 5 41 37 14 9 44 30 78 30 44 9 14 37 41 5 21 24 10 23 30 79 66 62 24 28 61 65 28 4 21 30 11 2 18 34 5 13 76 46 11 0 0 
0 0 25 59 34 50 54 66 78 73 47 48 67 59 31 29 65 24 62 53 3 36 23 22 23 23 75 54 67 78 19 4 48 66 61 66 48 4 19 78 67 54 75 23 23 22 23 36 3 53 62 24 65 29 31 59 67 48 47 73 78 66 54 50 34 59 25 0 0 
0 1 53 62 30 62 2 58 30 68 34 15 1 19 34 53 63 71 66 3 38 52 4 76 55 54 65 64 31 52 0 74 9 21 45 21 9 74 0 52 31 64 65 54 55 76 4 52 38 3 66 71 63 53 34 19 1 15 34 68 30 58 2 62 30 62 53 1 0 
0 3 22 26 8 66 23 27 72 13 35 69 55 74 40 15 45 20 79 36 52 9 67 43 76 78 30 6 65 38 68 52 17 0 21 0 17 52 68 38 65 6 30 78 76 43 67 9 52 36 79 20 45 15 40 74 55 69 35 13 72 27 23 66 8 26 22 3 0 
0 6 24 17 71 5 70 55 45 61 62 27 52 41 48 61 59 71 30 23 4 67 8 70 68 33 57 35 28 3 28 1 68 33 8 33 68 1 28 3 28 35 57 33 68 70 8 67 4 23 30 71 59 61 48 41 52 27 62 61 45 55 70 5 71 17 24 6 0 
0 11 74 27 7 61 46 4 23 41 31 73 33 41 47 29 68 14 23 22 76 43 70 67 6 9 56 53 54 30 4 42 67 35 48 35 67 42 4 30 54 53 56 9 6 67 70 43 76 22 23 14 68 29 47 41 33 73 31 41 23 4 46 61 7 27 74 11 0 
0 18 26 29 17 16 11 20 2 54 22 15 51 2 24 12 49 1 10 23 55 76 68 6 27 7 34 52 24 33 7 37 55 46 68 46 55 37 7 33 24 52 34 7 27 6 68 76 55 23 10 1 49 12 24 2 51 15 22 54 2 20 11 16 17 29 26 18 0 
0 29 61 74 71 55 59 13 71 62 19 30 43 72 20 54 51 33 24 23 54 78 33 9 7 75 42 72 19 73 30 33 44 17 55 17 44 33 30 73 19 72 42 75 7 9 33 78 54 23 24 33 51 54 20 72 43 30 19 62 71 13 59 55 71 74 61 29 0 
0 43 26 17 46 58 30 46 38 28 14 51 61 79 79 18 61 67 21 75 65 30 57 56 34 42 39 66 70 77 45 65 62 63 78 63 62 65 45 77 70 66 39 42 34 56 57 30 65 75 21 67 61 18 79 79 61 51 14 28 38 46 30 58 46 17 26 43 0 
1 61 6 38 2 33 21 68 24 7 50 74 50 43 20 55 79 29 5 54 64 6 35 53 52 72 66 28 24 59 13 79 12 19 6 19 12 79 13 59 24 28 66 72 52 53 35 6 64 54 5 29 79 55 20 43 50 74 50 7 24 68 21 33 2 38 6 61 1 
2 1 68 24 62 15 0 59 41 30 29 12 24 17 56 13 12 75 41 67 31 65 28 54 24 19 70 24 76 6 27 59 16 76 17 76 16 59 27 6 76 24 70 19 24 54 28 65 31 67 41 75 12 13 56 17 24 12 29 30 41 59 0 15 62 24 68 1 2 
3 23 22 53 39 16 47 13 57 20 70 37 45 8 41 11 62 30 37 78 52 38 3 30 33 73 77 59 6 76 70 0 49 36 27 36 49 0 70 76 6 59 77 73 33 30 3 38 52 78 37 30 62 11 41 8 45 37 70 20 57 13 47 16 39 53 22 23 3 
3 45 68 73 35 29 35 26 74 43 16 18 59 19 70 41 23 58 14 19 0 68 28 4 7 30 45 13 27 70 21 67 39 1 21 1 39 67 21 70 27 13 45 30 7 4 28 68 0 19 14 58 23 41 70 19 59 18 16 43 74 26 35 29 35 73 68 45 3 
4 66 69 3 19 38 66 38 79 79 47 11 39 36 35 59 63 45 9 4 74 52 1 42 37 33 65 79 59 0 67 58 71 72 4 72 71 58 67 0 59 79 65 33 37 42 1 52 74 4 9 45 63 59 35 36 39 11 47 79 79 38 66 38 19 3 69 66 4 
5 3 46 44 5 3 79 28 38 34 71 49 75 32 74 29 64 60 44 48 9 17 68 67 55 44 62 12 16 49 39 71 64 42 15 42 64 71 39 49 16 12 62 44 55 67 68 17 9 48 44 60 64 29 74 32 75 49 71 34 38 28 79 3 5 44 46 3 5 
6 15 25 74 66 13 16 57 45 45 77 64 32 37 45 16 24 61 30 66 21 0 33 35 46 17 63 19 76 36 1 72 42 73 52 73 42 72 1 36 76 19 63 17 46 35 33 0 21 66 30 61 24 16 45 37 32 64 77 45 45 57 16 13 66 74 25 15 6 
6 19 49 19 3 50 47 17 14 33 47 46 61 12 63 67 67 36 78 61 45 21 8 48 68 55 78 6 17 27 21 4 15 52 52 52 15 4 21 27 17 6 78 55 68 48 8 21 45 61 78 36 67 67 63 12 61 46 47 33 14 17 47 50 3 19 49 19 6 
6 15 25 74 66 13 16 57 45 45 77 64 32 37 45 16 24 61 30 66 21 0 33 35 46 17 63 19 76 36 1 72 42 73 52 73 42 72 1 36 76 19 63 17 46 35 33 0 21 66 30 61 24 16 45 37 32 64 77 45 45 57 16 13 66 74 25 15 6 
5 3 46 44 5 3 79 28 38 34 71 49 75 32 74 29 64 60 44 48 9 17 68 67 55 44 62 12 16 49 39 71 64 42 15 42 64 71 39 49 16 12 62 44 55 67 68 17 9 48 44 60 64 29 74 32 75 49 71 34 38 28 79 3 5 44 46 3 5 
4 66 69 3 19 38 66 38 79 79 47 11 39 36 35 59 63 45 9 4 74 52 1 42 37 33 65 79 59 0 67 58 71 72 4 72 71 58 67 0 59 79 65 33 37 42 1 52 74 4 9 45 63 59 35 36 39 11 47 79 79 38 66 38 19 3 69 66 4 
3 45 68 73 35 29 35 26 74 43 16 18 59 19 70 41 23 58 14 19 0 68 28 4 7 30 45 13 27 70 21 67 39 1 21 1 39 67 21 70 27 13 45 30 7 4 28 68 0 19 14 58 23 41 70 19 59 18 16 43 74 26 35 29 35 73 68 45 3 
3 23 22 53 39 16 47 13 57 20 70 37 45 8 41 11 62 30 37 78 52 38 3 30 33 73 77 59 6 76 70 0 49 36 27 36 49 0 70 76 6 59 77 73 33 30 3 38 52 78 37 30 62 11 41 8 45 37 70 20 57 13 47 16 39 53 22 23 3 
2 1 68 24 62 15 0 59 41 30 29 12 24 17 56 13 12 75 41 67 31 65 28 54 24 19 70 24 76 6 27 59 16 76 17 76 16 59 27 6 76 24 70 19 24 54 28 65 31 67 41 75 12 13 56 17 24 12 29 30 41 59 0 15 62 24 68 1 2 
1 61 6 38 2 33 21 68 24 7 50 74 50 43 20 55 79 29 5 54 64 6 35 53 52 72 66 28 24 59 13 79 12 19 6 19 12 79 13 59 24 28 66 72 52 53 35 6 64 54 5 29 79 55 20 43 50 74 50 7 24 68 21 33 2 38 6 61 1 
0 43 26 17 46 58 30 46 38 28 14 51 61 79 79 18 61 67 21 75 65 30 57 56 34 42 39 66 70 77 45 65 62 63 78 63 62 65 45 77 70 66 39 42 34 56 57 30 65 75 21 67 61 18 79 79 61 51 14 28 38 46 30 58 46 17 26 43 0 
0 29 61 74 71 55 59 13 71 62 19 30 43 72 20 54 51 33 24 23 54 78 33 9 7 75 42 72 19 73 30 33 44 17 55 17 44 33 30 73 19 72 42 75 7 9 33 78 54 23 24 33 51 54 20 72 43 30 19 62 71 13 59 55 71 74 61 29 0 
0 18 26 29 17 16 11 20 2 54 22 15 51 2 24 12 49 1 10 23 55 76 68 6 27 7 34 52 24 33 7 37 55 46 68 46 55 37 7 33 24 52 34 7 27 6 68 76 55 23 10 1 49 12 24 2 51 15 22 54 2 20 11 16 17 29 26 18 0 
0 11 74 27 7 61 46 4 23 41 31 73 33 41 47 29 68 14 23 22 76 43 70 67 6 9 56 53 54 30 4 42 67 35 48 35 67 42 4 30 54 53 56 9 6 67 70 43 76 22 23 14 68 29 47 41 33 73 31 41 23 4 46 61 7 27 74 11 0 
0 6 24 17 71 5 70 55 45 61 62 27 52 41 48 61 59 71 30 23 4 67 8 70 68 33 57 35 28 3 28 1 68 33 8 33 68 1 28 3 28 35 57 33 68 70 8 67 4 23 30 71 59 61 48 41 52 27 62 61 45 55 70 5 71 17 24 6 0 
0 3 22 26 8 66 23 27 72 13 35 69 55 74 40 15 45 20 79 36 52 9 67 43 76 78 30 6 65 38 68 52 17 0 21 0 17 52 68 38 65 6 30 78 76 43 67 9 52 36 79 20 45 15 40 74 55 69 35 13 72 27 23 66 8 26 22 3 0 
0 1 53 62 30 62 2 58 30 68 34 15 1 19 34 53 63 71 66 3 38 52 4 76 55 54 65 64 31 52 0 74 9 21 45 21 9 74 0 52 31 64 65 54 55 76 4 52 38 3 66 71 63 53 34 19 1 15 34 68 30 58 2 62 30 62 53 1 0 
0 0 25 59 34 50 54 66 78 73 47 48 67 59 31 29 65 24 62 53 3 36 23 22 23 23 75 54 67 78 19 4 48 66 61 66 48 4 19 78 67 54 75 23 23 22 23 36 3 53 62 24 65 29 31 59 67 48 47 73 78 66 54 50 34 59 25 0 0 
0 0 11 46 76 13 5 34 18 2 11 30 21 4 28 65 61 28 24 62 66 79 30 23 10 24 21 5 41 37 14 9 44 30 78 30 44 9 14 37 41 5 21 24 10 23 30 79 66 62 24 28 61 65 28 4 21 30 11 2 18 34 5 13 76 46 11 0 0 
0 0 4 43 49 25 3 0 73 6 1 20 76 38 28 32 32 23 28 24 71 20 71 14 1 33 67 29 75 30 58 45 60 61 36 61 60 45 58 30 75 29 67 33 1 14 71 20 71 24 28 23 32 32 28 38 76 20 1 6 73 0 3 25 49 43 4 0 0 
0 0 1 49 75 41 52 2 64 20 29 27 21 44 46 3 44 32 61 65 63 45 59 68 49 51 61 79 12 62 23 63 64 24 67 24 64 63 23 62 12 79 61 51 49 68 59 45 63 65 61 32 44 3 46 44 21 27 29 20 64 2 52 41 75 49 1 0 0 
0 0 0 17 62 29 60 30 77 75 52 23 28 40 15 11 3 32 65 29 53 15 61 29 12 54 18 55 13 11 41 59 29 16 67 16 29 59 41 11 13 55 18 54 12 29 61 15 53 29 65 32 3 11 15 40 28 23 52 75 77 30 60 29 62 17 0 0 0 
0 0 0 5 50 32 29 2 14 25 37 3 18 31 23 15 46 28 28 31 34 40 48 47 24 20 79 20 56 41 70 35 74 45 63 45 74 35 70 41 56 20 79 20 24 47 48 40 34 31 28 28 46 15 23 31 18 3 37 25 14 2 29 32 50 5 0 0 0 
0 0 0 1 40 73 37 4 11 63 61 14 8 38 31 40 44 38 4 59 19 74 41 41 2 72 79 43 17 8 19 36 32 37 12 37 32 36 19 8 17 43 79 72 2 41 41 74 19 59 4 38 44 40 31 38 8 14 61 63 11 4 37 73 40 1 0 0 0 
0 0 0 0 10 36 33 22 73 32 11 9 29 8 18 28 21 76 21 67 1 55 52 33 51 43 61 50 24 45 59 39 75 32 61 32 75 39 59 45 24 50 61 43 51 33 52 55 1 67 21 76 21 28 18 8 29 9 11 32 73 22 33 36 10 0 0 0 0 
0 0 0 0 2 48 66 0 16 35 35 67 9 14 3 23 27 20 30 48 15 69 27 73 15 30 51 74 12 37 18 11 49 64 46 64 49 11 18 37 12 74 51 30 15 73 27 69 15 48 30 20 27 23 3 14 9 67 35 35 16 0 66 48 2 0 0 0 0 
0 0 0 0 0 9 68 21 1 23 36 35 11 61 37 52 29 1 11 47 34 35 62 31 22 19 14 50 29 70 16 47 71 77 47 77 71 47 16 70 29 50 14 19 22 31 62 35 34 47 11 1 29 52 37 61 11 35 36 23 1 21 68 9 0 0 0 0 0 
0 0 0 0 0 1 26 63 53 49 23 35 32 63 25 75 20 6 2 73 68 13 61 41 54 62 28 7 30 20 43 79 34 45 33 45 34 79 43 20 30 7 28 62 54 41 61 13 68 73 2 6 20 75 25 63 32 35 23 49 53 63 26 1 0 0 0 0 0 
0 0 0 0 0 0 3 43 69 53 1 16 73 11 14 77 64 73 18 78 30 72 45 23 2 71 38 24 41 57 74 79 38 45 14 45 38 79 74 57 41 24 38 71 2 23 45 72 30 78 18 73 64 77 14 11 73 16 1 53 69 43 3 0 0 0 0 0 0 
0 0 0 0 0 0 0 4 43 63 21 0 22 4 2 30 2 0 34 66 58 27 55 4 20 13 46 68 59 13 26 38 28 57 17 57 28 38 26 13 59 68 46 13 20 4 55 27 58 66 34 0 2 30 2 4 22 0 21 63 43 4 0 0 0 0 0 0 0 
0 0 0 0 0 0 0 0 3 26 68 66 33 37 29 60 52 3 5 54 2 23 70 46 11 59 30 21 0 47 35 66 79 16 47 16 79 66 35 47 0 21 30 59 11 46 70 23 2 54 5 3 52 60 29 37 33 66 68 26 3 0 0 0 0 0 0 0 0 
0 0 0 0 0 0 0 0 0 1 9 48 36 73 32 29 41 25 13 50 62 66 5 61 16 55 58 33 15 16 29 38 3 13 50 13 3 38 29 16 15 33 58 55 16 61 5 66 62 50 13 25 41 29 32 73 36 48 9 1 0 0 0 0 0 0 0 0 0 
0 0 0 0 0 0 0 0 0 0 0 2 10 40 50 62 75 49 76 34 30 8 71 7 17 71 46 2 62 39 35 19 5 66 3 66 5 19 35 39 62 2 46 71 17 7 71 8 30 34 76 49 75 62 50 40 10 2 0 0 0 0 0 0 0 0 0 0 0 
0 0 0 0 0 0 0 0 0 0 0 0 0 1 5 17 49 43 46 59 62 26 17 27 29 74 17 38 24 53 73 3 44 74 19 74 44 3 73 53 24 38 17 74 29 27 17 26 62 59 46 43 49 17 5 1 0 0 0 0 0 0 0 0 0 0 0 0 0 
0 0 0 0 0 0 0 0 0 0 0 0 0 0 0 0 1 4 11 25 53 22 24 74 26 61 26 6 68 22 68 69 46 25 49 25 46 69 68 22 68 6 26 61 26 74 24 22 53 25 11 4 1 0 0 0 0 0 0 0 0 0 0 0 0 0 0 0 0 
0 0 0 0 0 0 0 0 0 0 0 0 0 0 0 0 0 0 0 0 1 3 6 11 18 29 43 61 1 23 45 66 3 15 19 15 3 66 45 23 1 61 43 29 18 11 6 3 1 0 0 0 0 0 0 0 0 0 0 0 0 0 0 0 0 0 0 0 0 
0 0 0 0 0 0 0 0 0 0 0 0 0 0 0 0 0 0 0 0 0 0 0 0 0 0 0 1 2 3 3 4 5 6 6 6 5 4 3 3 2 1 0 0 0 0 0 0 0 0 0 0 0 0 0 0 0 0 0 0 0 0 0 0 0 0 0 0 0 
