-1 -1 -1 -1 -1 0 95 0 -1 -1 -1 -1 -1 
-1 -1 -1 -1 0 90 11 90 0 -1 -1 -1 -1 
-1 -1 -1 -1 98 95 6 95 98 -1 -1 -1 -1 
-1 -1 -1 0 91 11 86 11 91 0 -1 -1 -1 
-1 -1 -1 2 78 42 45 42 78 2 -1 -1 -1 
-1 -1 -1 5 59 88 87 88 59 5 -1 -1 -1 
-1 -1 -1 9 35 47 10 47 35 9 -1 -1 -1 
-1 -1 -1 14 5 17 17 17 5 14 -1 -1 -1 
-1 -1 -1 19 72 101 5 101 72 19 -1 -1 -1 
-1 -1 -1 25 33 97 80 97 33 25 -1 -1 -1 
-1 -1 -1 31 93 1 40 1 93 31 -1 -1 -1 
-1 -1 -1 38 47 16 87 16 47 38 -1 -1 -1 
-1 -1 -1 45 99 42 17 42 99 45 -1 -1 -1 
-1 -1 -1 53 45 80 33 80 45 53 -1 -1 -1 
-1 -1 -1 61 90 25 37 25 90 61 -1 -1 -1 
-1 -1 -1 70 29 82 27 82 29 70 -1 -1 -1 
-1 -1 -1 79 66 47 4 47 66 79 -1 -1 -1 
-1 -1 -1 88 102 18 72 18 102 88 -1 -1 -1 
-1 -1 -1 99 32 101 25 101 32 99 -1 -1 -1 
-1 -1 0 7 61 91 68 91 61 7 0 -1 -1 
-1 -1 1 15 89 88 102 88 89 15 1 -1 -1 
-1 -1 2 24 12 95 23 95 12 24 2 -1 -1 
-1 -1 3 33 34 6 36 6 34 33 3 -1 -1 
-1 -1 4 42 54 24 39 24 54 42 4 -1 -1 
-1 -1 5 51 72 49 32 49 72 51 5 -1 -1 
-1 -1 6 60 89 82 14 82 89 60 6 -1 -1 
-1 -1 7 70 2 19 91 19 2 70 7 -1 -1 
-1 -1 8 80 13 64 58 64 13 80 8 -1 -1 
-1 -1 9 90 23 13 16 13 23 90 9 -1 -1 
-1 -1 10 101 31 69 67 69 31 101 10 -1 -1 
-1 -1 12 9 39 29 9 29 39 9 12 -1 -1 
-1 -1 14 17 45 96 43 96 45 17 14 -1 -1 
-1 -1 16 25 50 67 71 67 50 25 16 -1 -1 
-1 -1 18 33 54 42 94 42 54 33 18 -1 -1 
-1 -1 20 41 57 22 8 22 57 41 20 -1 -1 
-1 -1 22 49 59 5 16 5 59 49 22 -1 -1 
-1 -1 24 57 59 95 16 95 59 57 24 -1 -1 
-1 -1 26 65 58 89 9 89 58 65 26 -1 -1 
-1 -1 28 73 56 86 99 86 56 73 28 -1 -1 
-1 -1 30 81 53 87 83 87 53 81 30 -1 -1 
-1 -1 32 89 49 92 61 92 49 89 32 -1 -1 
-1 -1 34 98 44 102 32 102 44 98 34 -1 -1 
-1 -1 37 4 40 12 102 12 40 4 37 -1 -1 
-1 -1 40 10 35 26 66 26 35 10 40 -1 -1 
-1 -1 43 16 29 44 23 44 29 16 43 -1 -1 
-1 -1 46 22 22 65 77 65 22 22 46 -1 -1 
-1 -1 49 28 14 91 24 91 14 28 49 -1 -1 
-1 -1 52 34 5 17 70 17 5 34 52 -1 -1 
-1 -1 55 39 98 46 9 46 98 39 55 -1 -1 
-1 -1 58 44 90 79 44 79 90 44 58 -1 -1 
-1 -1 61 49 82 12 78 12 82 49 61 -1 -1 
-1 -1 64 54 73 49 5 49 73 54 64 -1 -1 
-1 -1 67 59 63 90 28 90 63 59 67 -1 -1 
-1 -1 70 64 53 31 49 31 53 64 70 -1 -1 
-1 -1 73 69 42 76 66 76 42 69 73 -1 -1 
-1 -1 76 74 31 21 81 21 31 74 76 -1 -1 
-1 -1 79 79 19 70 92 70 19 79 79 -1 -1 
-1 -1 82 84 6 19 102 19 6 84 82 -1 -1 
-1 -1 85 88 95 72 5 72 95 88 85 -1 -1 
-1 -1 88 92 84 25 6 25 84 92 88 -1 -1 
-1 -1 91 96 72 82 2 82 72 96 91 -1 -1 
-1 -1 94 101 60 38 99 38 60 101 94 -1 -1 
-1 -1 99 3 48 98 92 98 48 3 99 -1 -1 
-1 0 1 6 36 59 83 59 36 6 1 0 -1 
-1 1 3 9 24 20 72 20 24 9 3 1 -1 
-1 2 5 12 10 85 57 85 10 12 5 2 -1 
-1 3 7 14 99 50 40 50 99 14 7 3 -1 
-1 4 9 16 88 15 20 15 88 16 9 4 -1 
-1 5 11 18 76 83 99 83 76 18 11 5 -1 
-1 6 13 20 64 52 76 52 64 20 13 6 -1 
-1 7 15 22 52 21 51 21 52 22 15 7 -1 
-1 8 17 24 39 94 21 94 39 24 17 8 -1 
-1 9 19 26 26 67 92 67 26 26 19 9 -1 
-1 10 21 28 12 41 61 41 12 28 21 10 -1 
-1 11 23 29 101 14 27 14 101 29 23 11 -1 
-1 12 25 30 89 90 92 90 89 30 25 12 -1 
-1 13 27 31 77 67 55 67 77 31 27 13 -1 
-1 14 29 32 65 45 15 45 65 32 29 14 -1 
-1 15 31 33 53 23 76 23 53 33 31 15 -1 
-1 16 33 34 41 1 34 1 41 34 33 16 -1 
-1 17 35 35 28 82 91 82 28 35 35 17 -1 
-1 18 37 36 15 64 45 64 15 36 37 18 -1 
-1 19 39 37 1 46 100 46 1 37 39 19 -1 
-1 20 41 37 90 28 53 28 90 37 41 20 -1 
-1 21 43 37 79 10 3 10 79 37 43 21 -1 
-1 22 45 37 67 95 51 95 67 37 45 22 -1 
-1 23 47 37 55 80 100 80 55 37 47 23 -1 
-1 24 49 37 43 66 46 66 43 37 49 24 -1 
-1 25 51 37 31 52 93 52 31 37 51 25 -1 
-1 26 53 37 19 39 37 39 19 37 53 26 -1 
-1 27 55 37 6 26 82 26 6 37 55 27 -1 
-1 28 57 36 96 12 24 12 96 36 57 28 -1 
-1 29 59 35 85 101 65 101 85 35 59 29 -1 
-1 30 61 34 74 91 3 91 74 34 61 30 -1 
-1 31 63 33 63 81 41 81 63 33 63 31 -1 
-1 32 65 32 52 71 80 71 52 32 65 32 -1 
-1 33 67 31 41 62 16 62 41 31 67 33 -1 
-1 34 69 30 30 53 52 53 30 30 69 34 -1 
-1 35 71 29 19 44 89 44 19 29 71 35 -1 
-1 36 73 28 7 36 23 36 7 28 73 36 -1 
-1 37 75 26 98 27 57 27 98 26 75 37 -1 
-1 38 77 24 89 18 92 18 89 24 77 38 -1 
-1 39 79 22 80 10 24 10 80 22 79 39 -1 
-1 40 81 20 71 1 56 1 71 20 81 40 -1 
-1 41 83 18 61 95 87 95 61 18 83 41 -1 
-1 42 85 16 51 90 15 90 51 16 85 42 -1 
-1 43 87 14 41 85 43 85 41 14 87 43 -1 
-1 44 89 12 31 80 71 80 31 12 89 44 -1 
-1 45 91 10 21 75 100 75 21 10 91 45 -1 
-1 46 93 8 10 71 26 71 10 8 93 46 -1 
-1 47 95 5 102 66 52 66 102 5 95 47 -1 
-1 48 97 1 94 61 79 61 94 1 97 48 -1 
-1 49 98 100 85 57 3 57 85 100 98 49 -1 
-1 50 99 99 76 53 27 53 76 99 99 50 -1 
-1 51 100 98 67 49 51 49 67 98 100 51 -1 
-1 52 102 97 58 45 75 45 58 97 102 52 -1 
-1 54 0 97 49 41 100 41 49 97 0 54 -1 
-1 55 102 96 40 38 22 38 40 96 102 55 -1 
-1 57 0 96 31 35 44 35 31 96 0 57 -1 
-1 58 102 95 22 32 66 32 22 95 102 58 -1 
-1 60 0 95 13 29 89 29 13 95 0 60 -1 
-1 61 102 94 3 27 9 27 3 94 102 61 -1 
-1 63 0 93 96 24 29 24 96 93 0 63 -1 
-1 64 102 91 89 21 49 21 89 91 102 64 -1 
-1 66 0 90 82 18 69 18 82 90 0 66 -1 
-1 67 102 88 75 15 90 15 75 88 102 67 -1 
-1 69 0 87 68 13 8 13 68 87 0 69 -1 
-1 70 102 85 61 11 26 11 61 85 102 70 -1 
-1 72 0 84 54 9 44 9 54 84 0 72 -1 
-1 73 102 82 47 7 62 7 47 82 102 73 -1 
-1 75 0 81 40 5 80 5 40 81 0 75 -1 
-1 76 102 79 33 3 99 3 33 79 102 76 -1 
-1 78 0 78 26 2 15 2 26 78 0 78 -1 
-1 79 102 76 19 0 31 0 19 76 102 79 -1 
-1 81 0 75 11 102 45 102 11 75 0 81 -1 
-1 82 102 73 3 0 61 0 3 73 102 82 -1 
-1 84 0 71 97 100 75 100 97 71 0 84 -1 
-1 85 102 68 91 100 90 100 91 68 102 85 -1 
-1 87 0 66 85 102 2 102 85 66 0 87 -1 
-1 88 102 63 80 0 16 0 80 63 102 88 -1 
-1 90 0 61 74 102 28 102 74 61 0 90 -1 
-1 91 102 58 69 0 42 0 69 58 102 91 -1 
-1 93 0 56 63 102 54 102 63 56 0 93 -1 
-1 94 102 53 58 0 68 0 58 53 102 94 -1 
-1 96 0 51 52 102 80 102 52 51 0 96 -1 
-1 97 102 48 47 1 95 1 47 48 102 97 -1 
-1 99 0 46 42 1 7 1 42 46 0 99 -1 
-1 101 102 43 37 1 19 1 37 43 102 101 -1 
0 1 2 41 32 1 31 1 32 41 2 1 0 
1 1 2 39 27 1 43 1 27 39 2 1 1 
2 1 2 37 22 1 55 1 22 37 2 1 2 
3 1 2 35 17 1 67 1 17 35 2 1 3 
4 1 2 33 12 1 79 1 12 33 2 1 4 
5 1 2 31 6 0 91 0 6 31 2 1 5 
6 1 2 28 102 102 102 102 102 28 2 1 6 
7 1 2 25 99 2 12 2 99 25 2 1 7 
8 1 2 22 96 2 22 2 96 22 2 1 8 
9 1 2 19 93 2 32 2 93 19 2 1 9 
10 1 2 16 90 2 42 2 90 16 2 1 10 
11 1 2 13 87 2 52 2 87 13 2 1 11 
12 1 2 10 84 2 62 2 84 10 2 1 12 
13 1 2 7 81 2 72 2 81 7 2 1 13 
14 0 1 3 78 2 82 2 78 3 1 0 14 
14 102 102 101 74 2 93 2 74 101 102 102 14 
15 2 0 100 70 3 1 3 70 100 0 2 15 
16 0 101 98 66 4 9 4 66 98 101 0 16 
16 102 102 96 62 5 17 5 62 96 102 102 16 
17 2 0 95 58 6 25 6 58 95 0 2 17 
18 0 101 93 54 7 33 7 54 93 101 0 18 
18 102 102 91 50 8 41 8 50 91 102 102 18 
19 2 0 90 46 9 49 9 46 90 0 2 19 
20 0 101 88 42 10 57 10 42 88 101 0 20 
20 102 102 86 38 11 65 11 38 86 102 102 20 
21 2 0 85 34 12 73 12 34 85 0 2 21 
22 0 101 83 30 13 81 13 30 83 101 0 22 
22 102 102 81 26 14 89 14 26 81 102 102 22 
23 2 0 80 22 15 98 15 22 80 0 2 23 
24 0 101 78 18 17 4 17 18 78 101 0 24 
24 102 102 76 14 19 10 19 14 76 102 102 24 
25 2 0 75 10 21 16 21 10 75 0 2 25 
26 0 101 73 6 23 22 23 6 73 101 0 26 
26 102 102 71 1 25 28 25 1 71 102 102 26 
27 2 0 69 99 26 34 26 99 69 0 2 27 
28 0 101 66 97 27 40 27 97 66 101 0 28 
28 102 102 63 95 28 46 28 95 63 102 102 28 
29 2 0 61 93 29 52 29 93 61 0 2 29 
30 0 101 58 91 30 58 30 91 58 101 0 30 
30 102 102 55 89 31 64 31 89 55 102 102 30 
31 2 0 53 87 32 70 32 87 53 0 2 31 
32 0 101 50 85 33 76 33 85 50 101 0 32 
32 102 102 47 83 34 82 34 83 47 102 102 32 
33 2 0 45 81 35 88 35 81 45 0 2 33 
34 0 101 42 79 36 94 36 79 42 101 0 34 
34 102 102 39 77 37 101 37 77 39 102 102 34 
35 2 0 37 75 39 5 39 75 37 0 2 35 
36 0 101 34 73 41 9 41 73 34 101 0 36 
36 102 102 31 71 43 13 43 71 31 102 102 36 
37 2 0 29 69 45 17 45 69 29 0 2 37 
38 0 101 26 67 47 21 47 67 26 101 0 38 
38 102 102 23 65 49 25 49 65 23 102 102 38 
39 2 0 21 63 51 29 51 63 21 0 2 39 
40 0 101 18 61 53 33 53 61 18 101 0 40 
40 102 102 15 59 55 37 55 59 15 102 102 40 
41 2 0 13 57 57 41 57 57 13 0 2 41 
42 0 101 10 55 59 45 59 55 10 101 0 42 
42 102 101 7 53 61 49 61 53 7 101 102 42 
43 0 102 3 51 63 53 63 51 3 102 0 43 
43 102 101 102 48 65 57 65 48 102 101 102 43 
44 0 101 101 45 67 61 67 45 101 101 0 44 
44 102 100 100 42 69 65 69 42 100 100 102 44 
45 0 100 99 39 71 69 71 39 99 100 0 45 
45 102 99 98 36 73 73 73 36 98 99 102 45 
46 0 99 97 33 75 77 75 33 97 99 0 46 
46 102 98 96 30 77 81 77 30 96 98 102 46 
47 0 98 95 27 79 85 79 27 95 98 0 47 
47 102 97 94 24 81 89 81 24 94 97 102 47 
48 0 97 93 21 83 93 83 21 93 97 0 48 
48 102 96 92 18 85 97 85 18 92 96 102 48 
49 0 96 91 15 87 102 87 15 91 96 0 49 
49 102 95 90 12 90 4 90 12 90 95 102 49 
50 0 95 89 9 93 6 93 9 89 95 0 50 
50 102 94 88 6 96 8 96 6 88 94 102 50 
51 0 94 87 2 99 10 99 2 87 94 0 51 
51 102 93 85 101 102 12 102 101 85 93 102 51 
52 0 93 83 101 2 16 2 101 83 93 0 52 
52 102 92 81 101 2 20 2 101 81 92 102 52 
53 0 92 79 101 2 24 2 101 79 92 0 53 
53 102 91 77 101 2 28 2 101 77 91 102 53 
54 0 91 75 101 2 32 2 101 75 91 0 54 
54 102 90 73 101 2 36 2 101 73 90 102 54 
55 0 90 71 101 2 40 2 101 71 90 0 55 
55 102 89 69 101 2 44 2 101 69 89 102 55 
56 0 89 67 101 2 48 2 101 67 89 0 56 
56 102 88 65 101 2 52 2 101 65 88 102 56 
57 0 88 63 101 2 56 2 101 63 88 0 57 
57 102 87 61 101 2 60 2 101 61 87 102 57 
58 0 87 59 101 2 64 2 101 59 87 0 58 
58 102 86 57 101 2 68 2 101 57 86 102 58 
59 0 86 55 101 2 72 2 101 55 86 0 59 
59 102 85 53 101 2 76 2 101 53 85 102 59 
60 0 85 51 101 2 80 2 101 51 85 0 60 
60 102 84 49 101 2 84 2 101 49 84 102 60 
61 0 84 47 101 2 88 2 101 47 84 0 61 
61 102 83 45 101 2 92 2 101 45 83 102 61 
62 0 83 43 101 2 96 2 101 43 83 0 62 
62 102 82 41 101 2 101 2 101 41 82 102 62 
63 0 82 39 101 3 3 3 101 39 82 0 63 
63 102 81 37 101 4 5 4 101 37 81 102 63 
64 0 81 35 101 5 7 5 101 35 81 0 64 
64 102 80 33 101 6 9 6 101 33 80 102 64 
65 0 80 31 101 7 11 7 101 31 80 0 65 
65 102 79 29 101 8 13 8 101 29 79 102 65 
66 0 79 27 101 9 15 9 101 27 79 0 66 
66 102 78 25 101 10 17 10 101 25 78 102 66 
67 0 78 23 101 11 19 11 101 23 78 0 67 
67 102 77 21 101 12 21 12 101 21 77 102 67 
68 0 77 19 101 13 23 13 101 19 77 0 68 
68 102 76 17 101 14 25 14 101 17 76 102 68 
69 0 76 15 101 15 27 15 101 15 76 0 69 
69 102 75 13 101 16 29 16 101 13 75 102 69 
70 0 75 11 101 17 31 17 101 11 75 0 70 
70 102 74 9 101 18 33 18 101 9 74 102 70 
71 0 74 7 101 19 35 19 101 7 74 0 71 
71 102 73 5 101 20 37 20 101 5 73 102 71 
72 0 73 2 101 21 39 21 101 2 73 0 72 
72 102 71 102 100 22 41 22 100 102 71 102 72 
73 0 70 102 99 23 43 23 99 102 70 0 73 
73 102 68 102 98 24 45 24 98 102 68 102 73 
74 0 67 102 97 25 47 25 97 102 67 0 74 
74 102 65 102 96 26 49 26 96 102 65 102 74 
75 0 64 102 95 27 51 27 95 102 64 0 75 
75 102 62 102 94 28 53 28 94 102 62 102 75 
76 0 61 102 93 29 55 29 93 102 61 0 76 
76 102 59 102 92 30 57 30 92 102 59 102 76 
77 0 58 102 91 31 59 31 91 102 58 0 77 
77 102 56 102 90 32 61 32 90 102 56 102 77 
78 0 55 102 89 33 63 33 89 102 55 0 78 
78 102 53 102 88 34 65 34 88 102 53 102 78 
79 0 52 102 87 35 67 35 87 102 52 0 79 
79 102 50 102 86 36 69 36 86 102 50 102 79 
80 0 49 102 85 37 71 37 85 102 49 0 80 
80 102 47 102 84 38 73 38 84 102 47 102 80 
81 0 46 102 83 39 75 39 83 102 46 0 81 
81 102 44 102 82 40 77 40 82 102 44 102 81 
82 0 43 102 81 41 79 41 81 102 43 0 82 
82 102 41 102 80 42 81 42 80 102 41 102 82 
83 0 40 102 79 43 83 43 79 102 40 0 83 
83 102 38 102 78 44 85 44 78 102 38 102 83 
84 0 37 102 77 45 87 45 77 102 37 0 84 
84 102 35 102 76 46 89 46 76 102 35 102 84 
85 0 34 102 75 47 91 47 75 102 34 0 85 
85 102 32 102 74 48 93 48 74 102 32 102 85 
86 0 31 102 73 49 95 49 73 102 31 0 86 
86 102 29 102 72 50 97 50 72 102 29 102 86 
87 0 28 102 71 51 99 51 71 102 28 0 87 
87 102 26 102 70 52 102 52 70 102 26 102 87 
88 0 25 102 69 54 2 54 69 102 25 0 88 
88 102 23 102 68 56 2 56 68 102 23 102 88 
89 0 22 102 67 58 2 58 67 102 22 0 89 
89 102 20 102 66 60 2 60 66 102 20 102 89 
90 0 19 102 65 62 2 62 65 102 19 0 90 
90 102 17 102 64 64 2 64 64 102 17 102 90 
91 0 16 102 63 66 2 66 63 102 16 0 91 
91 102 14 102 62 68 2 68 62 102 14 102 91 
92 0 13 102 61 70 2 70 61 102 13 0 92 
92 102 11 102 60 72 2 72 60 102 11 102 92 
93 0 10 102 59 74 2 74 59 102 10 0 93 
93 102 8 102 58 76 2 76 58 102 8 102 93 
94 0 7 102 57 78 2 78 57 102 7 0 94 
94 101 5 102 56 80 2 80 56 102 5 101 94 
94 102 2 102 55 82 2 82 55 102 2 102 94 
94 102 102 101 54 84 2 84 54 101 102 102 94 
94 102 102 100 53 86 2 86 53 100 102 102 94 
94 102 102 99 52 88 2 88 52 99 102 102 94 
94 102 102 98 51 90 2 90 51 98 102 102 94 
94 102 102 97 50 92 2 92 50 97 102 102 94 
94 102 102 96 49 94 2 94 49 96 102 102 94 
94 102 102 95 48 96 2 96 48 95 102 102 94 
94 102 102 94 47 98 2 98 47 94 102 102 94 
94 102 102 93 46 101 2 101 46 93 102 102 94 
94 102 102 92 46 1 4 1 46 92 102 102 94 
94 102 102 91 46 1 6 1 46 91 102 102 94 
94 102 102 90 46 1 8 1 46 90 102 102 94 
94 102 102 89 46 1 10 1 46 89 102 102 94 
94 102 102 88 46 1 12 1 46 88 102 102 94 
94 102 102 87 46 1 14 1 46 87 102 102 94 
94 102 102 86 46 1 16 1 46 86 102 102 94 
94 102 102 85 46 1 18 1 46 85 102 102 94 
94 102 102 84 46 1 20 1 46 84 102 102 94 
94 102 102 83 46 1 22 1 46 83 102 102 94 
94 102 102 82 46 1 24 1 46 82 102 102 94 
94 102 102 81 46 1 26 1 46 81 102 102 94 
94 102 102 80 46 1 28 1 46 80 102 102 94 
94 102 102 79 46 1 30 1 46 79 102 102 94 
94 102 102 78 46 1 32 1 46 78 102 102 94 
94 102 102 77 46 1 34 1 46 77 102 102 94 
94 102 102 76 46 1 36 1 46 76 102 102 94 
94 102 102 75 46 1 38 1 46 75 102 102 94 
94 102 102 74 46 1 40 1 46 74 102 102 94 
94 102 102 73 46 1 42 1 46 73 102 102 94 
94 102 102 72 46 1 44 1 46 72 102 102 94 
94 102 102 71 46 1 46 1 46 71 102 102 94 
94 102 102 70 46 1 48 1 46 70 102 102 94 
94 102 102 69 46 1 50 1 46 69 102 102 94 
94 102 102 68 46 1 52 1 46 68 102 102 94 
94 102 102 67 46 1 54 1 46 67 102 102 94 
94 102 102 66 46 1 56 1 46 66 102 102 94 
94 102 102 65 46 1 58 1 46 65 102 102 94 
94 102 102 64 46 1 60 1 46 64 102 102 94 
94 102 102 63 46 1 62 1 46 63 102 102 94 
94 102 102 62 46 1 64 1 46 62 102 102 94 
94 102 102 61 46 1 66 1 46 61 102 102 94 
94 102 102 60 46 1 68 1 46 60 102 102 94 
94 102 102 59 46 1 70 1 46 59 102 102 94 
94 102 102 58 46 1 72 1 46 58 102 102 94 
94 102 102 57 46 1 74 1 46 57 102 102 94 
94 102 102 56 46 1 76 1 46 56 102 102 94 
94 102 102 55 46 1 78 1 46 55 102 102 94 
94 102 102 54 46 1 80 1 46 54 102 102 94 
94 102 102 53 46 1 82 1 46 53 102 102 94 
94 102 102 52 46 1 84 1 46 52 102 102 94 
94 102 102 51 46 1 86 1 46 51 102 102 94 
94 102 102 50 46 1 88 1 46 50 102 102 94 
94 102 102 49 46 1 90 1 46 49 102 102 94 
94 102 102 48 46 1 92 1 46 48 102 102 94 
94 102 102 47 46 1 94 1 46 47 102 102 94 
94 102 102 46 46 1 96 1 46 46 102 102 94 
94 102 102 45 46 1 98 1 46 45 102 102 94 
94 102 102 44 46 1 101 1 46 44 102 102 94 
94 102 102 43 46 2 1 2 46 43 102 102 94 
94 102 102 42 46 3 1 3 46 42 102 102 94 
94 102 102 41 46 4 1 4 46 41 102 102 94 
94 102 102 40 46 5 1 5 46 40 102 102 94 
94 102 102 39 46 6 1 6 46 39 102 102 94 
94 102 102 38 46 7 1 7 46 38 102 102 94 
94 102 102 37 46 8 1 8 46 37 102 102 94 
94 102 102 36 46 9 1 9 46 36 102 102 94 
94 102 102 35 46 10 1 10 46 35 102 102 94 
94 102 102 34 46 11 1 11 46 34 102 102 94 
94 102 102 33 46 12 1 12 46 33 102 102 94 
94 102 102 32 46 13 1 13 46 32 102 102 94 
94 102 102 31 46 14 1 14 46 31 102 102 94 
94 102 102 30 46 15 1 15 46 30 102 102 94 
94 102 102 29 46 16 1 16 46 29 102 102 94 
94 102 102 28 46 17 1 17 46 28 102 102 94 
94 102 102 27 46 18 1 18 46 27 102 102 94 
94 102 102 26 46 19 1 19 46 26 102 102 94 
94 102 102 25 46 20 1 20 46 25 102 102 94 
94 102 102 24 46 21 1 21 46 24 102 102 94 
94 102 102 23 46 22 1 22 46 23 102 102 94 
94 102 102 22 46 23 1 23 46 22 102 102 94 
94 102 102 21 46 24 1 24 46 21 102 102 94 
94 102 102 20 46 25 1 25 46 20 102 102 94 
94 102 102 19 46 26 1 26 46 19 102 102 94 
94 102 102 18 46 27 1 27 46 18 102 102 94 
94 102 102 17 46 28 1 28 46 17 102 102 94 
94 102 102 16 46 29 1 29 46 16 102 102 94 
94 102 102 15 46 30 1 30 46 15 102 102 94 
94 102 102 14 46 31 1 31 46 14 102 102 94 
94 102 102 13 46 32 1 32 46 13 102 102 94 
94 102 102 12 46 33 1 33 46 12 102 102 94 
94 102 102 11 46 34 1 34 46 11 102 102 94 
94 102 102 10 46 35 1 35 46 10 102 102 94 
94 102 102 9 46 36 1 36 46 9 102 102 94 
94 102 102 8 46 37 1 37 46 8 102 102 94 
94 102 102 7 46 38 1 38 46 7 102 102 94 
94 102 102 6 46 39 1 39 46 6 102 102 94 
94 102 102 5 46 40 1 40 46 5 102 102 94 
94 102 102 4 46 41 1 41 46 4 102 102 94 
94 102 102 3 46 42 1 42 46 3 102 102 94 
94 102 102 2 46 43 1 43 46 2 102 102 94 
94 102 102 0 46 44 1 44 46 0 102 102 94 
94 102 101 102 45 45 1 45 45 102 101 102 94 
94 102 101 0 45 46 1 46 45 0 101 102 94 
94 102 100 102 44 47 1 47 44 102 100 102 94 
94 102 100 0 44 48 1 48 44 0 100 102 94 
94 102 99 102 43 49 1 49 43 102 99 102 94 
94 102 99 0 43 50 1 50 43 0 99 102 94 
94 102 98 102 42 51 1 51 42 102 98 102 94 
94 102 98 0 42 52 1 52 42 0 98 102 94 
94 102 97 102 41 53 1 53 41 102 97 102 94 
94 102 97 0 41 54 1 54 41 0 97 102 94 
94 102 96 102 40 55 1 55 40 102 96 102 94 
94 102 96 0 40 56 1 56 40 0 96 102 94 
94 102 95 102 39 57 1 57 39 102 95 102 94 
94 102 95 0 39 58 1 58 39 0 95 102 94 
94 102 94 102 38 59 1 59 38 102 94 102 94 
94 102 94 0 38 60 1 60 38 0 94 102 94 
94 102 93 102 37 61 1 61 37 102 93 102 94 
94 102 93 0 37 62 1 62 37 0 93 102 94 
94 102 92 102 36 63 1 63 36 102 92 102 94 
94 102 92 0 36 64 1 64 36 0 92 102 94 
94 102 91 102 35 65 1 65 35 102 91 102 94 
94 102 91 0 35 66 1 66 35 0 91 102 94 
94 102 90 102 34 67 1 67 34 102 90 102 94 
94 102 90 0 34 68 1 68 34 0 90 102 94 
94 102 89 102 33 69 1 69 33 102 89 102 94 
94 102 89 0 33 70 1 70 33 0 89 102 94 
94 102 88 102 32 71 1 71 32 102 88 102 94 
94 102 88 0 32 72 1 72 32 0 88 102 94 
94 102 87 102 31 73 1 73 31 102 87 102 94 
94 102 87 0 31 74 1 74 31 0 87 102 94 
94 102 86 102 30 75 1 75 30 102 86 102 94 
94 102 86 0 30 76 1 76 30 0 86 102 94 
94 102 85 102 29 77 1 77 29 102 85 102 94 
94 102 85 0 29 78 1 78 29 0 85 102 94 
94 102 84 102 28 79 1 79 28 102 84 102 94 
94 102 84 0 28 80 1 80 28 0 84 102 94 
94 102 83 102 27 81 1 81 27 102 83 102 94 
94 102 83 0 27 82 1 82 27 0 83 102 94 
94 102 82 102 26 83 1 83 26 102 82 102 94 
94 102 82 0 26 84 1 84 26 0 82 102 94 
94 102 81 102 25 85 1 85 25 102 81 102 94 
94 102 81 0 25 86 1 86 25 0 81 102 94 
94 102 80 102 24 87 1 87 24 102 80 102 94 
94 102 80 0 24 88 1 88 24 0 80 102 94 
94 102 79 102 23 89 1 89 23 102 79 102 94 
94 102 79 0 23 90 1 90 23 0 79 102 94 
94 102 78 102 22 91 1 91 22 102 78 102 94 
94 102 78 0 22 92 1 92 22 0 78 102 94 
94 102 77 102 21 93 1 93 21 102 77 102 94 
94 102 77 0 21 94 1 94 21 0 77 102 94 
94 102 76 102 20 95 1 95 20 102 76 102 94 
94 102 76 0 20 96 1 96 20 0 76 102 94 
94 102 75 102 19 97 1 97 19 102 75 102 94 
94 102 75 0 19 98 1 98 19 0 75 102 94 
94 102 74 102 18 99 1 99 18 102 74 102 94 
94 102 74 0 18 100 1 100 18 0 74 102 94 
94 102 73 102 17 102 1 102 17 102 73 102 94 
94 102 73 0 18 0 3 0 18 0 73 102 94 
94 102 72 102 17 102 3 102 17 102 72 102 94 
94 102 72 0 18 0 5 0 18 0 72 102 94 
94 102 71 102 17 102 5 102 17 102 71 102 94 
94 102 71 0 18 0 7 0 18 0 71 102 94 
94 102 70 102 17 102 7 102 17 102 70 102 94 
94 102 70 0 18 0 9 0 18 0 70 102 94 
94 102 69 102 17 102 9 102 17 102 69 102 94 
94 102 69 0 18 0 11 0 18 0 69 102 94 
94 102 68 102 17 102 11 102 17 102 68 102 94 
94 102 68 0 18 0 13 0 18 0 68 102 94 
94 102 67 102 17 102 13 102 17 102 67 102 94 
94 102 67 0 18 0 15 0 18 0 67 102 94 
94 102 66 102 17 102 15 102 17 102 66 102 94 
94 102 66 0 18 0 17 0 18 0 66 102 94 
94 102 65 102 17 102 17 102 17 102 65 102 94 
94 102 65 0 18 0 19 0 18 0 65 102 94 
94 102 64 102 17 102 19 102 17 102 64 102 94 
94 102 64 0 18 0 21 0 18 0 64 102 94 
94 102 63 102 17 102 21 102 17 102 63 102 94 
94 102 63 0 18 0 23 0 18 0 63 102 94 
94 102 62 102 17 102 23 102 17 102 62 102 94 
94 102 62 0 18 0 25 0 18 0 62 102 94 
94 102 61 102 17 102 25 102 17 102 61 102 94 
94 102 61 0 18 0 27 0 18 0 61 102 94 
94 102 60 102 17 102 27 102 17 102 60 102 94 
94 102 60 0 18 0 29 0 18 0 60 102 94 
94 102 59 102 17 102 29 102 17 102 59 102 94 
94 102 59 0 18 0 31 0 18 0 59 102 94 
94 102 58 102 17 102 31 102 17 102 58 102 94 
94 102 58 0 18 0 33 0 18 0 58 102 94 
94 102 57 102 17 102 33 102 17 102 57 102 94 
94 102 57 0 18 0 35 0 18 0 57 102 94 
94 102 56 102 17 102 35 102 17 102 56 102 94 
94 102 56 0 18 0 37 0 18 0 56 102 94 
94 102 55 102 17 102 37 102 17 102 55 102 94 
94 102 55 0 18 0 39 0 18 0 55 102 94 
94 102 54 102 17 102 39 102 17 102 54 102 94 
94 102 54 0 18 0 41 0 18 0 54 102 94 
94 102 53 102 17 102 41 102 17 102 53 102 94 
94 102 53 0 18 0 43 0 18 0 53 102 94 
94 102 52 102 17 102 43 102 17 102 52 102 94 
94 102 52 0 18 0 45 0 18 0 52 102 94 
94 102 51 102 17 102 45 102 17 102 51 102 94 
94 102 51 0 18 0 47 0 18 0 51 102 94 
94 102 50 102 17 102 47 102 17 102 50 102 94 
94 102 50 0 18 0 49 0 18 0 50 102 94 
94 102 49 102 17 102 49 102 17 102 49 102 94 
94 102 49 0 18 0 51 0 18 0 49 102 94 
94 102 48 102 17 102 51 102 17 102 48 102 94 
94 102 48 0 18 0 53 0 18 0 48 102 94 
94 102 47 102 17 102 53 102 17 102 47 102 94 
94 102 47 0 18 0 55 0 18 0 47 102 94 
94 102 46 102 17 102 55 102 17 102 46 102 94 
94 102 46 0 18 0 57 0 18 0 46 102 94 
94 102 45 102 17 102 57 102 17 102 45 102 94 
94 102 45 0 18 0 59 0 18 0 45 102 94 
94 102 44 102 17 102 59 102 17 102 44 102 94 
94 102 44 0 18 0 61 0 18 0 44 102 94 
94 102 43 102 17 102 61 102 17 102 43 102 94 
94 102 43 0 18 0 63 0 18 0 43 102 94 
94 102 42 102 17 102 63 102 17 102 42 102 94 
94 102 42 0 18 0 65 0 18 0 42 102 94 
94 102 41 102 17 102 65 102 17 102 41 102 94 
94 102 41 0 18 0 67 0 18 0 41 102 94 
94 102 40 102 17 102 67 102 17 102 40 102 94 
94 102 40 0 18 0 69 0 18 0 40 102 94 
94 102 39 102 17 102 69 102 17 102 39 102 94 
94 102 39 0 18 0 71 0 18 0 39 102 94 
94 102 38 102 17 102 71 102 17 102 38 102 94 
94 102 38 0 18 0 73 0 18 0 38 102 94 
94 102 37 102 17 102 73 102 17 102 37 102 94 
94 102 37 0 18 0 75 0 18 0 37 102 94 
94 102 36 102 17 102 75 102 17 102 36 102 94 
94 102 36 0 18 0 77 0 18 0 36 102 94 
94 102 35 102 17 102 77 102 17 102 35 102 94 
94 102 35 0 18 0 79 0 18 0 35 102 94 
94 102 34 102 17 102 79 102 17 102 34 102 94 
94 102 34 0 18 0 81 0 18 0 34 102 94 
94 102 33 102 17 102 81 102 17 102 33 102 94 
94 102 33 0 18 0 83 0 18 0 33 102 94 
94 102 32 102 17 102 83 102 17 102 32 102 94 
94 102 32 0 18 0 85 0 18 0 32 102 94 
94 102 31 102 17 102 85 102 17 102 31 102 94 
94 102 31 0 18 0 87 0 18 0 31 102 94 
94 102 30 102 17 102 87 102 17 102 30 102 94 
94 102 30 0 18 0 89 0 18 0 30 102 94 
94 102 29 102 17 102 89 102 17 102 29 102 94 
94 102 29 0 18 0 91 0 18 0 29 102 94 
94 102 28 102 17 102 91 102 17 102 28 102 94 
94 102 28 0 18 0 93 0 18 0 28 102 94 
94 102 27 102 17 102 93 102 17 102 27 102 94 
94 102 27 0 18 0 95 0 18 0 27 102 94 
94 102 26 102 17 102 95 102 17 102 26 102 94 
94 102 26 0 18 0 97 0 18 0 26 102 94 
94 102 25 102 17 102 97 102 17 102 25 102 94 
94 102 25 0 18 0 99 0 18 0 25 102 94 
94 102 24 102 17 102 99 102 17 102 24 102 94 
94 102 24 0 18 0 101 0 18 0 24 102 94 
94 102 23 102 17 102 102 102 17 102 23 102 94 
94 102 23 0 18 2 2 2 18 0 23 102 94 
94 102 22 102 18 2 2 2 18 102 22 102 94 
94 102 22 0 19 2 2 2 19 0 22 102 94 
94 102 21 102 19 2 2 2 19 102 21 102 94 
94 102 21 0 20 2 2 2 20 0 21 102 94 
94 102 20 102 20 2 2 2 20 102 20 102 94 
94 102 20 0 21 2 2 2 21 0 20 102 94 
94 102 19 102 21 2 2 2 21 102 19 102 94 
94 102 19 0 22 2 2 2 22 0 19 102 94 
94 102 18 102 22 2 2 2 22 102 18 102 94 
94 102 18 0 23 2 2 2 23 0 18 102 94 
94 102 17 102 23 2 2 2 23 102 17 102 94 
94 102 17 0 24 2 2 2 24 0 17 102 94 
94 102 16 102 24 2 2 2 24 102 16 102 94 
94 102 16 0 25 2 2 2 25 0 16 102 94 
94 102 15 102 25 2 2 2 25 102 15 102 94 
94 102 15 0 26 2 2 2 26 0 15 102 94 
94 102 14 102 26 2 2 2 26 102 14 102 94 
94 102 14 0 27 2 2 2 27 0 14 102 94 
94 102 13 102 27 2 2 2 27 102 13 102 94 
94 102 13 0 28 2 2 2 28 0 13 102 94 
94 102 12 102 28 2 2 2 28 102 12 102 94 
94 102 12 0 29 2 2 2 29 0 12 102 94 
94 102 11 102 29 2 2 2 29 102 11 102 94 
94 102 11 0 30 2 2 2 30 0 11 102 94 
94 102 10 102 30 2 2 2 30 102 10 102 94 
94 102 10 0 31 2 2 2 31 0 10 102 94 
94 102 9 102 31 2 2 2 31 102 9 102 94 
94 102 9 0 32 2 2 2 32 0 9 102 94 
94 102 8 102 32 2 2 2 32 102 8 102 94 
94 102 8 0 33 2 2 2 33 0 8 102 94 
94 102 7 102 33 2 2 2 33 102 7 102 94 
94 102 7 0 34 2 2 2 34 0 7 102 94 
94 102 6 102 34 2 2 2 34 102 6 102 94 
94 102 6 0 35 2 2 2 35 0 6 102 94 
94 102 5 102 35 2 2 2 35 102 5 102 94 
94 102 5 0 36 2 2 2 36 0 5 102 94 
94 102 4 102 36 2 2 2 36 102 4 102 94 
94 102 4 0 37 2 2 2 37 0 4 102 94 
94 102 3 102 37 2 2 2 37 102 3 102 94 
94 102 3 0 38 2 2 2 38 0 3 102 94 
94 102 2 102 38 2 2 2 38 102 2 102 94 
94 102 2 0 39 2 2 2 39 0 2 102 94 
94 102 0 101 39 2 2 2 39 101 0 102 94 
94 101 102 102 39 2 2 2 39 102 102 101 94 
94 101 2 0 40 2 2 2 40 0 2 101 94 
94 101 0 101 40 2 2 2 40 101 0 101 94 
94 100 102 102 40 2 2 2 40 102 102 100 94 
94 100 2 0 41 2 2 2 41 0 2 100 94 
94 100 0 101 41 2 2 2 41 101 0 100 94 
94 99 102 102 41 2 2 2 41 102 102 99 94 
94 99 2 0 42 2 2 2 42 0 2 99 94 
94 99 0 101 42 2 2 2 42 101 0 99 94 
94 98 102 102 42 2 2 2 42 102 102 98 94 
94 98 2 0 43 2 2 2 43 0 2 98 94 
94 98 0 101 43 2 2 2 43 101 0 98 94 
94 97 102 102 43 2 2 2 43 102 102 97 94 
94 97 2 0 44 2 2 2 44 0 2 97 94 
94 97 0 101 44 2 2 2 44 101 0 97 94 
94 96 102 102 44 2 2 2 44 102 102 96 94 
94 96 2 0 45 2 2 2 45 0 2 96 94 
94 96 0 101 45 2 2 2 45 101 0 96 94 
94 95 102 102 45 2 2 2 45 102 102 95 94 
94 95 2 0 46 2 2 2 46 0 2 95 94 
94 95 0 101 46 2 2 2 46 101 0 95 94 
94 94 102 102 46 2 2 2 46 102 102 94 94 
94 94 2 0 47 2 2 2 47 0 2 94 94 
94 94 0 101 47 2 2 2 47 101 0 94 94 
94 93 102 102 47 2 2 2 47 102 102 93 94 
94 93 2 0 48 2 2 2 48 0 2 93 94 
94 93 0 101 48 2 2 2 48 101 0 93 94 
94 92 102 102 48 2 2 2 48 102 102 92 94 
94 92 2 0 49 2 2 2 49 0 2 92 94 
94 92 0 101 49 2 2 2 49 101 0 92 94 
94 91 102 102 49 2 2 2 49 102 102 91 94 
94 91 2 0 50 2 2 2 50 0 2 91 94 
94 91 0 101 50 2 2 2 50 101 0 91 94 
94 90 102 102 50 2 2 2 50 102 102 90 94 
94 90 2 0 51 2 2 2 51 0 2 90 94 
94 90 0 101 51 2 2 2 51 101 0 90 94 
94 89 102 102 51 2 2 2 51 102 102 89 94 
94 89 2 0 52 2 2 2 52 0 2 89 94 
94 89 0 101 52 2 2 2 52 101 0 89 94 
94 88 102 102 52 2 2 2 52 102 102 88 94 
94 88 2 0 53 2 2 2 53 0 2 88 94 
94 88 0 101 53 2 2 2 53 101 0 88 94 
94 87 102 102 53 2 2 2 53 102 102 87 94 
94 87 2 0 54 2 2 2 54 0 2 87 94 
94 87 0 101 54 2 2 2 54 101 0 87 94 
94 86 102 102 54 2 2 2 54 102 102 86 94 
94 86 2 0 55 2 2 2 55 0 2 86 94 
94 86 0 101 55 2 2 2 55 101 0 86 94 
94 85 102 102 55 2 2 2 55 102 102 85 94 
94 85 2 0 56 2 2 2 56 0 2 85 94 
94 85 0 101 56 2 2 2 56 101 0 85 94 
94 84 102 102 56 2 2 2 56 102 102 84 94 
94 84 2 0 57 2 2 2 57 0 2 84 94 
94 84 0 101 57 2 2 2 57 101 0 84 94 
94 83 102 102 57 2 2 2 57 102 102 83 94 
94 83 2 0 58 2 2 2 58 0 2 83 94 
94 83 0 101 58 2 2 2 58 101 0 83 94 
94 82 102 102 58 2 2 2 58 102 102 82 94 
94 82 2 0 59 2 2 2 59 0 2 82 94 
94 82 0 101 59 2 2 2 59 101 0 82 94 
94 81 102 102 59 2 2 2 59 102 102 81 94 
94 81 2 0 60 2 2 2 60 0 2 81 94 
94 81 0 101 60 2 2 2 60 101 0 81 94 
94 80 102 102 60 2 2 2 60 102 102 80 94 
94 80 2 0 61 2 2 2 61 0 2 80 94 
94 80 0 101 61 2 2 2 61 101 0 80 94 
94 79 102 102 61 2 2 2 61 102 102 79 94 
94 79 2 0 62 2 2 2 62 0 2 79 94 
94 79 0 101 62 2 2 2 62 101 0 79 94 
94 78 102 102 62 2 2 2 62 102 102 78 94 
94 78 2 0 63 2 2 2 63 0 2 78 94 
94 78 0 101 63 2 2 2 63 101 0 78 94 
94 77 102 102 63 2 2 2 63 102 102 77 94 
94 77 2 0 64 2 2 2 64 0 2 77 94 
94 77 0 101 64 2 2 2 64 101 0 77 94 
94 76 102 102 64 2 2 2 64 102 102 76 94 
94 76 2 0 65 2 2 2 65 0 2 76 94 
94 76 0 101 65 2 2 2 65 101 0 76 94 
94 75 102 102 65 2 2 2 65 102 102 75 94 
94 75 2 0 66 2 2 2 66 0 2 75 94 
94 75 0 101 66 2 2 2 66 101 0 75 94 
94 74 102 102 66 2 2 2 66 102 102 74 94 
94 74 2 0 67 2 2 2 67 0 2 74 94 
94 74 0 101 67 2 2 2 67 101 0 74 94 
94 73 102 102 67 2 2 2 67 102 102 73 94 
94 73 2 0 68 2 2 2 68 0 2 73 94 
94 73 0 101 68 2 2 2 68 101 0 73 94 
94 72 102 102 68 2 2 2 68 102 102 72 94 
94 72 2 0 69 2 2 2 69 0 2 72 94 
94 72 0 101 69 2 2 2 69 101 0 72 94 
94 71 102 102 69 2 2 2 69 102 102 71 94 
94 71 2 0 70 2 2 2 70 0 2 71 94 
94 71 0 101 70 2 2 2 70 101 0 71 94 
94 70 102 102 70 2 2 2 70 102 102 70 94 
94 70 2 0 71 2 2 2 71 0 2 70 94 
94 70 0 101 71 2 2 2 71 101 0 70 94 
94 69 102 102 71 2 2 2 71 102 102 69 94 
94 69 2 0 72 2 2 2 72 0 2 69 94 
94 69 0 101 72 2 2 2 72 101 0 69 94 
94 68 102 102 72 2 2 2 72 102 102 68 94 
94 68 2 0 73 2 2 2 73 0 2 68 94 
94 68 0 101 73 2 2 2 73 101 0 68 94 
94 67 102 102 73 2 2 2 73 102 102 67 94 
94 67 2 0 74 2 2 2 74 0 2 67 94 
94 67 0 101 74 2 2 2 74 101 0 67 94 
94 66 102 102 74 2 2 2 74 102 102 66 94 
94 66 2 0 75 2 2 2 75 0 2 66 94 
94 66 0 101 75 2 2 2 75 101 0 66 94 
94 65 102 102 75 2 2 2 75 102 102 65 94 
94 65 2 0 76 2 2 2 76 0 2 65 94 
94 65 0 101 76 2 2 2 76 101 0 65 94 
94 64 102 102 76 2 2 2 76 102 102 64 94 
94 64 2 0 77 2 2 2 77 0 2 64 94 
94 64 0 101 77 2 2 2 77 101 0 64 94 
94 63 102 102 77 2 2 2 77 102 102 63 94 
94 63 2 0 78 2 2 2 78 0 2 63 94 
94 63 0 101 78 2 2 2 78 101 0 63 94 
94 62 102 102 78 2 2 2 78 102 102 62 94 
94 62 2 0 79 2 2 2 79 0 2 62 94 
94 62 0 101 79 2 2 2 79 101 0 62 94 
94 61 102 102 79 2 2 2 79 102 102 61 94 
94 61 2 0 80 2 2 2 80 0 2 61 94 
94 61 0 101 80 2 2 2 80 101 0 61 94 
94 60 102 102 80 2 2 2 80 102 102 60 94 
94 60 2 0 81 2 2 2 81 0 2 60 94 
94 60 0 101 81 2 2 2 81 101 0 60 94 
94 59 102 102 81 2 2 2 81 102 102 59 94 
94 59 2 0 82 2 2 2 82 0 2 59 94 
94 59 0 101 82 2 2 2 82 101 0 59 94 
94 58 102 102 82 2 2 2 82 102 102 58 94 
94 58 2 0 83 2 2 2 83 0 2 58 94 
94 58 0 101 83 2 2 2 83 101 0 58 94 
94 57 102 102 83 2 2 2 83 102 102 57 94 
94 57 2 0 84 2 2 2 84 0 2 57 94 
94 57 0 101 84 2 2 2 84 101 0 57 94 
94 56 102 102 84 2 2 2 84 102 102 56 94 
94 56 2 0 85 2 2 2 85 0 2 56 94 
94 56 0 101 85 2 2 2 85 101 0 56 94 
94 55 102 102 85 2 2 2 85 102 102 55 94 
94 55 2 0 86 2 2 2 86 0 2 55 94 
94 55 0 101 86 2 2 2 86 101 0 55 94 
94 54 102 102 86 2 2 2 86 102 102 54 94 
94 54 2 0 87 2 2 2 87 0 2 54 94 
94 54 0 101 87 2 2 2 87 101 0 54 94 
94 53 102 102 87 2 2 2 87 102 102 53 94 
94 53 2 0 88 2 2 2 88 0 2 53 94 
94 53 0 101 88 2 2 2 88 101 0 53 94 
94 52 102 102 88 2 2 2 88 102 102 52 94 
94 52 2 0 89 2 2 2 89 0 2 52 94 
94 52 0 101 89 2 2 2 89 101 0 52 94 
94 51 102 102 89 2 2 2 89 102 102 51 94 
94 51 2 0 90 2 2 2 90 0 2 51 94 
94 51 0 101 90 2 2 2 90 101 0 51 94 
94 50 102 102 90 2 2 2 90 102 102 50 94 
94 50 2 0 91 2 2 2 91 0 2 50 94 
94 50 0 101 91 2 2 2 91 101 0 50 94 
94 49 102 102 91 2 2 2 91 102 102 49 94 
94 49 2 0 92 2 2 2 92 0 2 49 94 
94 49 0 101 92 2 2 2 92 101 0 49 94 
94 48 102 102 92 2 2 2 92 102 102 48 94 
94 48 2 0 93 2 2 2 93 0 2 48 94 
94 48 0 101 93 2 2 2 93 101 0 48 94 
94 47 102 102 93 2 2 2 93 102 102 47 94 
94 47 2 0 94 2 2 2 94 0 2 47 94 
94 47 0 101 94 2 2 2 94 101 0 47 94 
94 46 102 102 94 2 2 2 94 102 102 46 94 
94 46 2 0 95 2 2 2 95 0 2 46 94 
94 46 0 101 95 2 2 2 95 101 0 46 94 
94 45 102 102 95 2 2 2 95 102 102 45 94 
94 45 2 0 96 2 2 2 96 0 2 45 94 
94 45 0 101 96 2 2 2 96 101 0 45 94 
94 44 102 102 96 2 2 2 96 102 102 44 94 
94 44 2 0 97 2 2 2 97 0 2 44 94 
94 44 0 101 97 2 2 2 97 101 0 44 94 
94 43 102 102 97 2 2 2 97 102 102 43 94 
94 43 2 0 98 2 2 2 98 0 2 43 94 
94 43 0 101 98 2 2 2 98 101 0 43 94 
94 42 102 102 98 2 2 2 98 102 102 42 94 
94 42 2 0 99 2 2 2 99 0 2 42 94 
94 42 0 101 99 2 2 2 99 101 0 42 94 
94 41 102 102 99 2 2 2 99 102 102 41 94 
94 41 2 0 100 2 2 2 100 0 2 41 94 
94 41 0 101 100 2 2 2 100 101 0 41 94 
94 40 102 102 100 2 2 2 100 102 102 40 94 
94 40 2 0 101 2 2 2 101 0 2 40 94 
94 40 0 101 101 2 2 2 101 101 0 40 94 
94 39 102 102 102 2 2 2 102 102 102 39 94 
94 39 2 2 0 3 2 3 0 2 2 39 94 
94 39 2 0 101 3 2 3 101 0 2 39 94 
94 39 0 101 101 3 2 3 101 101 0 39 94 
94 38 102 102 102 3 2 3 102 102 102 38 94 
94 38 2 2 0 4 2 4 0 2 2 38 94 
94 38 2 0 101 4 2 4 101 0 2 38 94 
94 38 0 101 101 4 2 4 101 101 0 38 94 
94 37 102 102 102 4 2 4 102 102 102 37 94 
94 37 2 2 0 5 2 5 0 2 2 37 94 
94 37 2 0 101 5 2 5 101 0 2 37 94 
94 37 0 101 101 5 2 5 101 101 0 37 94 
94 36 102 102 102 5 2 5 102 102 102 36 94 
94 36 2 2 0 6 2 6 0 2 2 36 94 
94 36 2 0 101 6 2 6 101 0 2 36 94 
94 36 0 101 101 6 2 6 101 101 0 36 94 
94 35 102 102 102 6 2 6 102 102 102 35 94 
94 35 2 2 0 7 2 7 0 2 2 35 94 
94 35 2 0 101 7 2 7 101 0 2 35 94 
94 35 0 101 101 7 2 7 101 101 0 35 94 
94 34 102 102 102 7 2 7 102 102 102 34 94 
94 34 2 2 0 8 2 8 0 2 2 34 94 
94 34 2 0 101 8 2 8 101 0 2 34 94 
94 34 0 101 101 8 2 8 101 101 0 34 94 
94 33 102 102 102 8 2 8 102 102 102 33 94 
94 33 2 2 0 9 2 9 0 2 2 33 94 
94 33 2 0 101 9 2 9 101 0 2 33 94 
94 33 0 101 101 9 2 9 101 101 0 33 94 
94 32 102 102 102 9 2 9 102 102 102 32 94 
94 32 2 2 0 10 2 10 0 2 2 32 94 
94 32 2 0 101 10 2 10 101 0 2 32 94 
94 32 0 101 101 10 2 10 101 101 0 32 94 
94 31 102 102 102 10 2 10 102 102 102 31 94 
94 31 2 2 0 11 2 11 0 2 2 31 94 
94 31 2 0 101 11 2 11 101 0 2 31 94 
94 31 0 101 101 11 2 11 101 101 0 31 94 
94 30 102 102 102 11 2 11 102 102 102 30 94 
94 30 2 2 0 12 2 12 0 2 2 30 94 
94 30 2 0 101 12 2 12 101 0 2 30 94 
94 30 0 101 101 12 2 12 101 101 0 30 94 
94 29 102 102 102 12 2 12 102 102 102 29 94 
94 29 2 2 0 13 2 13 0 2 2 29 94 
94 29 2 0 101 13 2 13 101 0 2 29 94 
94 29 0 101 101 13 2 13 101 101 0 29 94 
94 28 102 102 102 13 2 13 102 102 102 28 94 
94 28 2 2 0 14 2 14 0 2 2 28 94 
94 28 2 0 101 14 2 14 101 0 2 28 94 
94 28 0 101 101 14 2 14 101 101 0 28 94 
94 27 102 102 102 14 2 14 102 102 102 27 94 
94 27 2 2 0 15 2 15 0 2 2 27 94 
94 27 2 0 101 15 2 15 101 0 2 27 94 
94 27 0 101 101 15 2 15 101 101 0 27 94 
94 26 102 102 102 15 2 15 102 102 102 26 94 
94 26 2 2 0 16 2 16 0 2 2 26 94 
94 26 2 0 101 16 2 16 101 0 2 26 94 
94 26 0 101 101 16 2 16 101 101 0 26 94 
94 25 102 102 102 16 2 16 102 102 102 25 94 
94 25 2 2 0 17 2 17 0 2 2 25 94 
94 25 2 0 101 17 2 17 101 0 2 25 94 
94 25 0 101 101 17 2 17 101 101 0 25 94 
94 24 102 102 102 17 2 17 102 102 102 24 94 
94 24 2 2 0 18 2 18 0 2 2 24 94 
94 24 2 0 101 18 2 18 101 0 2 24 94 
94 24 0 101 101 18 2 18 101 101 0 24 94 
94 23 102 102 102 18 2 18 102 102 102 23 94 
94 23 2 2 0 19 2 19 0 2 2 23 94 
94 23 2 0 101 19 2 19 101 0 2 23 94 
94 23 0 101 101 19 2 19 101 101 0 23 94 
94 22 102 102 102 19 2 19 102 102 102 22 94 
94 22 2 2 0 20 2 20 0 2 2 22 94 
94 22 2 0 101 20 2 20 101 0 2 22 94 
94 22 0 101 101 20 2 20 101 101 0 22 94 
94 21 102 102 102 20 2 20 102 102 102 21 94 
94 21 2 2 0 21 2 21 0 2 2 21 94 
94 21 2 0 101 21 2 21 101 0 2 21 94 
94 21 0 101 101 21 2 21 101 101 0 21 94 
94 20 102 102 102 21 2 21 102 102 102 20 94 
94 20 2 2 0 22 2 22 0 2 2 20 94 
94 20 2 0 101 22 2 22 101 0 2 20 94 
94 20 0 101 101 22 2 22 101 101 0 20 94 
94 19 102 102 102 22 2 22 102 102 102 19 94 
94 19 2 2 0 23 2 23 0 2 2 19 94 
94 19 2 0 101 23 2 23 101 0 2 19 94 
94 19 0 101 101 23 2 23 101 101 0 19 94 
94 18 102 102 102 23 2 23 102 102 102 18 94 
94 18 2 2 0 24 2 24 0 2 2 18 94 
94 18 2 0 101 24 2 24 101 0 2 18 94 
94 18 0 101 101 24 2 24 101 101 0 18 94 
94 17 102 102 102 24 2 24 102 102 102 17 94 
94 17 2 2 0 25 2 25 0 2 2 17 94 
94 17 2 0 101 25 2 25 101 0 2 17 94 
94 17 0 101 101 25 2 25 101 101 0 17 94 
94 16 102 102 102 25 2 25 102 102 102 16 94 
94 16 2 2 0 26 2 26 0 2 2 16 94 
94 16 2 0 101 26 2 26 101 0 2 16 94 
94 16 0 101 101 26 2 26 101 101 0 16 94 
94 15 102 102 102 26 2 26 102 102 102 15 94 
94 15 2 2 0 27 2 27 0 2 2 15 94 
94 15 2 0 101 27 2 27 101 0 2 15 94 
94 15 0 101 101 27 2 27 101 101 0 15 94 
94 14 102 102 102 27 2 27 102 102 102 14 94 
94 14 2 2 0 28 2 28 0 2 2 14 94 
94 14 2 0 101 28 2 28 101 0 2 14 94 
94 14 0 101 101 28 2 28 101 101 0 14 94 
94 13 102 102 102 28 2 28 102 102 102 13 94 
94 13 2 2 0 29 2 29 0 2 2 13 94 
94 13 2 0 101 29 2 29 101 0 2 13 94 
94 13 0 101 101 29 2 29 101 101 0 13 94 
94 12 102 102 102 29 2 29 102 102 102 12 94 
94 12 2 2 0 30 2 30 0 2 2 12 94 
94 12 2 0 101 30 2 30 101 0 2 12 94 
94 12 0 101 101 30 2 30 101 101 0 12 94 
94 11 102 102 102 30 2 30 102 102 102 11 94 
94 11 2 2 0 31 2 31 0 2 2 11 94 
94 11 2 0 101 31 2 31 101 0 2 11 94 
94 11 0 101 101 31 2 31 101 101 0 11 94 
94 10 102 102 102 31 2 31 102 102 102 10 94 
94 10 2 2 0 32 2 32 0 2 2 10 94 
94 10 2 0 101 32 2 32 101 0 2 10 94 
94 10 0 101 101 32 2 32 101 101 0 10 94 
94 9 102 102 102 32 2 32 102 102 102 9 94 
94 9 2 2 0 33 2 33 0 2 2 9 94 
94 9 2 0 101 33 2 33 101 0 2 9 94 
94 9 0 101 101 33 2 33 101 101 0 9 94 
94 8 102 102 102 33 2 33 102 102 102 8 94 
94 8 2 2 0 34 2 34 0 2 2 8 94 
94 8 2 0 101 34 2 34 101 0 2 8 94 
94 8 0 101 101 34 2 34 101 101 0 8 94 
94 7 102 102 102 34 2 34 102 102 102 7 94 
94 7 2 2 0 35 2 35 0 2 2 7 94 
94 7 2 0 101 35 2 35 101 0 2 7 94 
94 7 0 101 101 35 2 35 101 101 0 7 94 
94 6 102 102 102 35 2 35 102 102 102 6 94 
94 6 2 2 0 36 2 36 0 2 2 6 94 
94 6 2 0 101 36 2 36 101 0 2 6 94 
94 6 0 101 101 36 2 36 101 101 0 6 94 
94 5 102 102 102 36 2 36 102 102 102 5 94 
94 5 2 2 0 37 2 37 0 2 2 5 94 
94 5 2 0 101 37 2 37 101 0 2 5 94 
94 5 0 101 101 37 2 37 101 101 0 5 94 
94 4 102 102 102 37 2 37 102 102 102 4 94 
94 4 2 2 0 38 2 38 0 2 2 4 94 
94 4 2 0 101 38 2 38 101 0 2 4 94 
94 4 0 101 101 38 2 38 101 101 0 4 94 
94 3 102 102 102 38 2 38 102 102 102 3 94 
94 3 2 2 0 39 2 39 0 2 2 3 94 
94 3 2 0 101 39 2 39 101 0 2 3 94 
94 3 0 101 101 39 2 39 101 101 0 3 94 
94 2 102 102 102 39 2 39 102 102 102 2 94 
94 2 2 2 0 40 2 40 0 2 2 2 94 
94 2 2 0 101 40 2 40 101 0 2 2 94 
94 2 0 101 101 40 2 40 101 101 0 2 94 
94 0 101 101 101 40 2 40 101 101 101 0 94 
93 102 102 102 102 40 2 40 102 102 102 102 93 
93 2 2 2 0 41 2 41 0 2 2 2 93 
93 2 2 0 101 41 2 41 101 0 2 2 93 
93 2 0 101 101 41 2 41 101 101 0 2 93 
93 0 101 101 101 41 2 41 101 101 101 0 93 
92 102 102 102 102 41 2 41 102 102 102 102 92 
92 2 2 2 0 42 2 42 0 2 2 2 92 
92 2 2 0 101 42 2 42 101 0 2 2 92 
92 2 0 101 101 42 2 42 101 101 0 2 92 
92 0 101 101 101 42 2 42 101 101 101 0 92 
91 102 102 102 102 42 2 42 102 102 102 102 91 
91 2 2 2 0 43 2 43 0 2 2 2 91 
91 2 2 0 101 43 2 43 101 0 2 2 91 
91 2 0 101 101 43 2 43 101 101 0 2 91 
91 0 101 101 101 43 2 43 101 101 101 0 91 
90 102 102 102 102 43 2 43 102 102 102 102 90 
90 2 2 2 0 44 2 44 0 2 2 2 90 
90 2 2 0 101 44 2 44 101 0 2 2 90 
90 2 0 101 101 44 2 44 101 101 0 2 90 
90 0 101 101 101 44 2 44 101 101 101 0 90 
89 102 102 102 102 44 2 44 102 102 102 102 89 
89 2 2 2 0 45 2 45 0 2 2 2 89 
89 2 2 0 101 45 2 45 101 0 2 2 89 
89 2 0 101 101 45 2 45 101 101 0 2 89 
89 0 101 101 101 45 2 45 101 101 101 0 89 
88 102 102 102 102 45 2 45 102 102 102 102 88 
88 2 2 2 0 46 2 46 0 2 2 2 88 
88 2 2 0 101 46 2 46 101 0 2 2 88 
88 2 0 101 101 46 2 46 101 101 0 2 88 
88 0 101 101 101 46 2 46 101 101 101 0 88 
87 102 102 102 102 46 2 46 102 102 102 102 87 
87 2 2 2 0 47 2 47 0 2 2 2 87 
87 2 2 0 101 47 2 47 101 0 2 2 87 
87 2 0 101 101 47 2 47 101 101 0 2 87 
87 0 101 101 101 47 2 47 101 101 101 0 87 
86 102 102 102 102 47 2 47 102 102 102 102 86 
86 2 2 2 0 48 2 48 0 2 2 2 86 
86 2 2 0 101 48 2 48 101 0 2 2 86 
86 2 0 101 101 48 2 48 101 101 0 2 86 
86 0 101 101 101 48 2 48 101 101 101 0 86 
85 102 102 102 102 48 2 48 102 102 102 102 85 
85 2 2 2 0 49 2 49 0 2 2 2 85 
85 2 2 0 101 49 2 49 101 0 2 2 85 
85 2 0 101 101 49 2 49 101 101 0 2 85 
85 0 101 101 101 49 2 49 101 101 101 0 85 
84 102 102 102 102 49 2 49 102 102 102 102 84 
84 2 2 2 0 50 2 50 0 2 2 2 84 
84 2 2 0 101 50 2 50 101 0 2 2 84 
84 2 0 101 101 50 2 50 101 101 0 2 84 
84 0 101 101 101 50 2 50 101 101 101 0 84 
83 102 102 102 102 50 2 50 102 102 102 102 83 
83 2 2 2 0 51 2 51 0 2 2 2 83 
83 2 2 0 101 51 2 51 101 0 2 2 83 
83 2 0 101 101 51 2 51 101 101 0 2 83 
83 0 101 101 101 51 2 51 101 101 101 0 83 
82 102 102 102 102 51 2 51 102 102 102 102 82 
82 2 2 2 0 52 2 52 0 2 2 2 82 
82 2 2 0 101 52 2 52 101 0 2 2 82 
82 2 0 101 101 52 2 52 101 101 0 2 82 
82 0 101 101 101 52 2 52 101 101 101 0 82 
81 102 102 102 102 52 2 52 102 102 102 102 81 
81 2 2 2 0 53 2 53 0 2 2 2 81 
81 2 2 0 101 53 2 53 101 0 2 2 81 
81 2 0 101 101 53 2 53 101 101 0 2 81 
81 0 101 101 101 53 2 53 101 101 101 0 81 
80 102 102 102 102 53 2 53 102 102 102 102 80 
80 2 2 2 0 54 2 54 0 2 2 2 80 
80 2 2 0 101 54 2 54 101 0 2 2 80 
80 2 0 101 101 54 2 54 101 101 0 2 80 
80 0 101 101 101 54 2 54 101 101 101 0 80 
79 102 102 102 102 54 2 54 102 102 102 102 79 
79 2 2 2 0 55 2 55 0 2 2 2 79 
79 2 2 0 101 55 2 55 101 0 2 2 79 
79 2 0 101 101 55 2 55 101 101 0 2 79 
79 0 101 101 101 55 2 55 101 101 101 0 79 
78 102 102 102 102 55 2 55 102 102 102 102 78 
78 2 2 2 0 56 2 56 0 2 2 2 78 
78 2 2 0 101 56 2 56 101 0 2 2 78 
78 2 0 101 101 56 2 56 101 101 0 2 78 
78 0 101 101 101 56 2 56 101 101 101 0 78 
77 102 102 102 102 56 2 56 102 102 102 102 77 
77 2 2 2 0 57 2 57 0 2 2 2 77 
77 2 2 0 101 57 2 57 101 0 2 2 77 
77 2 0 101 101 57 2 57 101 101 0 2 77 
77 0 101 101 101 57 2 57 101 101 101 0 77 
76 102 102 102 102 57 2 57 102 102 102 102 76 
76 2 2 2 0 58 2 58 0 2 2 2 76 
76 2 2 0 101 58 2 58 101 0 2 2 76 
76 2 0 101 101 58 2 58 101 101 0 2 76 
76 0 101 101 101 58 2 58 101 101 101 0 76 
75 102 102 102 102 58 2 58 102 102 102 102 75 
75 2 2 2 0 59 2 59 0 2 2 2 75 
75 2 2 0 101 59 2 59 101 0 2 2 75 
75 2 0 101 101 59 2 59 101 101 0 2 75 
75 0 101 101 101 59 2 59 101 101 101 0 75 
74 102 102 102 102 59 2 59 102 102 102 102 74 
74 2 2 2 0 60 2 60 0 2 2 2 74 
74 2 2 0 101 60 2 60 101 0 2 2 74 
74 2 0 101 101 60 2 60 101 101 0 2 74 
74 0 101 101 101 60 2 60 101 101 101 0 74 
73 102 102 102 102 60 2 60 102 102 102 102 73 
73 2 2 2 0 61 2 61 0 2 2 2 73 
73 2 2 0 101 61 2 61 101 0 2 2 73 
73 2 0 101 101 61 2 61 101 101 0 2 73 
73 0 101 101 101 61 2 61 101 101 101 0 73 
72 102 102 102 102 61 2 61 102 102 102 102 72 
72 2 2 2 0 62 2 62 0 2 2 2 72 
72 2 2 0 101 62 2 62 101 0 2 2 72 
72 2 0 101 101 62 2 62 101 101 0 2 72 
72 0 101 101 101 62 2 62 101 101 101 0 72 
71 102 102 102 102 62 2 62 102 102 102 102 71 
71 2 2 2 0 63 2 63 0 2 2 2 71 
71 2 2 0 101 63 2 63 101 0 2 2 71 
71 2 0 101 101 63 2 63 101 101 0 2 71 
71 0 101 101 101 63 2 63 101 101 101 0 71 
70 102 102 102 102 63 2 63 102 102 102 102 70 
70 2 2 2 0 64 2 64 0 2 2 2 70 
70 2 2 0 101 64 2 64 101 0 2 2 70 
70 2 0 101 101 64 2 64 101 101 0 2 70 
70 0 101 101 101 64 2 64 101 101 101 0 70 
69 102 102 102 102 64 2 64 102 102 102 102 69 
69 2 2 2 0 65 2 65 0 2 2 2 69 
69 2 2 0 101 65 2 65 101 0 2 2 69 
69 2 0 101 101 65 2 65 101 101 0 2 69 
69 0 101 101 101 65 2 65 101 101 101 0 69 
68 102 102 102 102 65 2 65 102 102 102 102 68 
68 2 2 2 0 66 2 66 0 2 2 2 68 
68 2 2 0 101 66 2 66 101 0 2 2 68 
68 2 0 101 101 66 2 66 101 101 0 2 68 
68 0 101 101 101 66 2 66 101 101 101 0 68 
67 102 102 102 102 66 2 66 102 102 102 102 67 
67 2 2 2 0 67 2 67 0 2 2 2 67 
67 2 2 0 101 67 2 67 101 0 2 2 67 
67 2 0 101 101 67 2 67 101 101 0 2 67 
67 0 101 101 101 67 2 67 101 101 101 0 67 
66 102 102 102 102 67 2 67 102 102 102 102 66 
66 2 2 2 0 68 2 68 0 2 2 2 66 
66 2 2 0 101 68 2 68 101 0 2 2 66 
66 2 0 101 101 68 2 68 101 101 0 2 66 
66 0 101 101 101 68 2 68 101 101 101 0 66 
65 102 102 102 102 68 2 68 102 102 102 102 65 
65 2 2 2 0 69 2 69 0 2 2 2 65 
65 2 2 0 101 69 2 69 101 0 2 2 65 
65 2 0 101 101 69 2 69 101 101 0 2 65 
65 0 101 101 101 69 2 69 101 101 101 0 65 
64 102 102 102 102 69 2 69 102 102 102 102 64 
64 2 2 2 0 70 2 70 0 2 2 2 64 
64 2 2 0 101 70 2 70 101 0 2 2 64 
64 2 0 101 101 70 2 70 101 101 0 2 64 
64 0 101 101 101 70 2 70 101 101 101 0 64 
63 102 102 102 102 70 2 70 102 102 102 102 63 
63 2 2 2 0 71 2 71 0 2 2 2 63 
63 2 2 0 101 71 2 71 101 0 2 2 63 
63 2 0 101 101 71 2 71 101 101 0 2 63 
63 0 101 101 101 71 2 71 101 101 101 0 63 
62 102 102 102 102 71 2 71 102 102 102 102 62 
62 2 2 2 0 72 2 72 0 2 2 2 62 
62 2 2 0 101 72 2 72 101 0 2 2 62 
62 2 0 101 101 72 2 72 101 101 0 2 62 
62 0 101 101 101 72 2 72 101 101 101 0 62 
61 102 102 102 102 72 2 72 102 102 102 102 61 
61 2 2 2 0 73 2 73 0 2 2 2 61 
61 2 2 0 101 73 2 73 101 0 2 2 61 
61 2 0 101 101 73 2 73 101 101 0 2 61 
61 0 101 101 101 73 2 73 101 101 101 0 61 
60 102 102 102 102 73 2 73 102 102 102 102 60 
60 2 2 2 0 74 2 74 0 2 2 2 60 
60 2 2 0 101 74 2 74 101 0 2 2 60 
60 2 0 101 101 74 2 74 101 101 0 2 60 
60 0 101 101 101 74 2 74 101 101 101 0 60 
59 102 102 102 102 74 2 74 102 102 102 102 59 
59 2 2 2 0 75 2 75 0 2 2 2 59 
59 2 2 0 101 75 2 75 101 0 2 2 59 
59 2 0 101 101 75 2 75 101 101 0 2 59 
59 0 101 101 101 75 2 75 101 101 101 0 59 
58 102 102 102 102 75 2 75 102 102 102 102 58 
58 2 2 2 0 76 2 76 0 2 2 2 58 
58 2 2 0 101 76 2 76 101 0 2 2 58 
58 2 0 101 101 76 2 76 101 101 0 2 58 
58 0 101 101 101 76 2 76 101 101 101 0 58 
57 102 102 102 102 76 2 76 102 102 102 102 57 
57 2 2 2 0 77 2 77 0 2 2 2 57 
57 2 2 0 101 77 2 77 101 0 2 2 57 
57 2 0 101 101 77 2 77 101 101 0 2 57 
57 0 101 101 101 77 2 77 101 101 101 0 57 
56 102 102 102 102 77 2 77 102 102 102 102 56 
56 2 2 2 0 78 2 78 0 2 2 2 56 
56 2 2 0 101 78 2 78 101 0 2 2 56 
56 2 0 101 101 78 2 78 101 101 0 2 56 
56 0 101 101 101 78 2 78 101 101 101 0 56 
55 102 102 102 102 78 2 78 102 102 102 102 55 
55 2 2 2 0 79 2 79 0 2 2 2 55 
55 2 2 0 101 79 2 79 101 0 2 2 55 
55 2 0 101 101 79 2 79 101 101 0 2 55 
55 0 101 101 101 79 2 79 101 101 101 0 55 
54 102 102 102 102 79 2 79 102 102 102 102 54 
54 2 2 2 0 80 2 80 0 2 2 2 54 
54 2 2 0 101 80 2 80 101 0 2 2 54 
54 2 0 101 101 80 2 80 101 101 0 2 54 
54 0 101 101 101 80 2 80 101 101 101 0 54 
53 102 102 102 102 80 2 80 102 102 102 102 53 
53 2 2 2 0 81 2 81 0 2 2 2 53 
53 2 2 0 101 81 2 81 101 0 2 2 53 
53 2 0 101 101 81 2 81 101 101 0 2 53 
53 0 101 101 101 81 2 81 101 101 101 0 53 
52 102 102 102 102 81 2 81 102 102 102 102 52 
52 2 2 2 0 82 2 82 0 2 2 2 52 
52 2 2 0 101 82 2 82 101 0 2 2 52 
52 2 0 101 101 82 2 82 101 101 0 2 52 
52 0 101 101 101 82 2 82 101 101 101 0 52 
51 102 102 102 102 82 2 82 102 102 102 102 51 
51 2 2 2 0 83 2 83 0 2 2 2 51 
51 2 2 0 101 83 2 83 101 0 2 2 51 
51 2 0 101 101 83 2 83 101 101 0 2 51 
51 0 101 101 101 83 2 83 101 101 101 0 51 
50 102 102 102 102 83 2 83 102 102 102 102 50 
50 2 2 2 0 84 2 84 0 2 2 2 50 
50 2 2 0 101 84 2 84 101 0 2 2 50 
50 2 0 101 101 84 2 84 101 101 0 2 50 
50 0 101 101 101 84 2 84 101 101 101 0 50 
49 102 102 102 102 84 2 84 102 102 102 102 49 
49 2 2 2 0 85 2 85 0 2 2 2 49 
49 2 2 0 101 85 2 85 101 0 2 2 49 
49 2 0 101 101 85 2 85 101 101 0 2 49 
49 0 101 101 101 85 2 85 101 101 101 0 49 
48 102 102 102 102 85 2 85 102 102 102 102 48 
48 2 2 2 0 86 2 86 0 2 2 2 48 
48 2 2 0 101 86 2 86 101 0 2 2 48 
48 2 0 101 101 86 2 86 101 101 0 2 48 
48 0 101 101 101 86 2 86 101 101 101 0 48 
47 102 102 102 102 86 2 86 102 102 102 102 47 
47 2 2 2 0 87 2 87 0 2 2 2 47 
47 2 2 0 101 87 2 87 101 0 2 2 47 
47 2 0 101 101 87 2 87 101 101 0 2 47 
47 0 101 101 101 87 2 87 101 101 101 0 47 
46 102 102 102 102 87 2 87 102 102 102 102 46 
46 2 2 2 0 88 2 88 0 2 2 2 46 
46 2 2 0 101 88 2 88 101 0 2 2 46 
46 2 0 101 101 88 2 88 101 101 0 2 46 
46 0 101 101 101 88 2 88 101 101 101 0 46 
45 102 102 102 102 88 2 88 102 102 102 102 45 
45 2 2 2 0 89 2 89 0 2 2 2 45 
45 2 2 0 101 89 2 89 101 0 2 2 45 
45 2 0 101 101 89 2 89 101 101 0 2 45 
45 0 101 101 101 89 2 89 101 101 101 0 45 
44 102 102 102 102 89 2 89 102 102 102 102 44 
44 2 2 2 0 90 2 90 0 2 2 2 44 
44 2 2 0 101 90 2 90 101 0 2 2 44 
44 2 0 101 101 90 2 90 101 101 0 2 44 
44 0 101 101 101 90 2 90 101 101 101 0 44 
43 102 102 102 102 90 2 90 102 102 102 102 43 
43 2 2 2 0 91 2 91 0 2 2 2 43 
43 2 2 0 101 91 2 91 101 0 2 2 43 
43 2 0 101 101 91 2 91 101 101 0 2 43 
43 0 101 101 101 91 2 91 101 101 101 0 43 
42 102 102 102 102 91 2 91 102 102 102 102 42 
42 2 2 2 0 92 2 92 0 2 2 2 42 
42 2 2 0 101 92 2 92 101 0 2 2 42 
42 2 0 101 101 92 2 92 101 101 0 2 42 
42 0 101 101 101 92 2 92 101 101 101 0 42 
41 102 102 102 102 92 2 92 102 102 102 102 41 
41 2 2 2 0 93 2 93 0 2 2 2 41 
41 2 2 0 101 93 2 93 101 0 2 2 41 
41 2 0 101 101 93 2 93 101 101 0 2 41 
41 0 101 101 101 93 2 93 101 101 101 0 41 
40 102 102 102 102 93 2 93 102 102 102 102 40 
40 2 2 2 0 94 2 94 0 2 2 2 40 
40 2 2 0 101 94 2 94 101 0 2 2 40 
40 2 0 101 101 94 2 94 101 101 0 2 40 
40 0 101 101 101 94 2 94 101 101 101 0 40 
39 102 102 102 102 94 2 94 102 102 102 102 39 
39 2 2 2 0 95 2 95 0 2 2 2 39 
39 2 2 0 101 95 2 95 101 0 2 2 39 
39 2 0 101 101 95 2 95 101 101 0 2 39 
39 0 101 101 101 95 2 95 101 101 101 0 39 
38 102 102 102 102 95 2 95 102 102 102 102 38 
38 2 2 2 0 96 2 96 0 2 2 2 38 
38 2 2 0 101 96 2 96 101 0 2 2 38 
38 2 0 101 101 96 2 96 101 101 0 2 38 
38 0 101 101 101 96 2 96 101 101 101 0 38 
37 102 102 102 102 96 2 96 102 102 102 102 37 
37 2 2 2 0 97 2 97 0 2 2 2 37 
37 2 2 0 101 97 2 97 101 0 2 2 37 
37 2 0 101 101 97 2 97 101 101 0 2 37 
37 0 101 101 101 97 2 97 101 101 101 0 37 
36 102 102 102 102 97 2 97 102 102 102 102 36 
36 2 2 2 0 98 2 98 0 2 2 2 36 
36 2 2 0 101 98 2 98 101 0 2 2 36 
36 2 0 101 101 98 2 98 101 101 0 2 36 
36 0 101 101 101 98 2 98 101 101 101 0 36 
35 102 102 102 102 98 2 98 102 102 102 102 35 
35 2 2 2 0 99 2 99 0 2 2 2 35 
35 2 2 0 101 99 2 99 101 0 2 2 35 
35 2 0 101 101 99 2 99 101 101 0 2 35 
35 0 101 101 101 99 2 99 101 101 101 0 35 
34 102 102 102 102 99 2 99 102 102 102 102 34 
34 2 2 2 0 100 2 100 0 2 2 2 34 
34 2 2 0 101 100 2 100 101 0 2 2 34 
34 2 0 101 101 100 2 100 101 101 0 2 34 
34 0 101 101 101 100 2 100 101 101 101 0 34 
33 102 102 102 102 100 2 100 102 102 102 102 33 
33 2 2 2 0 101 2 101 0 2 2 2 33 
33 2 2 0 101 101 2 101 101 0 2 2 33 
33 2 0 101 101 101 2 101 101 101 0 2 33 
33 0 101 101 101 101 2 101 101 101 101 0 33 
32 102 102 102 102 102 2 102 102 102 102 102 32 
32 2 2 2 2 0 4 0 2 2 2 2 32 
32 2 2 2 0 101 4 101 0 2 2 2 32 
32 2 2 0 101 101 4 101 101 0 2 2 32 
32 2 0 101 101 101 4 101 101 101 0 2 32 
32 0 101 101 101 101 4 101 101 101 101 0 32 
31 102 102 102 102 102 4 102 102 102 102 102 31 
31 2 2 2 2 0 6 0 2 2 2 2 31 
31 2 2 2 0 101 6 101 0 2 2 2 31 
31 2 2 0 101 101 6 101 101 0 2 2 31 
31 2 0 101 101 101 6 101 101 101 0 2 31 
31 0 101 101 101 101 6 101 101 101 101 0 31 
30 102 102 102 102 102 6 102 102 102 102 102 30 
30 2 2 2 2 0 8 0 2 2 2 2 30 
30 2 2 2 0 101 8 101 0 2 2 2 30 
30 2 2 0 101 101 8 101 101 0 2 2 30 
30 2 0 101 101 101 8 101 101 101 0 2 30 
30 0 101 101 101 101 8 101 101 101 101 0 30 
29 102 102 102 102 102 8 102 102 102 102 102 29 
29 2 2 2 2 0 10 0 2 2 2 2 29 
29 2 2 2 0 101 10 101 0 2 2 2 29 
29 2 2 0 101 101 10 101 101 0 2 2 29 
29 2 0 101 101 101 10 101 101 101 0 2 29 
29 0 101 101 101 101 10 101 101 101 101 0 29 
28 102 102 102 102 102 10 102 102 102 102 102 28 
28 2 2 2 2 0 12 0 2 2 2 2 28 
28 2 2 2 0 101 12 101 0 2 2 2 28 
28 2 2 0 101 101 12 101 101 0 2 2 28 
28 2 0 101 101 101 12 101 101 101 0 2 28 
28 0 101 101 101 101 12 101 101 101 101 0 28 
27 102 102 102 102 102 12 102 102 102 102 102 27 
27 2 2 2 2 0 14 0 2 2 2 2 27 
27 2 2 2 0 101 14 101 0 2 2 2 27 
27 2 2 0 101 101 14 101 101 0 2 2 27 
27 2 0 101 101 101 14 101 101 101 0 2 27 
27 0 101 101 101 101 14 101 101 101 101 0 27 
26 102 102 102 102 102 14 102 102 102 102 102 26 
26 2 2 2 2 0 16 0 2 2 2 2 26 
26 2 2 2 0 101 16 101 0 2 2 2 26 
26 2 2 0 101 101 16 101 101 0 2 2 26 
26 2 0 101 101 101 16 101 101 101 0 2 26 
26 0 101 101 101 101 16 101 101 101 101 0 26 
25 102 102 102 102 102 16 102 102 102 102 102 25 
25 2 2 2 2 0 18 0 2 2 2 2 25 
25 2 2 2 0 101 18 101 0 2 2 2 25 
25 2 2 0 101 101 18 101 101 0 2 2 25 
25 2 0 101 101 101 18 101 101 101 0 2 25 
25 0 101 101 101 101 18 101 101 101 101 0 25 
24 102 102 102 102 102 18 102 102 102 102 102 24 
24 2 2 2 2 0 20 0 2 2 2 2 24 
24 2 2 2 0 101 20 101 0 2 2 2 24 
24 2 2 0 101 101 20 101 101 0 2 2 24 
24 2 0 101 101 101 20 101 101 101 0 2 24 
24 0 101 101 101 101 20 101 101 101 101 0 24 
23 102 102 102 102 102 20 102 102 102 102 102 23 
23 2 2 2 2 0 22 0 2 2 2 2 23 
23 2 2 2 0 101 22 101 0 2 2 2 23 
23 2 2 0 101 101 22 101 101 0 2 2 23 
23 2 0 101 101 101 22 101 101 101 0 2 23 
23 0 101 101 101 101 22 101 101 101 101 0 23 
22 102 102 102 102 102 22 102 102 102 102 102 22 
22 2 2 2 2 0 24 0 2 2 2 2 22 
22 2 2 2 0 101 24 101 0 2 2 2 22 
22 2 2 0 101 101 24 101 101 0 2 2 22 
22 2 0 101 101 101 24 101 101 101 0 2 22 
22 0 101 101 101 101 24 101 101 101 101 0 22 
21 102 102 102 102 102 24 102 102 102 102 102 21 
21 2 2 2 2 0 26 0 2 2 2 2 21 
21 2 2 2 0 101 26 101 0 2 2 2 21 
21 2 2 0 101 101 26 101 101 0 2 2 21 
21 2 0 101 101 101 26 101 101 101 0 2 21 
21 0 101 101 101 101 26 101 101 101 101 0 21 
20 102 102 102 102 102 26 102 102 102 102 102 20 
20 2 2 2 2 0 28 0 2 2 2 2 20 
20 2 2 2 0 101 28 101 0 2 2 2 20 
20 2 2 0 101 101 28 101 101 0 2 2 20 
20 2 0 101 101 101 28 101 101 101 0 2 20 
20 0 101 101 101 101 28 101 101 101 101 0 20 
19 102 102 102 102 102 28 102 102 102 102 102 19 
19 2 2 2 2 0 30 0 2 2 2 2 19 
19 2 2 2 0 101 30 101 0 2 2 2 19 
19 2 2 0 101 101 30 101 101 0 2 2 19 
19 2 0 101 101 101 30 101 101 101 0 2 19 
19 0 101 101 101 101 30 101 101 101 101 0 19 
18 102 102 102 102 102 30 102 102 102 102 102 18 
18 2 2 2 2 0 32 0 2 2 2 2 18 
18 2 2 2 0 101 32 101 0 2 2 2 18 
18 2 2 0 101 101 32 101 101 0 2 2 18 
18 2 0 101 101 101 32 101 101 101 0 2 18 
18 0 101 101 101 101 32 101 101 101 101 0 18 
17 102 102 102 102 102 32 102 102 102 102 102 17 
17 2 2 2 2 0 34 0 2 2 2 2 17 
17 2 2 2 0 101 34 101 0 2 2 2 17 
17 2 2 0 101 101 34 101 101 0 2 2 17 
17 2 0 101 101 101 34 101 101 101 0 2 17 
17 0 101 101 101 101 34 101 101 101 101 0 17 
16 102 102 102 102 102 34 102 102 102 102 102 16 
16 2 2 2 2 0 36 0 2 2 2 2 16 
16 2 2 2 0 101 36 101 0 2 2 2 16 
16 2 2 0 101 101 36 101 101 0 2 2 16 
16 2 0 101 101 101 36 101 101 101 0 2 16 
16 0 101 101 101 101 36 101 101 101 101 0 16 
15 102 102 102 102 102 36 102 102 102 102 102 15 
15 2 2 2 2 0 38 0 2 2 2 2 15 
15 2 2 2 0 101 38 101 0 2 2 2 15 
15 2 2 0 101 101 38 101 101 0 2 2 15 
15 2 0 101 101 101 38 101 101 101 0 2 15 
15 0 101 101 101 101 38 101 101 101 101 0 15 
14 102 102 102 102 102 38 102 102 102 102 102 14 
14 2 2 2 2 0 40 0 2 2 2 2 14 
14 2 2 2 0 101 40 101 0 2 2 2 14 
14 2 2 0 101 101 40 101 101 0 2 2 14 
14 2 0 101 101 101 40 101 101 101 0 2 14 
14 0 101 101 101 101 40 101 101 101 101 0 14 
13 102 102 102 102 102 40 102 102 102 102 102 13 
13 2 2 2 2 0 42 0 2 2 2 2 13 
13 2 2 2 0 101 42 101 0 2 2 2 13 
13 2 2 0 101 101 42 101 101 0 2 2 13 
13 2 0 101 101 101 42 101 101 101 0 2 13 
13 0 101 101 101 101 42 101 101 101 101 0 13 
12 102 102 102 102 102 42 102 102 102 102 102 12 
12 2 2 2 2 0 44 0 2 2 2 2 12 
12 2 2 2 0 101 44 101 0 2 2 2 12 
12 2 2 0 101 101 44 101 101 0 2 2 12 
12 2 0 101 101 101 44 101 101 101 0 2 12 
12 0 101 101 101 101 44 101 101 101 101 0 12 
11 102 102 102 102 102 44 102 102 102 102 102 11 
11 2 2 2 2 0 46 0 2 2 2 2 11 
11 2 2 2 0 101 46 101 0 2 2 2 11 
11 2 2 0 101 101 46 101 101 0 2 2 11 
11 2 0 101 101 101 46 101 101 101 0 2 11 
11 0 101 101 101 101 46 101 101 101 101 0 11 
10 102 102 102 102 102 46 102 102 102 102 102 10 
10 2 2 2 2 0 48 0 2 2 2 2 10 
10 2 2 2 0 101 48 101 0 2 2 2 10 
10 2 2 0 101 101 48 101 101 0 2 2 10 
10 2 0 101 101 101 48 101 101 101 0 2 10 
10 0 101 101 101 101 48 101 101 101 101 0 10 
9 102 102 102 102 102 48 102 102 102 102 102 9 
9 2 2 2 2 0 50 0 2 2 2 2 9 
9 2 2 2 0 101 50 101 0 2 2 2 9 
9 2 2 0 101 101 50 101 101 0 2 2 9 
9 2 0 101 101 101 50 101 101 101 0 2 9 
9 0 101 101 101 101 50 101 101 101 101 0 9 
8 102 102 102 102 102 50 102 102 102 102 102 8 
8 2 2 2 2 0 52 0 2 2 2 2 8 
8 2 2 2 0 101 52 101 0 2 2 2 8 
8 2 2 0 101 101 52 101 101 0 2 2 8 
8 2 0 101 101 101 52 101 101 101 0 2 8 
8 0 101 101 101 101 52 101 101 101 101 0 8 
7 102 102 102 102 102 52 102 102 102 102 102 7 
7 2 2 2 2 0 54 0 2 2 2 2 7 
7 2 2 2 0 101 54 101 0 2 2 2 7 
7 2 2 0 101 101 54 101 101 0 2 2 7 
7 2 0 101 101 101 54 101 101 101 0 2 7 
7 0 101 101 101 101 54 101 101 101 101 0 7 
6 102 102 102 102 102 54 102 102 102 102 102 6 
6 2 2 2 2 0 56 0 2 2 2 2 6 
6 2 2 2 0 101 56 101 0 2 2 2 6 
6 2 2 0 101 101 56 101 101 0 2 2 6 
6 2 0 101 101 101 56 101 101 101 0 2 6 
6 0 101 101 101 101 56 101 101 101 101 0 6 
5 102 102 102 102 102 56 102 102 102 102 102 5 
5 2 2 2 2 0 58 0 2 2 2 2 5 
5 2 2 2 0 101 58 101 0 2 2 2 5 
5 2 2 0 101 101 58 101 101 0 2 2 5 
5 2 0 101 101 101 58 101 101 101 0 2 5 
5 0 101 101 101 101 58 101 101 101 101 0 5 
4 102 102 102 102 102 58 102 102 102 102 102 4 
4 2 2 2 2 0 60 0 2 2 2 2 4 
4 2 2 2 0 101 60 101 0 2 2 2 4 
4 2 2 0 101 101 60 101 101 0 2 2 4 
4 2 0 101 101 101 60 101 101 101 0 2 4 
4 0 101 101 101 101 60 101 101 101 101 0 4 
3 102 102 102 102 102 60 102 102 102 102 102 3 
3 2 2 2 2 0 62 0 2 2 2 2 3 
3 2 2 2 0 101 62 101 0 2 2 2 3 
3 2 2 0 101 101 62 101 101 0 2 2 3 
3 2 0 101 101 101 62 101 101 101 0 2 3 
3 0 101 101 101 101 62 101 101 101 101 0 3 
2 102 102 102 102 102 62 102 102 102 102 102 2 
2 2 2 2 2 0 64 0 2 2 2 2 2 
2 2 2 2 0 101 64 101 0 2 2 2 2 
2 2 2 0 101 101 64 101 101 0 2 2 2 
2 2 0 101 101 101 64 101 101 101 0 2 2 
2 0 101 101 101 101 64 101 101 101 101 0 2 
1 102 102 102 102 102 64 102 102 102 102 102 1 
1 2 2 2 2 0 66 0 2 2 2 2 1 
1 2 2 2 0 101 66 101 0 2 2 2 1 
1 2 2 0 101 101 66 101 101 0 2 2 1 
1 2 0 101 101 101 66 101 101 101 0 2 1 
1 0 101 101 101 101 66 101 101 101 101 0 1 
0 102 102 102 102 102 66 102 102 102 102 102 0 
0 2 2 2 2 0 68 0 2 2 2 2 0 
0 2 2 2 0 101 68 101 0 2 2 2 0 
0 2 2 0 101 101 68 101 101 0 2 2 0 
0 2 0 101 101 101 68 101 101 101 0 2 0 
0 0 101 101 101 101 68 101 101 101 101 0 0 
-1 102 102 102 102 102 68 102 102 102 102 102 -1 
-1 2 2 2 2 0 70 0 2 2 2 2 -1 
-1 2 2 2 0 101 70 101 0 2 2 2 -1 
-1 2 2 0 101 101 70 101 101 0 2 2 -1 
-1 2 0 101 101 101 70 101 101 101 0 2 -1 
-1 1 102 102 102 102 70 102 102 102 102 1 -1 
-1 1 2 2 2 0 72 0 2 2 2 1 -1 
-1 1 2 2 0 101 72 101 0 2 2 1 -1 
-1 1 2 0 101 101 72 101 101 0 2 1 -1 
-1 1 0 101 101 101 72 101 101 101 0 1 -1 
-1 0 102 102 102 102 72 102 102 102 102 0 -1 
-1 0 2 2 2 0 74 0 2 2 2 0 -1 
-1 0 2 2 0 101 74 101 0 2 2 0 -1 
-1 0 2 0 101 101 74 101 101 0 2 0 -1 
-1 0 0 101 101 101 74 101 101 101 0 0 -1 
-1 -1 102 102 102 102 74 102 102 102 102 -1 -1 
-1 -1 2 2 2 0 76 0 2 2 2 -1 -1 
-1 -1 2 2 0 101 76 101 0 2 2 -1 -1 
-1 -1 2 0 101 101 76 101 101 0 2 -1 -1 
-1 -1 1 102 102 102 76 102 102 102 1 -1 -1 
-1 -1 1 2 2 0 78 0 2 2 1 -1 -1 
-1 -1 1 2 0 101 78 101 0 2 1 -1 -1 
-1 -1 1 0 101 101 78 101 101 0 1 -1 -1 
-1 -1 0 102 102 102 78 102 102 102 0 -1 -1 
-1 -1 0 2 2 0 80 0 2 2 0 -1 -1 
-1 -1 0 2 0 101 80 101 0 2 0 -1 -1 
-1 -1 0 0 101 101 80 101 101 0 0 -1 -1 
-1 -1 -1 102 102 102 80 102 102 102 -1 -1 -1 
-1 -1 -1 2 2 0 82 0 2 2 -1 -1 -1 
-1 -1 -1 2 0 101 82 101 0 2 -1 -1 -1 
-1 -1 -1 1 102 102 82 102 102 1 -1 -1 -1 
-1 -1 -1 1 2 0 84 0 2 1 -1 -1 -1 
-1 -1 -1 1 0 101 84 101 0 1 -1 -1 -1 
-1 -1 -1 0 102 102 84 102 102 0 -1 -1 -1 
-1 -1 -1 0 2 0 86 0 2 0 -1 -1 -1 
-1 -1 -1 0 0 101 86 101 0 0 -1 -1 -1 
-1 -1 -1 -1 102 102 86 102 102 -1 -1 -1 -1 
-1 -1 -1 -1 2 0 88 0 2 -1 -1 -1 -1 
-1 -1 -1 -1 1 102 88 102 1 -1 -1 -1 -1 
-1 -1 -1 -1 1 0 90 0 1 -1 -1 -1 -1 
-1 -1 -1 -1 0 102 90 102 0 -1 -1 -1 -1 
-1 -1 -1 -1 0 0 92 0 0 -1 -1 -1 -1 
-1 -1 -1 -1 -1 102 92 102 -1 -1 -1 -1 -1 
-1 -1 -1 -1 -1 1 94 1 -1 -1 -1 -1 -1 
-1 -1 -1 -1 -1 0 96 0 -1 -1 -1 -1 -1 
-1 -1 -1 -1 -1 -1 99 -1 -1 -1 -1 -1 -1 
