0 0 0 0 0 0 0 0 1 2 2 2 2 2 1 0 0 0 0 0 0 0 0 
0 0 0 0 0 0 1 3 1.8 0.6 2.6 3.6 2.6 0.6 1.8 3 1 0 0 0 0 0 0 
0 0 0 0 0 3 1.8 3.6 3.2 1.8 3.6 0.4 3.6 1.8 3.2 3.6 1.8 3 0 0 0 0 0 
0 0 0 0 4 0.6 3.2 3.6 1.8 4.2 1.6 2.4 1.6 4.2 1.8 3.6 3.2 0.6 4 0 0 0 0 
0 0 0 4 1.6 4 2 2.8 1.4 3.2 3.2 2.8 3.2 3.2 1.4 2.8 2 4 1.6 4 0 0 0 
0 0 3 0.6 4 1.8 4.2 2 3.6 4.2 3.2 3.4 3.2 4.2 3.6 2 4.2 1.8 4 0.6 3 0 0 
0 1 1.8 3.2 2 4.2 1.4 1.8 1.4 3.8 3.8 1 3.8 3.8 1.4 1.8 1.4 4.2 2 3.2 1.8 1 0 
0 3 3.6 3.6 2.8 2 1.8 4 3.2 4.2 3.8 2.8 3.8 4.2 3.2 4 1.8 2 2.8 3.6 3.6 3 0 
1 1.8 3.2 1.8 1.4 3.6 1.4 3.2 0.8 1.6 3.4 1 3.4 1.6 0.8 3.2 1.4 3.6 1.4 1.8 3.2 1.8 1 
2 0.6 1.8 4.2 3.2 4.2 3.8 4.2 1.6 3.8 4 2.6 4 3.8 1.6 4.2 3.8 4.2 3.2 4.2 1.8 0.6 2 
2 2.6 3.6 1.6 3.2 3.2 3.8 3.8 3.4 4 1 3.2 1 4 3.4 3.8 3.8 3.2 3.2 1.6 3.6 2.6 2 
2 3.6 0.4 2.4 2.8 3.4 1 2.8 1 2.6 3.2 2.8 3.2 2.6 1 2.8 1 3.4 2.8 2.4 0.4 3.6 2 
2 2.6 3.6 1.6 3.2 3.2 3.8 3.8 3.4 4 1 3.2 1 4 3.4 3.8 3.8 3.2 3.2 1.6 3.6 2.6 2 
2 0.6 1.8 4.2 3.2 4.2 3.8 4.2 1.6 3.8 4 2.6 4 3.8 1.6 4.2 3.8 4.2 3.2 4.2 1.8 0.6 2 
1 1.8 3.2 1.8 1.4 3.6 1.4 3.2 0.8 1.6 3.4 1 3.4 1.6 0.8 3.2 1.4 3.6 1.4 1.8 3.2 1.8 1 
0 3 3.6 3.6 2.8 2 1.8 4 3.2 4.2 3.8 2.8 3.8 4.2 3.2 4 1.8 2 2.8 3.6 3.6 3 0 
0 1 1.8 3.2 2 4.2 1.4 1.8 1.4 3.8 3.8 1 3.8 3.8 1.4 1.8 1.4 4.2 2 3.2 1.8 1 0 
0 0 3 0.6 4 1.8 4.2 2 3.6 4.2 3.2 3.4 3.2 4.2 3.6 2 4.2 1.8 4 0.6 3 0 0 
0 0 0 4 1.6 4 2 2.8 1.4 3.2 3.2 2.8 3.2 3.2 1.4 2.8 2 4 1.6 4 0 0 0 
0 0 0 0 4 0.6 3.2 3.6 1.8 4.2 1.6 2.4 1.6 4.2 1.8 3.6 3.2 0.6 4 0 0 0 0 
0 0 0 0 0 3 1.8 3.6 3.2 1.8 3.6 0.4 3.6 1.8 3.2 3.6 1.8 3 0 0 0 0 0 
0 0 0 0 0 0 1 3 1.8 0.6 2.6 3.6 2.6 0.6 1.8 3 1 0 0 0 0 0 0 
0 0 0 0 0 0 0 0 1 2 2 2 2 2 1 0 0 0 0 0 0 0 0 
