1 1 1 2 2 2 3 3 3 3 3 3 3 3 3 3 3 3 3 3 3 3 3 3 3 3 3 3 3 3 3 3 3 3 3 3 3 3 3 3 3 3 3 3 3 3 3 3 3 3 3 3 3 3 3 3 3 3 3 3 3 3 3 3 3 3 3 3 3 3 3 3 3 3 3 3 3 3 3 3 3 3 3 3 3 3 3 3 3 3 3 3 3 3 3 3 3 3 3 3 3 3 3 3 3 3 3 3 3 3 3 3 3 3 3 3 3 3 3 3 3 3 3 3 3 3 3 3 3 3 3 3 3 3 3 3 3 3 3 3 3 3 3 3 3 3 3 3 3 3 3 3 3 3 3 3 3 2 2 2 1 1 1 
1 10 37 5 23 30 1 7 14 18 22 24 25 26 27 27 28 28 28 28 29 29 29 29 29 29 29 29 29 29 29 29 29 29 29 29 29 29 29 29 29 29 29 29 29 29 29 29 29 29 29 29 29 29 29 29 29 29 29 29 29 29 29 29 29 29 29 29 29 29 29 29 29 29 29 29 29 29 29 29 29 29 29 29 29 29 29 29 29 29 29 29 29 29 29 29 29 29 29 29 29 29 29 29 29 29 29 29 29 29 29 29 29 29 29 29 29 29 29 29 29 29 29 29 29 29 29 29 29 29 29 29 29 29 29 29 29 29 29 29 29 29 29 28 28 28 28 27 27 26 25 24 22 18 14 7 1 30 23 5 37 10 1 
1 37 28 17 9 17 19 10 23 5 36 35 27 22 3 27 1 16 26 38 5 13 18 22 26 29 32 34 35 36 36 36 37 37 37 37 37 37 38 38 38 38 38 38 38 38 38 38 38 38 38 38 38 38 38 38 38 38 38 38 38 38 38 38 38 38 38 38 38 38 38 38 38 38 38 38 38 38 38 38 38 38 38 38 38 38 38 38 38 38 38 38 38 38 38 38 38 38 38 38 38 38 38 38 38 38 38 38 38 38 38 38 38 38 38 38 38 38 38 38 38 38 38 38 38 37 37 37 37 37 37 36 36 36 35 34 32 29 26 22 18 13 5 38 26 16 1 27 3 22 27 35 36 5 23 10 19 17 9 17 28 37 1 
2 5 17 22 18 11 20 16 3 11 23 37 36 32 4 6 1 39 36 3 7 5 3 34 14 25 2 6 17 2 20 33 4 13 21 27 32 37 1 4 7 9 11 12 13 14 14 14 15 15 15 15 15 15 15 15 15 15 15 15 15 15 15 15 15 15 15 15 15 15 15 15 15 15 15 15 15 15 15 15 15 15 15 15 15 15 15 15 15 15 15 15 15 15 15 15 15 15 15 15 15 15 15 15 15 15 15 15 15 15 15 15 15 15 15 14 14 14 13 12 11 9 7 4 1 37 32 27 21 13 4 33 20 2 17 6 2 25 14 34 3 5 7 3 36 39 1 6 4 32 36 37 23 11 3 16 20 11 18 22 17 5 2 
2 23 9 18 14 20 38 8 35 6 20 24 12 2 0 35 27 36 10 19 1 5 26 27 0 28 23 35 11 19 14 27 17 36 12 9 14 19 1 37 14 15 2 16 19 7 23 34 2 8 13 17 20 23 25 27 29 30 31 32 33 33 34 34 34 34 34 35 35 35 35 35 35 35 35 35 35 35 35 35 35 35 35 35 35 35 35 35 35 35 35 35 35 35 35 35 34 34 34 34 34 33 33 32 31 30 29 27 25 23 20 17 13 8 2 34 23 7 19 16 2 15 14 37 1 19 14 9 12 36 17 27 14 19 11 35 23 28 0 27 26 5 1 19 10 36 27 35 0 2 12 24 20 6 35 8 38 20 14 18 9 23 2 
2 30 17 11 20 38 38 38 31 2 22 23 39 3 31 25 23 14 34 7 27 22 0 26 36 14 26 24 32 8 7 15 13 30 25 15 11 15 11 3 20 9 23 36 15 8 37 39 7 39 26 24 35 24 35 31 14 27 31 27 16 39 14 24 30 34 39 1 4 6 8 9 10 11 12 12 13 13 13 14 14 14 14 14 13 13 13 12 12 11 10 9 8 6 4 1 39 34 30 24 14 39 16 27 31 27 14 31 35 24 35 24 26 39 7 39 37 8 15 36 23 9 20 3 11 15 11 15 25 30 13 15 7 8 32 24 26 14 36 26 0 22 27 7 34 14 23 25 31 3 39 23 22 2 31 38 38 38 20 11 17 30 2 
3 1 19 20 38 38 20 8 30 23 31 0 9 39 5 21 7 6 20 2 18 1 10 28 35 20 38 2 4 28 34 12 24 0 11 8 1 34 17 36 19 26 15 39 20 12 30 16 15 19 37 33 21 21 21 28 19 23 0 17 5 19 13 30 30 39 7 32 37 28 7 17 18 13 1 25 4 20 34 3 11 13 11 3 34 20 4 25 1 13 18 17 7 28 37 32 7 39 30 30 13 19 5 17 0 23 19 28 21 21 21 33 37 19 15 16 30 12 20 39 15 26 19 36 17 34 1 8 11 0 24 12 34 28 4 2 38 20 35 28 10 1 18 2 20 6 7 21 5 39 9 0 31 23 30 8 20 38 38 20 19 1 3 
3 7 10 16 8 38 8 8 17 22 1 19 8 29 16 26 32 20 20 14 20 29 6 15 2 36 15 6 21 10 35 2 31 22 25 29 30 35 0 28 36 27 7 18 28 22 18 14 3 36 30 18 26 13 1 17 32 23 27 16 12 32 22 16 39 15 1 5 11 27 36 27 30 10 15 36 23 37 11 32 4 18 4 32 11 37 23 36 15 10 30 27 36 27 11 5 1 15 39 16 22 32 12 16 27 23 32 17 1 13 26 18 30 36 3 14 18 22 28 18 7 27 36 28 0 35 30 29 25 22 31 2 35 10 21 6 15 36 2 15 6 29 20 14 20 20 32 26 16 29 8 19 1 22 17 8 8 38 8 16 10 7 3 
3 14 23 3 35 31 30 17 12 28 21 4 10 8 30 1 20 0 21 0 1 2 9 9 9 20 20 11 29 14 31 30 33 10 16 24 23 6 3 22 32 13 3 15 25 2 5 4 32 25 8 19 27 25 23 25 37 31 39 28 20 22 26 5 25 25 20 2 35 7 27 34 21 29 13 8 25 34 1 9 8 4 8 9 1 34 25 8 13 29 21 34 27 7 35 2 20 25 25 5 26 22 20 28 39 31 37 25 23 25 27 19 8 25 32 4 5 2 25 15 3 13 32 22 3 6 23 24 16 10 33 30 31 14 29 11 20 20 9 9 9 2 1 0 21 0 20 1 30 8 10 4 21 28 12 17 30 31 35 3 23 14 3 
3 18 5 11 6 2 23 22 28 14 31 15 5 37 26 25 32 38 22 16 35 2 16 17 21 17 14 18 25 32 5 0 17 5 27 2 15 30 23 35 15 23 25 29 15 22 10 22 17 34 39 25 31 17 25 37 27 31 2 36 27 39 24 37 31 9 28 26 20 14 19 1 7 33 3 39 18 38 32 23 12 20 12 23 32 38 18 39 3 33 7 1 19 14 20 26 28 9 31 37 24 39 27 36 2 31 27 37 25 17 31 25 39 34 17 22 10 22 15 29 25 23 15 35 23 30 15 2 27 5 17 0 5 32 25 18 14 17 21 17 16 2 35 16 22 38 32 25 26 37 5 15 31 14 28 22 23 2 6 11 5 18 3 
3 22 36 23 20 22 31 1 21 31 32 16 7 8 37 29 31 14 24 33 0 20 6 34 18 7 7 37 28 36 10 34 33 24 8 25 22 7 20 8 21 27 26 13 27 38 12 24 34 32 37 9 36 26 22 14 0 35 2 39 9 25 18 9 2 12 10 37 21 9 4 1 3 39 0 39 28 33 31 24 18 23 18 24 31 33 28 39 0 39 3 1 4 9 21 37 10 12 2 9 18 25 9 39 2 35 0 14 22 26 36 9 37 32 34 24 12 38 27 13 26 27 21 8 20 7 22 25 8 24 33 34 10 36 28 37 7 7 18 34 6 20 0 33 24 14 31 29 37 8 7 16 32 31 21 1 31 22 20 23 36 22 3 
3 24 35 37 24 23 0 19 4 15 16 4 15 34 0 28 28 34 10 34 22 14 20 20 28 31 18 11 8 4 18 4 3 16 28 16 1 14 37 22 15 6 2 9 10 0 36 36 4 1 5 31 38 20 32 37 2 4 34 34 25 36 35 34 36 0 17 32 8 3 16 21 2 32 3 13 21 29 9 22 4 35 4 22 9 29 21 13 3 32 2 21 16 3 8 32 17 0 36 34 35 36 25 34 34 4 2 37 32 20 38 31 5 1 4 36 36 0 10 9 2 6 15 22 37 14 1 16 28 16 3 4 18 4 8 11 18 31 28 20 20 14 22 34 10 34 28 28 0 34 15 4 16 15 4 19 0 23 24 37 35 24 3 
3 25 27 36 12 39 9 8 10 5 7 15 24 15 37 19 12 37 15 17 38 30 37 39 1 20 38 1 33 19 3 38 0 20 38 4 39 18 18 34 31 16 23 4 11 32 19 24 24 0 36 13 18 22 38 33 11 38 20 33 19 23 20 5 29 35 27 13 2 39 13 31 13 6 34 6 6 21 27 31 39 39 39 31 27 21 6 6 34 6 13 31 13 39 2 13 27 35 29 5 20 23 19 33 20 38 11 33 38 22 18 13 36 0 24 24 19 32 11 4 23 16 31 34 18 18 39 4 38 20 0 38 3 19 33 1 38 20 1 39 37 30 38 17 15 37 12 19 37 15 24 15 7 5 10 8 9 39 12 36 27 25 3 
3 26 22 32 2 3 39 29 8 37 8 34 15 12 1 13 4 34 31 1 38 7 6 5 34 3 4 4 33 23 10 20 28 5 10 36 5 22 11 24 13 4 4 8 15 38 8 30 30 7 39 2 19 10 25 38 0 32 21 38 14 8 12 32 38 14 14 10 23 5 10 17 28 10 18 33 9 11 8 5 35 21 35 5 8 11 9 33 18 10 28 17 10 5 23 10 14 14 38 32 12 8 14 38 21 32 0 38 25 10 19 2 39 7 30 30 8 38 15 8 4 4 13 24 11 22 5 36 10 5 28 20 10 23 33 4 4 3 34 5 6 7 38 1 31 34 4 13 1 12 15 34 8 37 8 29 39 3 2 32 22 26 3 
3 27 3 4 0 31 5 16 30 26 37 0 37 1 2 5 29 13 1 20 30 0 37 1 25 2 9 33 15 26 17 38 14 1 1 4 12 6 12 38 27 36 27 3 1 36 3 30 38 22 15 10 28 32 28 29 9 27 15 25 21 7 1 36 9 39 37 1 29 37 19 27 36 2 26 28 12 18 10 1 24 0 24 1 10 18 12 28 26 2 36 27 19 37 29 1 37 39 9 36 1 7 21 25 15 27 9 29 28 32 28 10 15 22 38 30 3 36 1 3 27 36 27 38 12 6 12 4 1 1 14 38 17 26 15 33 9 2 25 1 37 0 30 20 1 13 29 5 2 1 37 0 37 26 30 16 5 31 0 4 3 27 3 
3 27 27 6 35 25 21 26 1 25 29 28 19 13 5 8 15 20 1 15 5 32 12 22 9 22 0 10 0 14 28 9 39 12 36 2 34 5 25 14 24 24 18 17 33 36 22 9 31 5 37 3 10 39 7 34 31 14 13 2 28 31 25 20 8 13 11 21 6 34 10 6 3 26 33 21 20 6 33 2 3 12 3 2 33 6 20 21 33 26 3 6 10 34 6 21 11 13 8 20 25 31 28 2 13 14 31 34 7 39 10 3 37 5 31 9 22 36 33 17 18 24 24 14 25 5 34 2 36 12 39 9 28 14 0 10 0 22 9 22 12 32 5 15 1 20 15 8 5 13 19 28 29 25 1 26 21 25 35 6 27 27 3 
3 28 1 1 27 23 7 32 20 32 31 28 12 4 29 15 24 16 21 15 32 20 23 37 10 3 35 27 2 28 27 1 13 1 0 28 3 39 14 11 24 20 37 35 33 3 38 9 6 23 28 36 34 0 33 2 3 19 6 11 24 19 20 27 15 20 38 13 33 35 29 21 28 17 7 28 23 8 17 37 35 12 35 37 17 8 23 28 7 17 28 21 29 35 33 13 38 20 15 27 20 19 24 11 6 19 3 2 33 0 34 36 28 23 6 9 38 3 33 35 37 20 24 11 14 39 3 28 0 1 13 1 27 28 2 27 35 3 10 37 23 20 32 15 21 16 24 15 29 4 12 28 31 32 20 32 7 23 27 1 1 28 3 
3 28 16 39 36 14 6 20 0 38 14 34 37 34 13 20 16 36 19 38 9 20 4 16 34 11 6 4 24 3 10 4 28 6 10 31 15 34 27 39 33 37 32 23 21 9 36 7 26 17 7 26 37 37 35 29 26 3 36 34 15 6 5 5 9 7 30 29 36 22 23 31 34 39 9 22 37 18 6 7 24 3 24 7 6 18 37 22 9 39 34 31 23 22 36 29 30 7 9 5 5 6 15 34 36 3 26 29 35 37 37 26 7 17 26 7 36 9 21 23 32 37 33 39 27 34 15 31 10 6 28 4 10 3 24 4 6 11 34 16 4 20 9 38 19 36 16 20 13 34 37 34 14 38 0 20 6 14 36 39 16 28 3 
3 28 26 36 10 34 20 20 21 22 24 10 15 31 1 1 21 19 10 14 32 14 16 24 16 28 15 26 39 38 14 14 7 1 3 23 29 20 25 34 9 2 14 39 7 7 32 3 0 22 12 31 29 24 26 7 34 22 2 15 15 12 9 4 8 15 23 11 35 3 6 28 29 34 31 9 19 13 11 23 36 26 36 23 11 13 19 9 31 34 29 28 6 3 35 11 23 15 8 4 9 12 15 15 2 22 34 7 26 24 29 31 12 22 0 3 32 7 7 39 14 2 9 34 25 20 29 23 3 1 7 14 14 38 39 26 15 28 16 24 16 14 32 14 10 19 21 1 1 31 15 10 24 22 21 20 20 34 10 36 26 28 3 
3 28 38 3 19 7 2 14 0 16 33 34 17 1 20 15 15 38 14 12 33 3 3 27 30 6 31 6 24 15 10 5 13 32 31 19 4 32 7 5 12 11 17 19 22 3 2 31 16 27 2 16 30 22 13 20 14 26 33 34 32 0 39 35 2 11 11 21 1 13 4 34 6 27 27 0 24 1 3 18 24 37 24 18 3 1 24 0 27 27 6 34 4 13 1 21 11 11 2 35 39 0 32 34 33 26 14 20 13 22 30 16 2 27 16 31 2 3 22 19 17 11 12 5 7 32 4 19 31 32 13 5 10 15 24 6 31 6 30 27 3 3 33 12 14 38 15 15 20 1 17 34 33 16 0 14 2 7 19 3 38 28 3 
3 29 5 7 1 27 18 20 1 35 0 22 38 38 30 5 32 9 32 33 12 17 37 0 20 12 8 37 4 27 16 35 13 18 4 9 28 15 21 24 35 38 9 30 17 28 32 16 25 16 11 35 35 39 11 22 14 1 28 39 2 6 16 15 5 31 13 35 35 20 13 25 10 10 5 10 38 7 4 2 8 26 8 2 4 7 38 10 5 10 10 25 13 20 35 35 13 31 5 15 16 6 2 39 28 1 14 22 11 39 35 35 11 16 25 16 32 28 17 30 9 38 35 24 21 15 28 9 4 18 13 35 16 27 4 37 8 12 20 0 37 17 12 33 32 9 32 5 30 38 38 22 0 35 1 20 18 27 1 7 5 29 3 
3 29 13 5 5 22 1 29 2 2 20 14 30 7 0 32 20 20 14 3 17 20 20 9 15 32 24 2 19 2 19 11 10 15 38 37 29 35 35 27 38 15 7 17 10 0 28 4 15 34 36 30 34 36 4 33 6 35 38 9 19 10 10 20 34 9 34 37 36 25 0 36 14 9 16 9 8 29 19 36 19 38 19 36 19 29 8 9 16 9 14 36 0 25 36 37 34 9 34 20 10 10 19 9 38 35 6 33 4 36 34 30 36 34 15 4 28 0 10 17 7 15 38 27 35 35 29 37 38 15 10 11 19 2 19 2 24 32 15 9 20 20 17 3 14 20 20 32 0 7 30 14 20 2 2 29 1 22 5 5 13 29 3 
3 29 18 3 26 0 10 6 9 16 6 20 37 6 37 12 23 4 16 3 37 20 2 1 31 38 32 19 20 2 29 20 2 35 19 27 33 16 27 12 19 33 21 36 4 32 15 37 11 33 8 3 5 19 7 22 22 12 13 21 9 29 23 5 31 0 20 13 1 10 10 2 31 12 25 15 5 35 11 36 37 13 37 36 11 35 5 15 25 12 31 2 10 10 1 13 20 0 31 5 23 29 9 21 13 12 22 22 7 19 5 3 8 33 11 37 15 32 4 36 21 33 19 12 27 16 33 27 19 35 2 20 29 2 20 19 32 38 31 1 2 20 37 3 16 4 23 12 37 6 37 20 6 16 9 6 10 0 26 3 18 29 3 
3 29 22 34 27 26 28 15 9 17 34 20 39 5 1 22 37 16 24 27 0 9 1 28 36 37 8 18 7 3 11 20 32 24 4 16 34 0 26 18 37 5 38 2 16 35 24 21 14 32 6 21 30 20 30 30 37 31 31 37 17 27 12 17 26 16 38 11 21 22 4 23 23 7 23 33 11 2 11 36 16 26 16 36 11 2 11 33 23 7 23 23 4 22 21 11 38 16 26 17 12 27 17 37 31 31 37 30 30 20 30 21 6 32 14 21 24 35 16 2 38 5 37 18 26 0 34 16 4 24 32 20 11 3 7 18 8 37 36 28 1 9 0 27 24 16 37 22 1 5 39 20 34 17 9 15 28 26 27 34 22 29 3 
3 29 26 14 0 36 35 2 9 21 18 28 1 34 25 9 10 34 16 30 20 15 31 36 4 7 1 21 1 36 37 35 9 31 9 26 18 20 12 18 25 0 36 39 17 1 33 32 38 18 5 26 36 9 36 15 0 26 26 6 5 27 10 12 3 10 16 7 34 35 28 11 4 28 29 34 2 39 34 29 22 5 22 29 34 39 2 34 29 28 4 11 28 35 34 7 16 10 3 12 10 27 5 6 26 26 0 15 36 9 36 26 5 18 38 32 33 1 17 39 36 0 25 18 12 20 18 26 9 31 9 35 37 36 1 21 1 7 4 36 31 15 20 30 16 34 10 9 25 34 1 28 18 21 9 2 35 36 0 14 26 29 3 
3 29 29 25 28 14 20 36 20 17 7 31 20 3 2 22 3 11 28 6 12 32 38 37 7 4 15 29 1 12 39 31 10 31 0 37 18 6 6 32 2 20 1 29 3 35 21 22 36 39 9 12 27 0 28 21 4 33 9 19 36 20 32 35 24 15 3 2 24 32 34 8 30 36 14 12 0 25 20 26 21 1 21 26 20 25 0 12 14 36 30 8 34 32 24 2 3 15 24 35 32 20 36 19 9 33 4 21 28 0 27 12 9 39 36 22 21 35 3 29 1 20 2 32 6 6 18 37 0 31 10 31 39 12 1 29 15 4 7 37 38 32 12 6 28 11 3 22 2 3 20 31 7 17 20 36 20 14 28 25 29 29 3 
3 29 32 2 23 26 38 15 20 14 7 18 38 4 9 0 35 6 15 31 8 24 32 8 1 15 20 27 18 14 10 39 27 19 7 37 28 25 24 34 7 17 5 21 11 32 29 18 13 28 8 11 18 9 7 36 30 24 2 9 10 2 4 25 30 26 31 20 21 30 2 7 36 16 13 1 5 3 11 28 1 25 1 28 11 3 5 1 13 16 36 7 2 30 21 20 31 26 30 25 4 2 10 9 2 24 30 36 7 9 18 11 8 28 13 18 29 32 11 21 5 17 7 34 24 25 28 37 7 19 27 39 10 14 18 27 20 15 1 8 32 24 8 31 15 6 35 0 9 4 38 18 7 14 20 15 38 26 23 2 32 29 3 
3 29 34 6 35 24 2 6 11 18 37 11 1 4 33 10 27 4 26 6 37 2 19 18 21 29 27 36 25 23 30 5 17 35 16 34 26 33 19 31 25 22 23 37 11 33 12 18 38 30 25 36 7 30 3 24 2 9 9 6 18 13 4 24 21 30 9 29 14 28 4 38 19 10 38 36 33 30 12 15 19 39 19 15 12 30 33 36 38 10 19 38 4 28 14 29 9 30 21 24 4 13 18 6 9 9 2 24 3 30 7 36 25 30 38 18 12 33 11 37 23 22 25 31 19 33 26 34 16 35 17 5 30 23 25 36 27 29 21 18 19 2 37 6 26 4 27 10 33 4 1 11 37 18 11 6 2 24 35 6 34 29 3 
3 29 35 17 11 32 4 21 29 25 28 8 33 33 15 0 2 24 39 24 4 19 20 7 1 1 18 25 0 20 18 7 33 16 36 17 16 14 22 4 9 16 0 1 6 15 1 24 32 0 15 33 3 32 6 28 16 19 28 11 4 28 17 16 4 37 17 1 17 25 37 30 37 14 27 2 27 6 13 26 19 7 19 26 13 6 27 2 27 14 37 30 37 25 17 1 17 37 4 16 17 28 4 11 28 19 16 28 6 32 3 33 15 0 32 24 1 15 6 1 0 16 9 4 22 14 16 17 36 16 33 7 18 20 0 25 18 1 1 7 20 19 4 24 39 24 2 0 15 33 33 8 28 25 29 21 4 32 11 17 35 29 3 
3 29 36 2 19 8 28 10 14 32 36 4 19 23 26 14 28 3 38 15 27 2 2 3 36 12 14 23 20 24 11 17 0 37 15 12 2 21 23 8 3 18 14 24 35 3 33 6 22 16 8 16 10 31 17 34 39 18 39 11 3 15 32 10 34 19 25 39 4 37 20 12 9 0 38 15 5 14 11 32 27 10 27 32 11 14 5 15 38 0 9 12 20 37 4 39 25 19 34 10 32 15 3 11 39 18 39 34 17 31 10 16 8 16 22 6 33 3 35 24 14 18 3 8 23 21 2 12 15 37 0 17 11 24 20 23 14 12 36 3 2 2 27 15 38 3 28 14 26 23 19 4 36 32 14 10 28 8 19 2 36 29 3 
3 29 36 20 14 7 34 35 31 5 10 18 3 10 17 28 27 10 14 10 16 19 29 11 37 39 10 30 18 11 24 39 9 33 21 12 18 38 23 0 15 31 39 26 0 26 3 2 6 4 8 35 18 30 39 31 22 17 35 16 13 24 8 3 1 7 16 20 8 11 30 2 25 33 35 17 20 17 36 12 1 5 1 12 36 17 20 17 35 33 25 2 30 11 8 20 16 7 1 3 8 24 13 16 35 17 22 31 39 30 18 35 8 4 6 2 3 26 0 26 39 31 15 0 23 38 18 12 21 33 9 39 24 11 18 30 10 39 37 11 29 19 16 10 14 10 27 28 17 10 3 18 10 5 31 35 34 7 14 20 36 29 3 
3 29 36 33 27 15 12 2 30 0 34 4 38 20 38 9 1 4 14 5 35 11 20 20 35 31 39 5 7 17 39 2 10 18 11 9 24 6 8 17 12 26 22 14 19 15 39 7 17 3 35 25 2 28 39 30 36 29 30 14 37 33 23 22 28 23 5 1 27 2 0 18 38 23 19 28 34 16 14 39 27 30 27 39 14 16 34 28 19 23 38 18 0 2 27 1 5 23 28 22 23 33 37 14 30 29 36 30 39 28 2 25 35 3 17 7 39 15 19 14 22 26 12 17 8 6 24 9 11 18 10 2 39 17 7 5 39 31 35 20 20 11 35 5 14 4 1 9 38 20 38 4 34 0 30 2 12 15 27 33 36 29 3 
3 29 37 4 17 13 24 31 33 17 33 3 0 28 14 39 13 28 7 13 13 10 2 32 9 10 27 17 33 0 9 10 16 17 33 23 9 14 11 16 3 30 16 23 35 32 27 1 5 13 17 38 24 7 11 4 21 33 31 18 22 6 39 10 22 15 4 18 6 35 14 4 33 18 34 37 9 18 10 10 36 35 36 10 10 18 9 37 34 18 33 4 14 35 6 18 4 15 22 10 39 6 22 18 31 33 21 4 11 7 24 38 17 13 5 1 27 32 35 23 16 30 3 16 11 14 9 23 33 17 16 10 9 0 33 17 27 10 9 32 2 10 13 13 7 28 13 39 14 28 0 3 33 17 33 31 24 13 17 4 37 29 3 
3 29 37 13 36 30 0 22 10 5 24 16 20 5 1 12 1 6 1 32 18 15 35 24 31 31 19 35 16 37 33 18 17 6 4 27 3 22 35 36 5 33 10 6 2 30 33 38 34 28 18 2 5 29 6 5 12 34 12 1 13 15 33 36 38 13 19 29 26 30 0 36 17 1 11 19 14 28 10 3 20 29 20 3 10 28 14 19 11 1 17 36 0 30 26 29 19 13 38 36 33 15 13 1 12 34 12 5 6 29 5 2 18 28 34 38 33 30 2 6 10 33 5 36 35 22 3 27 4 6 17 18 33 37 16 35 19 31 31 24 35 15 18 32 1 6 1 12 1 5 20 16 24 5 10 22 0 30 36 13 37 29 3 
3 29 37 21 12 25 11 25 16 27 8 28 38 10 1 36 0 10 3 31 4 38 19 4 9 0 7 16 36 15 21 11 33 4 28 21 3 22 17 20 13 33 22 25 25 3 0 5 31 10 25 34 35 6 38 15 20 9 3 1 15 35 28 1 3 32 13 28 29 39 17 5 9 5 13 36 1 5 39 31 32 2 32 31 39 5 1 36 13 5 9 5 17 39 29 28 13 32 3 1 28 35 15 1 3 9 20 15 38 6 35 34 25 10 31 5 0 3 25 25 22 33 13 20 17 22 3 21 28 4 33 11 21 15 36 16 7 0 9 4 19 38 4 31 3 10 0 36 1 10 38 28 8 27 16 25 11 25 12 21 37 29 3 
3 29 37 27 9 15 8 29 24 2 25 16 4 36 4 2 28 31 23 19 9 37 27 16 26 37 37 34 17 12 12 9 23 27 21 10 13 35 5 33 10 37 24 33 10 19 3 10 34 29 16 23 8 31 29 39 14 23 19 3 23 6 36 1 11 0 5 9 28 39 18 20 20 31 2 6 29 20 38 1 7 11 7 1 38 20 29 6 2 31 20 20 18 39 28 9 5 0 11 1 36 6 23 3 19 23 14 39 29 31 8 23 16 29 34 10 3 19 10 33 24 37 10 33 5 35 13 10 21 27 23 9 12 12 17 34 37 37 26 16 27 37 9 19 23 31 28 2 4 36 4 16 25 2 24 29 8 15 9 27 37 29 3 
3 29 37 32 14 11 1 30 23 15 22 1 39 5 12 34 3 15 29 4 28 29 33 34 18 18 28 26 16 2 18 24 9 3 3 13 2 21 0 19 5 27 0 34 32 24 0 14 17 38 9 13 36 23 16 19 7 34 15 17 19 1 5 2 12 10 20 6 6 9 36 6 16 23 13 24 24 31 21 37 7 15 7 37 21 31 24 24 13 23 16 6 36 9 6 6 20 10 12 2 5 1 19 17 15 34 7 19 16 23 36 13 9 38 17 14 0 24 32 34 0 27 5 19 0 21 2 13 3 3 9 24 18 2 16 26 28 18 18 34 33 29 28 4 29 15 3 34 12 5 39 1 22 15 23 30 1 11 14 32 37 29 3 
3 29 37 37 19 15 34 35 6 30 7 14 18 22 6 5 39 34 20 32 15 35 16 0 20 6 25 33 14 21 38 6 14 22 22 35 21 2 11 28 4 17 8 3 22 36 27 6 27 34 13 17 32 14 13 35 12 14 29 30 33 39 20 30 10 19 34 9 23 14 37 37 26 2 25 14 2 9 13 23 8 14 8 23 13 9 2 14 25 2 26 37 37 14 23 9 34 19 10 30 20 39 33 30 29 14 12 35 13 14 32 17 13 34 27 6 27 36 22 3 8 17 4 28 11 2 21 35 22 22 14 6 38 21 14 33 25 6 20 0 16 35 15 32 20 34 39 5 6 22 18 14 7 30 6 35 34 15 19 37 37 29 3 
3 29 38 1 1 11 17 0 3 23 20 37 18 11 12 25 14 27 25 7 21 35 27 26 12 6 24 19 22 23 23 8 11 35 17 5 0 11 2 17 2 6 36 24 11 19 25 0 27 28 37 13 30 3 13 19 37 15 13 35 0 38 27 5 32 18 7 38 20 25 8 21 34 31 15 22 38 17 20 26 20 23 20 26 20 17 38 22 15 31 34 21 8 25 20 38 7 18 32 5 27 38 0 35 13 15 37 19 13 3 30 13 37 28 27 0 25 19 11 24 36 6 2 17 2 11 0 5 17 35 11 8 23 23 22 19 24 6 12 26 27 35 21 7 25 27 14 25 12 11 18 37 20 23 3 0 17 11 1 1 38 29 3 
3 29 38 4 37 3 36 28 22 35 8 22 34 24 38 14 11 39 34 5 24 27 12 18 18 32 34 31 4 8 0 17 16 36 20 33 19 28 17 30 21 24 16 39 5 3 37 3 7 1 34 7 8 31 17 19 6 30 34 11 3 30 25 36 5 30 29 15 26 11 25 11 33 37 15 11 19 34 9 19 39 23 39 19 9 34 19 11 15 37 33 11 25 11 26 15 29 30 5 36 25 30 3 11 34 30 6 19 17 31 8 7 34 1 7 3 37 3 5 39 16 24 21 30 17 28 19 33 20 36 16 17 0 8 4 31 34 32 18 18 12 27 24 5 34 39 11 14 38 24 34 22 8 35 22 28 36 3 37 4 38 29 3 
3 29 38 7 14 20 19 36 32 15 21 15 31 13 27 24 24 33 9 12 35 38 19 37 25 2 7 25 9 3 15 12 3 5 13 10 5 4 2 21 24 18 16 22 18 21 21 26 22 5 4 36 7 0 15 14 29 5 21 26 23 32 12 10 6 3 19 38 37 18 6 22 3 27 4 20 38 7 28 38 18 17 18 38 28 7 38 20 4 27 3 22 6 18 37 38 19 3 6 10 12 32 23 26 21 5 29 14 15 0 7 36 4 5 22 26 21 21 18 22 16 18 24 21 2 4 5 10 13 5 3 12 15 3 9 25 7 2 25 37 19 38 35 12 9 33 24 24 27 13 31 15 21 15 32 36 19 20 14 7 38 29 3 
3 29 38 9 15 9 26 27 13 23 27 6 16 4 36 24 20 37 2 11 38 15 33 5 0 20 17 22 16 18 31 26 30 33 33 37 27 17 6 24 18 10 1 0 33 12 6 29 20 8 18 8 29 11 30 17 13 37 24 21 14 9 8 27 38 37 35 20 25 33 21 29 3 38 10 38 1 32 25 39 21 2 21 39 25 32 1 38 10 38 3 29 21 33 25 20 35 37 38 27 8 9 14 21 24 37 13 17 30 11 29 8 18 8 20 29 6 12 33 0 1 10 18 24 6 17 27 37 33 33 30 26 31 18 16 22 17 20 0 5 33 15 38 11 2 37 20 24 36 4 16 6 27 23 13 27 26 9 15 9 38 29 3 
3 29 38 11 2 23 15 7 3 25 26 2 23 4 27 18 37 32 14 17 9 7 21 38 36 1 5 23 0 14 39 22 16 10 22 24 0 8 36 16 16 1 6 28 8 6 34 14 15 4 30 33 11 31 37 6 15 36 37 26 36 3 38 25 2 30 36 33 7 25 2 4 3 28 7 22 33 11 21 24 16 29 16 24 21 11 33 22 7 28 3 4 2 25 7 33 36 30 2 25 38 3 36 26 37 36 15 6 37 31 11 33 30 4 15 14 34 6 8 28 6 1 16 16 36 8 0 24 22 10 16 22 39 14 0 23 5 1 36 38 21 7 9 17 14 32 37 18 27 4 23 2 26 25 3 7 15 23 2 11 38 29 3 
3 29 38 12 16 36 39 18 15 29 13 9 4 8 3 17 35 23 39 19 30 17 36 2 39 29 21 37 1 24 26 14 23 6 25 33 34 3 24 39 22 0 28 6 18 22 7 28 38 35 30 13 27 9 18 8 1 37 34 5 11 14 27 21 16 38 26 28 14 35 25 23 32 18 30 19 27 31 22 37 22 24 22 37 22 31 27 19 30 18 32 23 25 35 14 28 26 38 16 21 27 14 11 5 34 37 1 8 18 9 27 13 30 35 38 28 7 22 18 6 28 0 22 39 24 3 34 33 25 6 23 14 26 24 1 37 21 29 39 2 36 17 30 19 39 23 35 17 3 8 4 9 13 29 15 18 39 36 16 12 38 29 3 
3 29 38 13 19 15 20 28 25 15 27 10 11 15 1 33 33 21 7 22 17 10 4 16 17 3 11 11 6 35 0 19 35 2 25 10 32 22 11 5 18 33 8 18 14 2 25 34 16 1 23 13 32 12 35 35 1 36 4 6 33 19 5 26 23 21 32 21 2 27 10 30 19 9 29 13 14 25 22 20 4 14 4 20 22 25 14 13 29 9 19 30 10 27 2 21 32 21 23 26 5 19 33 6 4 36 1 35 35 12 32 13 23 1 16 34 25 2 14 18 8 33 18 5 11 22 32 10 25 2 35 19 0 35 6 11 11 3 17 16 4 10 17 22 7 21 33 33 1 15 11 10 27 15 25 28 20 15 19 13 38 29 3 
3 29 38 14 7 8 12 22 2 22 38 0 32 38 36 36 3 9 7 3 28 0 32 35 1 35 32 33 15 3 26 15 32 30 3 19 24 36 19 3 21 12 6 22 2 2 11 7 27 0 6 25 31 10 9 24 29 35 9 21 25 32 26 5 7 28 29 0 39 28 37 0 27 39 9 22 6 30 7 4 31 14 31 4 7 30 6 22 9 39 27 0 37 28 39 0 29 28 7 5 26 32 25 21 9 35 29 24 9 10 31 25 6 0 27 7 11 2 2 22 6 12 21 3 19 36 24 19 3 30 32 15 26 3 15 33 32 35 1 35 32 0 28 3 7 9 3 36 36 38 32 0 38 22 2 22 12 8 7 14 38 29 3 
3 29 38 14 23 37 30 18 5 10 12 36 19 8 3 22 38 36 32 2 32 28 15 24 33 21 29 12 1 33 3 39 27 33 0 3 0 27 25 37 21 6 34 7 25 11 36 16 13 12 32 2 19 25 23 28 35 15 11 27 33 24 8 15 37 0 20 16 22 12 25 27 38 7 20 20 24 18 24 18 15 38 15 18 24 18 24 20 20 7 38 27 25 12 22 16 20 0 37 15 8 24 33 27 11 15 35 28 23 25 19 2 32 12 13 16 36 11 25 7 34 6 21 37 25 27 0 3 0 33 27 39 3 33 1 12 29 21 33 24 15 28 32 2 32 36 38 22 3 8 19 36 12 10 5 18 30 37 23 14 38 29 3 
3 29 38 14 34 39 16 14 4 22 24 36 24 30 30 9 9 7 3 31 16 4 37 21 32 22 18 18 24 6 2 7 1 38 5 10 14 6 0 3 26 29 14 28 34 7 16 22 11 31 34 38 0 39 5 15 13 23 38 24 3 0 30 37 24 13 35 12 2 37 11 34 13 26 33 10 37 38 26 11 8 20 8 11 26 38 37 10 33 26 13 34 11 37 2 12 35 13 24 37 30 0 3 24 38 23 13 15 5 39 0 38 34 31 11 22 16 7 34 28 14 29 26 3 0 6 14 10 5 38 1 7 2 6 24 18 18 22 32 21 37 4 16 31 3 7 9 9 30 30 24 36 24 22 4 14 16 39 34 14 38 29 3 
3 29 38 15 2 7 15 3 32 17 34 4 24 30 38 31 6 26 0 16 25 15 11 14 38 36 13 38 32 22 6 17 5 34 31 34 17 27 27 7 22 20 15 38 16 27 13 11 38 14 16 35 23 37 6 4 26 23 7 20 2 31 16 13 24 38 34 27 1 30 37 19 1 5 22 18 37 39 17 8 36 27 36 8 17 39 37 18 22 5 1 19 37 30 1 27 34 38 24 13 16 31 2 20 7 23 26 4 6 37 23 35 16 14 38 11 13 27 16 38 15 20 22 7 27 27 17 34 31 34 5 17 6 22 32 38 13 36 38 14 11 15 25 16 0 26 6 31 38 30 24 4 34 17 32 3 15 7 2 15 38 29 3 
3 29 38 15 8 39 19 36 25 34 32 1 0 7 22 5 23 17 22 27 16 34 33 32 18 39 28 30 0 16 4 3 13 28 10 29 38 34 28 1 5 8 4 35 1 0 12 31 14 18 23 26 17 33 10 8 32 34 21 14 22 36 19 33 14 33 23 19 14 16 26 23 33 19 39 21 30 26 15 4 1 10 1 4 15 26 30 21 39 19 33 23 26 16 14 19 23 33 14 33 19 36 22 14 21 34 32 8 10 33 17 26 23 18 14 31 12 0 1 35 4 8 5 1 28 34 38 29 10 28 13 3 4 16 0 30 28 39 18 32 33 34 16 27 22 17 23 5 22 7 0 1 32 34 25 36 19 39 8 15 38 29 3 
3 29 38 15 13 26 37 30 8 39 37 5 36 39 15 37 28 7 12 2 11 36 8 6 5 9 8 25 15 8 8 35 17 18 25 16 9 13 37 34 4 18 30 30 23 6 32 34 16 23 4 15 24 20 30 31 17 37 22 22 0 9 13 27 35 0 1 19 6 35 22 7 21 32 27 20 7 21 34 6 7 16 7 6 34 21 7 20 27 32 21 7 22 35 6 19 1 0 35 27 13 9 0 22 22 37 17 31 30 20 24 15 4 23 16 34 32 6 23 30 30 18 4 34 37 13 9 16 25 18 17 35 8 8 15 25 8 9 5 6 8 36 11 2 12 7 28 37 15 39 36 5 37 39 8 30 37 26 13 15 38 29 3 
3 29 38 15 17 24 33 18 19 25 9 31 13 2 10 3 36 26 31 16 35 30 3 21 26 12 11 36 33 16 35 25 38 2 34 23 13 17 13 7 36 8 33 13 13 25 2 38 35 26 15 4 10 4 36 22 27 38 5 1 15 34 27 20 39 17 12 10 7 14 3 37 34 8 14 26 28 18 23 0 29 15 29 0 23 18 28 26 14 8 34 37 3 14 7 10 12 17 39 20 27 34 15 1 5 38 27 22 36 4 10 4 15 26 35 38 2 25 13 13 33 8 36 7 13 17 13 23 34 2 38 25 35 16 33 36 11 12 26 21 3 30 35 16 31 26 36 3 10 2 13 31 9 25 19 18 33 24 17 15 38 29 3 
3 29 38 15 20 35 21 26 27 31 36 38 18 19 28 10 34 37 29 30 35 34 5 30 36 27 18 7 3 10 18 2 24 5 35 8 36 32 30 8 7 29 11 27 32 31 19 0 23 17 24 10 24 36 36 16 33 21 4 9 22 14 20 7 16 23 30 28 32 0 25 28 11 27 30 5 27 22 11 34 10 25 10 34 11 22 27 5 30 27 11 28 25 0 32 28 30 23 16 7 20 14 22 9 4 21 33 16 36 36 24 10 24 17 23 0 19 31 32 27 11 29 7 8 30 32 36 8 35 5 24 2 18 10 3 7 18 27 36 30 5 34 35 30 29 37 34 10 28 19 18 38 36 31 27 26 21 35 20 15 38 29 3 
3 29 38 15 23 24 21 13 25 17 26 20 22 10 32 39 0 37 24 22 39 36 19 20 9 0 9 30 32 31 30 28 7 29 6 31 23 14 3 31 0 11 31 9 12 10 25 39 37 33 20 4 36 2 12 24 24 28 8 33 32 1 25 34 2 32 39 28 18 14 30 21 39 14 37 22 11 17 24 11 0 25 0 11 24 17 11 22 37 14 39 21 30 14 18 28 39 32 2 34 25 1 32 33 8 28 24 24 12 2 36 4 20 33 37 39 25 10 12 9 31 11 0 31 3 14 23 31 6 29 7 28 30 31 32 30 9 0 9 20 19 36 39 22 24 37 0 39 32 10 22 20 26 17 25 13 21 24 23 15 38 29 3 
3 29 38 15 25 35 21 1 23 25 22 32 38 25 28 7 33 35 26 13 11 4 7 30 36 28 7 3 6 17 39 39 11 6 38 29 16 13 13 17 15 30 37 18 35 9 23 5 6 10 30 36 36 12 16 14 36 16 35 18 4 10 16 16 20 18 24 23 28 39 12 13 17 25 36 24 13 3 36 4 23 28 23 4 36 3 13 24 36 25 17 13 12 39 28 23 24 18 20 16 16 10 4 18 35 16 36 14 16 12 36 36 30 10 6 5 23 9 35 18 37 30 15 17 13 13 16 29 38 6 11 39 39 17 6 3 7 28 36 30 7 4 11 13 26 35 33 7 28 25 38 32 22 25 23 1 21 35 25 15 38 29 3 
3 29 38 15 27 31 28 17 25 37 14 37 33 38 29 34 2 29 7 20 22 33 22 30 15 21 36 24 28 34 31 30 4 5 15 39 19 35 19 19 14 17 6 8 35 24 28 15 4 8 31 22 16 24 14 12 16 4 16 30 19 8 35 29 22 27 37 12 21 5 7 35 20 17 0 13 19 23 38 10 32 27 32 10 38 23 19 13 0 17 20 35 7 5 21 12 37 27 22 29 35 8 19 30 16 4 16 12 14 24 16 22 31 8 4 15 28 24 35 8 6 17 14 19 19 35 19 39 15 5 4 30 31 34 28 24 36 21 15 30 22 33 22 20 7 29 2 34 29 38 33 37 14 37 25 17 28 31 27 15 38 29 3 
3 29 38 15 29 14 19 32 37 27 0 2 11 0 9 31 3 26 34 14 14 6 22 37 0 4 30 2 16 39 22 36 21 12 20 14 7 12 37 6 29 13 15 1 1 29 35 13 26 32 17 27 33 24 36 16 16 4 38 14 32 31 20 18 5 19 21 10 19 33 7 38 28 13 8 18 10 8 26 7 38 37 38 7 26 8 10 18 8 13 28 38 7 33 19 10 21 19 5 18 20 31 32 14 38 4 16 16 36 24 33 27 17 32 26 13 35 29 1 1 15 13 29 6 37 12 7 14 20 12 21 36 22 39 16 2 30 4 0 37 22 6 14 14 34 26 3 31 9 0 11 2 0 27 37 32 19 14 29 15 38 29 3 
3 29 38 15 30 27 23 23 31 31 35 4 38 32 27 14 19 3 22 26 1 35 12 31 26 33 24 9 19 18 17 29 33 34 9 23 34 14 15 30 5 37 36 37 36 35 15 23 23 34 37 38 21 28 16 4 4 32 38 38 20 39 29 12 17 35 4 27 7 36 15 2 15 35 6 18 2 34 6 25 21 25 21 25 6 34 2 18 6 35 15 2 15 36 7 27 4 35 17 12 29 39 20 38 38 32 4 4 16 28 21 38 37 34 23 23 15 35 36 37 36 37 5 30 15 14 34 23 9 34 33 29 17 18 19 9 24 33 26 31 12 35 1 26 22 3 19 14 27 32 38 4 35 31 31 23 23 27 30 15 38 29 3 
3 29 38 15 31 31 0 27 39 2 2 34 20 21 15 13 6 36 2 33 28 38 13 31 26 9 2 9 28 39 35 30 31 12 3 19 15 29 13 34 21 24 37 34 4 9 11 38 7 21 22 5 4 8 35 16 38 38 20 18 6 23 1 33 23 7 6 21 2 38 5 33 36 24 38 18 21 31 36 24 8 4 8 24 36 31 21 18 38 24 36 33 5 38 2 21 6 7 23 33 1 23 6 18 20 38 38 16 35 8 4 5 22 21 7 38 11 9 4 34 37 24 21 34 13 29 15 19 3 12 31 30 35 39 28 9 2 9 26 31 13 38 28 33 2 36 6 13 15 21 20 34 2 2 39 27 0 31 31 15 38 29 3 
3 29 38 15 32 27 17 16 28 36 39 34 33 38 25 2 11 34 15 34 39 9 21 37 6 19 9 6 11 11 16 14 18 1 1 3 17 30 35 11 26 21 26 5 6 21 27 24 20 14 22 1 9 33 18 30 14 38 18 26 11 8 27 35 28 29 12 38 22 31 38 17 5 24 25 15 1 16 13 11 28 5 28 11 13 16 1 15 25 24 5 17 38 31 22 38 12 29 28 35 27 8 11 26 18 38 14 30 18 33 9 1 22 14 20 24 27 21 6 5 26 21 26 11 35 30 17 3 1 1 18 14 16 11 11 6 9 19 6 37 21 9 39 34 15 34 11 2 25 38 33 34 39 36 28 16 17 27 32 15 38 29 3 
3 29 38 15 33 16 5 12 20 27 9 25 19 14 21 28 24 15 15 32 2 19 9 17 5 36 10 18 4 3 13 37 22 13 15 23 19 33 0 3 23 14 36 11 33 25 33 3 2 22 0 15 22 32 4 19 32 20 6 11 10 35 21 1 5 37 12 29 22 22 28 26 23 24 39 24 33 14 1 8 26 5 26 8 1 14 33 24 39 24 23 26 28 22 22 29 12 37 5 1 21 35 10 11 6 20 32 19 4 32 22 15 0 22 2 3 33 25 33 11 36 14 23 3 0 33 19 23 15 13 22 37 13 3 4 18 10 36 5 17 9 19 2 32 15 15 24 28 21 14 19 25 9 27 20 12 5 16 33 15 38 29 3 
3 29 38 15 33 39 19 32 22 39 25 36 23 8 7 31 19 6 12 0 6 10 29 27 27 20 2 13 28 15 24 33 6 15 35 6 1 39 38 30 32 9 3 14 19 32 24 0 31 36 9 34 14 1 10 8 31 39 23 8 35 30 19 30 6 37 27 8 2 7 23 4 1 11 13 9 10 2 19 17 26 0 26 17 19 2 10 9 13 11 1 4 23 7 2 8 27 37 6 30 19 30 35 8 23 39 31 8 10 1 14 34 9 36 31 0 24 32 19 14 3 9 32 30 38 39 1 6 35 15 6 33 24 15 28 13 2 20 27 27 29 10 6 0 12 6 19 31 7 8 23 36 25 39 22 32 19 39 33 15 38 29 3 
3 29 38 15 34 14 13 22 26 24 18 35 20 12 1 25 20 5 9 39 16 10 23 12 10 32 4 4 17 32 8 23 39 33 28 36 5 20 27 25 12 8 38 27 5 26 8 30 16 19 13 27 20 25 16 35 20 29 1 27 21 19 22 34 16 4 33 29 18 2 4 8 1 27 11 20 14 16 24 20 11 5 11 20 24 16 14 20 11 27 1 8 4 2 18 29 33 4 16 34 22 19 21 27 1 29 20 35 16 25 20 27 13 19 16 30 8 26 5 27 38 8 12 25 27 20 5 36 28 33 39 23 8 32 17 4 4 32 10 12 23 10 16 39 9 5 20 25 1 12 20 35 18 24 26 22 13 14 34 15 38 29 3 
3 29 38 15 34 24 30 16 5 37 9 34 5 32 36 20 27 5 4 35 15 20 5 17 12 35 25 24 16 10 3 22 10 36 1 1 2 30 5 36 10 27 25 21 26 5 15 37 13 33 27 20 7 34 16 29 18 12 33 35 1 30 34 2 32 24 3 39 6 29 30 3 30 34 6 10 39 35 13 34 36 17 36 34 13 35 39 10 6 34 30 3 30 29 6 39 3 24 32 2 34 30 1 35 33 12 18 29 16 34 7 20 27 33 13 37 15 5 26 21 25 27 10 36 5 30 2 1 1 36 10 22 3 10 16 24 25 35 12 17 5 20 15 35 4 5 27 20 36 32 5 34 9 37 5 16 30 24 34 15 38 29 3 
3 29 38 15 34 30 30 39 25 31 2 36 29 38 9 8 15 9 8 2 5 34 31 26 3 24 30 21 4 34 1 28 22 38 3 11 12 10 32 5 6 38 2 16 23 7 37 24 24 14 35 39 16 2 20 22 5 17 23 28 5 6 16 32 0 33 6 26 18 4 32 18 8 25 33 37 18 29 21 26 4 26 4 26 21 29 18 37 33 25 8 18 32 4 18 26 6 33 0 32 16 6 5 28 23 17 5 22 20 2 16 39 35 14 24 24 37 7 23 16 2 38 6 5 32 10 12 11 3 38 22 28 1 34 4 21 30 24 3 26 31 34 5 2 8 9 15 8 9 38 29 36 2 31 25 39 30 30 34 15 38 29 3 
3 29 38 15 34 34 39 15 25 9 12 0 35 14 39 13 20 7 15 11 31 9 0 16 10 15 26 30 37 19 7 23 15 13 32 0 10 19 18 30 3 37 30 38 21 28 0 13 38 33 0 17 23 32 18 27 19 35 7 29 37 37 4 24 33 20 1 18 26 7 33 32 30 10 0 35 30 22 3 39 9 9 9 39 3 22 30 35 0 10 30 32 33 7 26 18 1 20 33 24 4 37 37 29 7 35 19 27 18 32 23 17 0 33 38 13 0 28 21 38 30 37 3 30 18 19 10 0 32 13 15 23 7 19 37 30 26 15 10 16 0 9 31 11 15 7 20 13 39 14 35 0 12 9 25 15 39 34 34 15 38 29 3 
3 29 38 15 34 39 7 1 20 28 10 17 27 14 37 11 38 30 23 11 13 34 20 38 16 3 31 9 17 25 16 5 4 19 13 5 20 34 7 29 19 35 36 26 32 29 20 35 34 23 1 12 30 39 24 37 21 4 6 12 12 27 33 3 6 1 12 29 28 39 3 2 2 9 23 28 0 24 3 28 13 28 13 28 3 24 0 28 23 9 2 2 3 39 28 29 12 1 6 3 33 27 12 12 6 4 21 37 24 39 30 12 1 23 34 35 20 29 32 26 36 35 19 29 7 34 20 5 13 19 4 5 16 25 17 9 31 3 16 38 20 34 13 11 23 30 38 11 37 14 27 17 10 28 20 1 7 39 34 15 38 29 3 
3 29 38 15 35 1 32 5 2 26 37 32 13 10 1 21 13 29 11 21 35 37 13 11 7 2 20 29 1 39 20 1 18 29 28 9 6 9 38 15 38 20 33 28 21 0 16 12 27 19 19 10 28 28 23 12 10 27 21 38 29 8 29 39 26 18 29 32 0 16 2 5 18 17 27 15 27 16 4 3 7 24 7 3 4 16 27 15 27 17 18 5 2 16 0 32 29 18 26 39 29 8 29 38 21 27 10 12 23 28 28 10 19 19 27 12 16 0 21 28 33 20 38 15 38 9 6 9 28 29 18 1 20 39 1 29 20 2 7 11 13 37 35 21 11 29 13 21 1 10 13 32 37 26 2 5 32 1 35 15 38 29 3 
3 29 38 15 35 4 37 11 35 20 21 8 2 23 29 6 33 36 35 1 35 36 1 21 34 24 21 14 17 4 8 27 6 26 29 28 6 23 20 26 37 25 7 14 2 39 22 2 1 14 6 7 32 18 28 21 19 7 2 22 22 2 18 6 18 26 28 0 2 36 19 30 35 1 28 20 3 19 10 21 20 32 20 21 10 19 3 20 28 1 35 30 19 36 2 0 28 26 18 6 18 2 22 22 2 7 19 21 28 18 32 7 6 14 1 2 22 39 2 14 7 25 37 26 20 23 6 28 29 26 6 27 8 4 17 14 21 24 34 21 1 36 35 1 35 36 33 6 29 23 2 8 21 20 35 11 37 4 35 15 38 29 3 
3 29 38 15 35 6 28 27 7 14 9 3 39 5 37 34 35 22 3 13 20 25 10 22 35 32 30 28 25 37 11 2 35 30 39 39 9 14 25 11 18 33 25 35 27 28 12 37 30 16 35 14 0 14 39 5 33 36 38 31 22 7 2 29 4 7 39 16 36 30 35 12 2 14 12 1 38 21 5 34 7 14 7 34 5 21 38 1 12 14 2 12 35 30 36 16 39 7 4 29 2 7 22 31 38 36 33 5 39 14 0 14 35 16 30 37 12 28 27 35 25 33 18 11 25 14 9 39 39 30 35 2 11 37 25 28 30 32 35 22 10 25 20 13 3 22 35 34 37 5 39 3 9 14 7 27 28 6 35 15 38 29 3 
3 29 38 15 35 8 7 36 27 19 4 16 13 10 19 10 29 23 6 4 13 0 10 4 28 34 2 4 37 20 30 0 14 0 17 18 36 37 8 25 6 21 2 25 10 37 25 11 37 26 22 3 25 30 12 7 7 15 5 38 28 23 4 30 32 33 3 2 19 35 12 8 14 12 13 34 34 24 14 38 31 1 31 38 14 24 34 34 13 12 14 8 12 35 19 2 3 33 32 30 4 23 28 38 5 15 7 7 12 30 25 3 22 26 37 11 25 37 10 25 2 21 6 25 8 37 36 18 17 0 14 0 30 20 37 4 2 34 28 4 10 0 13 4 6 23 29 10 19 10 13 16 4 19 27 36 7 8 35 15 38 29 3 
3 29 38 15 35 9 17 27 34 1 1 21 31 17 27 6 21 31 28 34 25 36 2 23 11 8 7 38 30 12 2 18 4 36 5 20 6 37 21 11 22 29 4 23 30 0 27 34 19 23 7 37 28 21 13 35 38 2 33 17 26 4 8 3 18 32 2 5 30 12 8 22 39 6 33 39 18 28 14 7 20 12 20 7 14 28 18 39 33 6 39 22 8 12 30 5 2 32 18 3 8 4 26 17 33 2 38 35 13 21 28 37 7 23 19 34 27 0 30 23 4 29 22 11 21 37 6 20 5 36 4 18 2 12 30 38 7 8 11 23 2 36 25 34 28 31 21 6 27 17 31 21 1 1 34 27 17 9 35 15 38 29 3 
3 29 38 15 35 10 18 30 21 7 3 2 13 28 36 3 28 34 29 6 10 14 31 23 4 30 36 19 37 9 25 38 33 17 9 20 16 26 34 33 3 3 3 32 19 27 38 13 1 33 21 34 11 39 17 20 28 15 36 5 23 1 1 30 8 30 2 18 35 2 14 39 22 14 14 30 32 32 38 25 33 3 33 25 38 32 32 30 14 14 22 39 14 2 35 18 2 30 8 30 1 1 23 5 36 15 28 20 17 39 11 34 21 33 1 13 38 27 19 32 3 3 3 33 34 26 16 20 9 17 33 38 25 9 37 19 36 30 4 23 31 14 10 6 29 34 28 3 36 28 13 2 3 7 21 30 18 10 35 15 38 29 3 
3 29 38 15 35 11 13 10 29 33 39 32 6 10 2 26 17 39 34 27 10 9 12 7 28 36 16 10 14 0 33 23 18 1 5 31 23 2 31 37 27 38 28 18 9 39 7 26 5 19 32 8 27 14 25 17 13 35 24 24 24 11 27 34 25 10 9 17 1 14 12 6 14 0 14 9 35 3 5 15 12 4 12 15 5 3 35 9 14 0 14 6 12 14 1 17 9 10 25 34 27 11 24 24 24 35 13 17 25 14 27 8 32 19 5 26 7 39 9 18 28 38 27 37 31 2 23 31 5 1 18 23 33 0 14 10 16 36 28 7 12 9 10 27 34 39 17 26 2 10 6 32 39 33 29 10 13 11 35 15 38 29 3 
3 29 38 15 35 12 1 15 13 3 0 3 34 18 26 33 7 9 31 27 5 16 25 23 29 14 13 38 27 38 35 19 34 11 13 2 13 25 15 15 4 10 7 30 29 9 20 33 22 39 27 14 30 37 36 0 8 6 38 25 39 13 11 6 33 0 23 27 28 12 13 33 14 14 22 19 11 29 27 1 31 25 31 1 27 29 11 19 22 14 14 33 13 12 28 27 23 0 33 6 11 13 39 25 38 6 8 0 36 37 30 14 27 39 22 33 20 9 29 30 7 10 4 15 15 25 13 2 13 11 34 19 35 38 27 38 13 14 29 23 25 16 5 27 31 9 7 33 26 18 34 3 0 3 13 15 1 12 35 15 38 29 3 
3 29 38 15 35 12 25 36 8 39 39 13 6 33 28 21 28 22 9 0 10 9 15 33 34 12 1 36 2 15 17 28 37 19 36 6 24 14 22 11 20 38 22 19 13 22 20 10 18 21 20 26 5 22 24 13 18 18 18 15 24 9 20 10 37 35 28 15 20 1 34 39 30 9 19 22 23 0 31 3 11 34 11 3 31 0 23 22 19 9 30 39 34 1 20 15 28 35 37 10 20 9 24 15 18 18 18 13 24 22 5 26 20 21 18 10 20 22 13 19 22 38 20 11 22 14 24 6 36 19 37 28 17 15 2 36 1 12 34 33 15 9 10 0 9 22 28 21 28 33 6 13 39 39 8 36 25 12 35 15 38 29 3 
3 29 38 15 35 13 4 23 25 18 28 21 6 9 12 20 23 37 19 24 38 8 5 11 2 0 5 33 27 5 20 34 9 14 1 29 24 2 38 19 38 1 33 27 14 6 24 37 37 30 7 28 27 11 13 19 10 2 21 1 33 10 14 39 18 30 0 27 3 38 34 18 32 35 11 23 16 33 34 39 0 28 0 39 34 33 16 23 11 35 32 18 34 38 3 27 0 30 18 39 14 10 33 1 21 2 10 19 13 11 27 28 7 30 37 37 24 6 14 27 33 1 38 19 38 2 24 29 1 14 9 34 20 5 27 33 5 0 2 11 5 8 38 24 19 37 23 20 12 9 6 21 28 18 25 23 4 13 35 15 38 29 3 
3 29 38 15 35 13 20 37 34 38 33 29 21 11 18 6 8 18 13 1 7 29 35 2 39 25 3 30 6 14 17 16 18 28 5 20 31 9 17 34 7 32 11 31 25 30 18 38 39 26 21 18 22 17 3 23 8 34 31 16 14 2 16 35 29 22 24 16 19 21 24 28 32 3 29 0 33 18 20 7 33 17 33 7 20 18 33 0 29 3 32 28 24 21 19 16 24 22 29 35 16 2 14 16 31 34 8 23 3 17 22 18 21 26 39 38 18 30 25 31 11 32 7 34 17 9 31 20 5 28 18 16 17 14 6 30 3 25 39 2 35 29 7 1 13 18 8 6 18 11 21 29 33 38 34 37 20 13 35 15 38 29 3 
3 29 38 15 35 13 34 11 1 32 31 9 27 8 10 33 17 6 11 3 4 19 11 11 34 20 11 12 13 11 36 14 10 10 39 38 21 13 20 9 28 25 21 22 22 7 24 26 17 15 34 23 11 24 36 38 26 6 36 13 1 19 24 13 21 3 3 4 10 5 14 14 38 5 27 31 34 20 4 38 32 11 32 38 4 20 34 31 27 5 38 14 14 5 10 4 3 3 21 13 24 19 1 13 36 6 26 38 36 24 11 23 34 15 17 26 24 7 22 22 21 25 28 9 20 13 21 38 39 10 10 14 36 11 13 12 11 20 34 11 11 19 4 3 11 6 17 33 10 8 27 9 31 32 1 11 34 13 35 15 38 29 3 
3 29 38 15 35 14 3 32 9 23 24 22 31 5 1 2 37 7 23 18 2 36 36 36 29 26 28 15 26 32 12 39 10 3 31 1 37 23 26 19 38 39 24 37 20 4 18 11 8 4 6 0 34 11 4 10 7 25 24 11 8 17 20 34 26 39 28 3 21 34 38 7 25 15 1 3 39 7 38 38 38 14 38 38 38 7 39 3 1 15 25 7 38 34 21 3 28 39 26 34 20 17 8 11 24 25 7 10 4 11 34 0 6 4 8 11 18 4 20 37 24 39 38 19 26 23 37 1 31 3 10 39 12 32 26 15 28 26 29 36 36 36 2 18 23 7 37 2 1 5 31 22 24 23 9 32 3 14 35 15 38 29 3 
3 29 38 15 35 14 11 4 8 12 18 4 39 35 24 3 35 24 36 24 8 19 37 16 22 21 1 19 19 27 1 27 36 20 32 7 7 8 20 39 18 21 16 22 4 31 15 8 36 1 7 29 10 0 23 32 38 21 8 28 26 26 11 36 4 9 13 7 20 7 31 20 33 12 31 11 0 33 32 38 14 20 14 38 32 33 0 11 31 12 33 20 31 7 20 7 13 9 4 36 11 26 26 28 8 21 38 32 23 0 10 29 7 1 36 8 15 31 4 22 16 21 18 39 20 8 7 7 32 20 36 27 1 27 19 19 1 21 22 16 37 19 8 24 36 24 35 3 24 35 39 4 18 12 8 4 11 14 35 15 38 29 3 
3 29 38 15 35 14 13 18 4 20 23 35 39 21 0 12 12 3 26 37 26 38 13 26 5 1 25 39 7 10 5 30 35 29 2 11 15 14 23 23 17 2 29 24 14 14 38 20 27 10 16 15 25 25 28 27 37 25 4 5 5 0 5 17 26 9 28 24 32 14 1 12 3 4 25 34 28 17 11 14 20 12 20 14 11 17 28 34 25 4 3 12 1 14 32 24 28 9 26 17 5 0 5 5 4 25 37 27 28 25 25 15 16 10 27 20 38 14 14 24 29 2 17 23 23 14 15 11 2 29 35 30 5 10 7 39 25 1 5 26 13 38 26 37 26 3 12 12 0 21 39 35 23 20 4 18 13 14 35 15 38 29 3 
3 29 38 15 35 14 11 4 8 12 18 4 39 35 24 3 35 24 36 24 8 19 37 16 22 21 1 19 19 27 1 27 36 20 32 7 7 8 20 39 18 21 16 22 4 31 15 8 36 1 7 29 10 0 23 32 38 21 8 28 26 26 11 36 4 9 13 7 20 7 31 20 33 12 31 11 0 33 32 38 14 20 14 38 32 33 0 11 31 12 33 20 31 7 20 7 13 9 4 36 11 26 26 28 8 21 38 32 23 0 10 29 7 1 36 8 15 31 4 22 16 21 18 39 20 8 7 7 32 20 36 27 1 27 19 19 1 21 22 16 37 19 8 24 36 24 35 3 24 35 39 4 18 12 8 4 11 14 35 15 38 29 3 
3 29 38 15 35 14 3 32 9 23 24 22 31 5 1 2 37 7 23 18 2 36 36 36 29 26 28 15 26 32 12 39 10 3 31 1 37 23 26 19 38 39 24 37 20 4 18 11 8 4 6 0 34 11 4 10 7 25 24 11 8 17 20 34 26 39 28 3 21 34 38 7 25 15 1 3 39 7 38 38 38 14 38 38 38 7 39 3 1 15 25 7 38 34 21 3 28 39 26 34 20 17 8 11 24 25 7 10 4 11 34 0 6 4 8 11 18 4 20 37 24 39 38 19 26 23 37 1 31 3 10 39 12 32 26 15 28 26 29 36 36 36 2 18 23 7 37 2 1 5 31 22 24 23 9 32 3 14 35 15 38 29 3 
3 29 38 15 35 13 34 11 1 32 31 9 27 8 10 33 17 6 11 3 4 19 11 11 34 20 11 12 13 11 36 14 10 10 39 38 21 13 20 9 28 25 21 22 22 7 24 26 17 15 34 23 11 24 36 38 26 6 36 13 1 19 24 13 21 3 3 4 10 5 14 14 38 5 27 31 34 20 4 38 32 11 32 38 4 20 34 31 27 5 38 14 14 5 10 4 3 3 21 13 24 19 1 13 36 6 26 38 36 24 11 23 34 15 17 26 24 7 22 22 21 25 28 9 20 13 21 38 39 10 10 14 36 11 13 12 11 20 34 11 11 19 4 3 11 6 17 33 10 8 27 9 31 32 1 11 34 13 35 15 38 29 3 
3 29 38 15 35 13 20 37 34 38 33 29 21 11 18 6 8 18 13 1 7 29 35 2 39 25 3 30 6 14 17 16 18 28 5 20 31 9 17 34 7 32 11 31 25 30 18 38 39 26 21 18 22 17 3 23 8 34 31 16 14 2 16 35 29 22 24 16 19 21 24 28 32 3 29 0 33 18 20 7 33 17 33 7 20 18 33 0 29 3 32 28 24 21 19 16 24 22 29 35 16 2 14 16 31 34 8 23 3 17 22 18 21 26 39 38 18 30 25 31 11 32 7 34 17 9 31 20 5 28 18 16 17 14 6 30 3 25 39 2 35 29 7 1 13 18 8 6 18 11 21 29 33 38 34 37 20 13 35 15 38 29 3 
3 29 38 15 35 13 4 23 25 18 28 21 6 9 12 20 23 37 19 24 38 8 5 11 2 0 5 33 27 5 20 34 9 14 1 29 24 2 38 19 38 1 33 27 14 6 24 37 37 30 7 28 27 11 13 19 10 2 21 1 33 10 14 39 18 30 0 27 3 38 34 18 32 35 11 23 16 33 34 39 0 28 0 39 34 33 16 23 11 35 32 18 34 38 3 27 0 30 18 39 14 10 33 1 21 2 10 19 13 11 27 28 7 30 37 37 24 6 14 27 33 1 38 19 38 2 24 29 1 14 9 34 20 5 27 33 5 0 2 11 5 8 38 24 19 37 23 20 12 9 6 21 28 18 25 23 4 13 35 15 38 29 3 
3 29 38 15 35 12 25 36 8 39 39 13 6 33 28 21 28 22 9 0 10 9 15 33 34 12 1 36 2 15 17 28 37 19 36 6 24 14 22 11 20 38 22 19 13 22 20 10 18 21 20 26 5 22 24 13 18 18 18 15 24 9 20 10 37 35 28 15 20 1 34 39 30 9 19 22 23 0 31 3 11 34 11 3 31 0 23 22 19 9 30 39 34 1 20 15 28 35 37 10 20 9 24 15 18 18 18 13 24 22 5 26 20 21 18 10 20 22 13 19 22 38 20 11 22 14 24 6 36 19 37 28 17 15 2 36 1 12 34 33 15 9 10 0 9 22 28 21 28 33 6 13 39 39 8 36 25 12 35 15 38 29 3 
3 29 38 15 35 12 1 15 13 3 0 3 34 18 26 33 7 9 31 27 5 16 25 23 29 14 13 38 27 38 35 19 34 11 13 2 13 25 15 15 4 10 7 30 29 9 20 33 22 39 27 14 30 37 36 0 8 6 38 25 39 13 11 6 33 0 23 27 28 12 13 33 14 14 22 19 11 29 27 1 31 25 31 1 27 29 11 19 22 14 14 33 13 12 28 27 23 0 33 6 11 13 39 25 38 6 8 0 36 37 30 14 27 39 22 33 20 9 29 30 7 10 4 15 15 25 13 2 13 11 34 19 35 38 27 38 13 14 29 23 25 16 5 27 31 9 7 33 26 18 34 3 0 3 13 15 1 12 35 15 38 29 3 
3 29 38 15 35 11 13 10 29 33 39 32 6 10 2 26 17 39 34 27 10 9 12 7 28 36 16 10 14 0 33 23 18 1 5 31 23 2 31 37 27 38 28 18 9 39 7 26 5 19 32 8 27 14 25 17 13 35 24 24 24 11 27 34 25 10 9 17 1 14 12 6 14 0 14 9 35 3 5 15 12 4 12 15 5 3 35 9 14 0 14 6 12 14 1 17 9 10 25 34 27 11 24 24 24 35 13 17 25 14 27 8 32 19 5 26 7 39 9 18 28 38 27 37 31 2 23 31 5 1 18 23 33 0 14 10 16 36 28 7 12 9 10 27 34 39 17 26 2 10 6 32 39 33 29 10 13 11 35 15 38 29 3 
3 29 38 15 35 10 18 30 21 7 3 2 13 28 36 3 28 34 29 6 10 14 31 23 4 30 36 19 37 9 25 38 33 17 9 20 16 26 34 33 3 3 3 32 19 27 38 13 1 33 21 34 11 39 17 20 28 15 36 5 23 1 1 30 8 30 2 18 35 2 14 39 22 14 14 30 32 32 38 25 33 3 33 25 38 32 32 30 14 14 22 39 14 2 35 18 2 30 8 30 1 1 23 5 36 15 28 20 17 39 11 34 21 33 1 13 38 27 19 32 3 3 3 33 34 26 16 20 9 17 33 38 25 9 37 19 36 30 4 23 31 14 10 6 29 34 28 3 36 28 13 2 3 7 21 30 18 10 35 15 38 29 3 
3 29 38 15 35 9 17 27 34 1 1 21 31 17 27 6 21 31 28 34 25 36 2 23 11 8 7 38 30 12 2 18 4 36 5 20 6 37 21 11 22 29 4 23 30 0 27 34 19 23 7 37 28 21 13 35 38 2 33 17 26 4 8 3 18 32 2 5 30 12 8 22 39 6 33 39 18 28 14 7 20 12 20 7 14 28 18 39 33 6 39 22 8 12 30 5 2 32 18 3 8 4 26 17 33 2 38 35 13 21 28 37 7 23 19 34 27 0 30 23 4 29 22 11 21 37 6 20 5 36 4 18 2 12 30 38 7 8 11 23 2 36 25 34 28 31 21 6 27 17 31 21 1 1 34 27 17 9 35 15 38 29 3 
3 29 38 15 35 8 7 36 27 19 4 16 13 10 19 10 29 23 6 4 13 0 10 4 28 34 2 4 37 20 30 0 14 0 17 18 36 37 8 25 6 21 2 25 10 37 25 11 37 26 22 3 25 30 12 7 7 15 5 38 28 23 4 30 32 33 3 2 19 35 12 8 14 12 13 34 34 24 14 38 31 1 31 38 14 24 34 34 13 12 14 8 12 35 19 2 3 33 32 30 4 23 28 38 5 15 7 7 12 30 25 3 22 26 37 11 25 37 10 25 2 21 6 25 8 37 36 18 17 0 14 0 30 20 37 4 2 34 28 4 10 0 13 4 6 23 29 10 19 10 13 16 4 19 27 36 7 8 35 15 38 29 3 
3 29 38 15 35 6 28 27 7 14 9 3 39 5 37 34 35 22 3 13 20 25 10 22 35 32 30 28 25 37 11 2 35 30 39 39 9 14 25 11 18 33 25 35 27 28 12 37 30 16 35 14 0 14 39 5 33 36 38 31 22 7 2 29 4 7 39 16 36 30 35 12 2 14 12 1 38 21 5 34 7 14 7 34 5 21 38 1 12 14 2 12 35 30 36 16 39 7 4 29 2 7 22 31 38 36 33 5 39 14 0 14 35 16 30 37 12 28 27 35 25 33 18 11 25 14 9 39 39 30 35 2 11 37 25 28 30 32 35 22 10 25 20 13 3 22 35 34 37 5 39 3 9 14 7 27 28 6 35 15 38 29 3 
3 29 38 15 35 4 37 11 35 20 21 8 2 23 29 6 33 36 35 1 35 36 1 21 34 24 21 14 17 4 8 27 6 26 29 28 6 23 20 26 37 25 7 14 2 39 22 2 1 14 6 7 32 18 28 21 19 7 2 22 22 2 18 6 18 26 28 0 2 36 19 30 35 1 28 20 3 19 10 21 20 32 20 21 10 19 3 20 28 1 35 30 19 36 2 0 28 26 18 6 18 2 22 22 2 7 19 21 28 18 32 7 6 14 1 2 22 39 2 14 7 25 37 26 20 23 6 28 29 26 6 27 8 4 17 14 21 24 34 21 1 36 35 1 35 36 33 6 29 23 2 8 21 20 35 11 37 4 35 15 38 29 3 
3 29 38 15 35 1 32 5 2 26 37 32 13 10 1 21 13 29 11 21 35 37 13 11 7 2 20 29 1 39 20 1 18 29 28 9 6 9 38 15 38 20 33 28 21 0 16 12 27 19 19 10 28 28 23 12 10 27 21 38 29 8 29 39 26 18 29 32 0 16 2 5 18 17 27 15 27 16 4 3 7 24 7 3 4 16 27 15 27 17 18 5 2 16 0 32 29 18 26 39 29 8 29 38 21 27 10 12 23 28 28 10 19 19 27 12 16 0 21 28 33 20 38 15 38 9 6 9 28 29 18 1 20 39 1 29 20 2 7 11 13 37 35 21 11 29 13 21 1 10 13 32 37 26 2 5 32 1 35 15 38 29 3 
3 29 38 15 34 39 7 1 20 28 10 17 27 14 37 11 38 30 23 11 13 34 20 38 16 3 31 9 17 25 16 5 4 19 13 5 20 34 7 29 19 35 36 26 32 29 20 35 34 23 1 12 30 39 24 37 21 4 6 12 12 27 33 3 6 1 12 29 28 39 3 2 2 9 23 28 0 24 3 28 13 28 13 28 3 24 0 28 23 9 2 2 3 39 28 29 12 1 6 3 33 27 12 12 6 4 21 37 24 39 30 12 1 23 34 35 20 29 32 26 36 35 19 29 7 34 20 5 13 19 4 5 16 25 17 9 31 3 16 38 20 34 13 11 23 30 38 11 37 14 27 17 10 28 20 1 7 39 34 15 38 29 3 
3 29 38 15 34 34 39 15 25 9 12 0 35 14 39 13 20 7 15 11 31 9 0 16 10 15 26 30 37 19 7 23 15 13 32 0 10 19 18 30 3 37 30 38 21 28 0 13 38 33 0 17 23 32 18 27 19 35 7 29 37 37 4 24 33 20 1 18 26 7 33 32 30 10 0 35 30 22 3 39 9 9 9 39 3 22 30 35 0 10 30 32 33 7 26 18 1 20 33 24 4 37 37 29 7 35 19 27 18 32 23 17 0 33 38 13 0 28 21 38 30 37 3 30 18 19 10 0 32 13 15 23 7 19 37 30 26 15 10 16 0 9 31 11 15 7 20 13 39 14 35 0 12 9 25 15 39 34 34 15 38 29 3 
3 29 38 15 34 30 30 39 25 31 2 36 29 38 9 8 15 9 8 2 5 34 31 26 3 24 30 21 4 34 1 28 22 38 3 11 12 10 32 5 6 38 2 16 23 7 37 24 24 14 35 39 16 2 20 22 5 17 23 28 5 6 16 32 0 33 6 26 18 4 32 18 8 25 33 37 18 29 21 26 4 26 4 26 21 29 18 37 33 25 8 18 32 4 18 26 6 33 0 32 16 6 5 28 23 17 5 22 20 2 16 39 35 14 24 24 37 7 23 16 2 38 6 5 32 10 12 11 3 38 22 28 1 34 4 21 30 24 3 26 31 34 5 2 8 9 15 8 9 38 29 36 2 31 25 39 30 30 34 15 38 29 3 
3 29 38 15 34 24 30 16 5 37 9 34 5 32 36 20 27 5 4 35 15 20 5 17 12 35 25 24 16 10 3 22 10 36 1 1 2 30 5 36 10 27 25 21 26 5 15 37 13 33 27 20 7 34 16 29 18 12 33 35 1 30 34 2 32 24 3 39 6 29 30 3 30 34 6 10 39 35 13 34 36 17 36 34 13 35 39 10 6 34 30 3 30 29 6 39 3 24 32 2 34 30 1 35 33 12 18 29 16 34 7 20 27 33 13 37 15 5 26 21 25 27 10 36 5 30 2 1 1 36 10 22 3 10 16 24 25 35 12 17 5 20 15 35 4 5 27 20 36 32 5 34 9 37 5 16 30 24 34 15 38 29 3 
3 29 38 15 34 14 13 22 26 24 18 35 20 12 1 25 20 5 9 39 16 10 23 12 10 32 4 4 17 32 8 23 39 33 28 36 5 20 27 25 12 8 38 27 5 26 8 30 16 19 13 27 20 25 16 35 20 29 1 27 21 19 22 34 16 4 33 29 18 2 4 8 1 27 11 20 14 16 24 20 11 5 11 20 24 16 14 20 11 27 1 8 4 2 18 29 33 4 16 34 22 19 21 27 1 29 20 35 16 25 20 27 13 19 16 30 8 26 5 27 38 8 12 25 27 20 5 36 28 33 39 23 8 32 17 4 4 32 10 12 23 10 16 39 9 5 20 25 1 12 20 35 18 24 26 22 13 14 34 15 38 29 3 
3 29 38 15 33 39 19 32 22 39 25 36 23 8 7 31 19 6 12 0 6 10 29 27 27 20 2 13 28 15 24 33 6 15 35 6 1 39 38 30 32 9 3 14 19 32 24 0 31 36 9 34 14 1 10 8 31 39 23 8 35 30 19 30 6 37 27 8 2 7 23 4 1 11 13 9 10 2 19 17 26 0 26 17 19 2 10 9 13 11 1 4 23 7 2 8 27 37 6 30 19 30 35 8 23 39 31 8 10 1 14 34 9 36 31 0 24 32 19 14 3 9 32 30 38 39 1 6 35 15 6 33 24 15 28 13 2 20 27 27 29 10 6 0 12 6 19 31 7 8 23 36 25 39 22 32 19 39 33 15 38 29 3 
3 29 38 15 33 16 5 12 20 27 9 25 19 14 21 28 24 15 15 32 2 19 9 17 5 36 10 18 4 3 13 37 22 13 15 23 19 33 0 3 23 14 36 11 33 25 33 3 2 22 0 15 22 32 4 19 32 20 6 11 10 35 21 1 5 37 12 29 22 22 28 26 23 24 39 24 33 14 1 8 26 5 26 8 1 14 33 24 39 24 23 26 28 22 22 29 12 37 5 1 21 35 10 11 6 20 32 19 4 32 22 15 0 22 2 3 33 25 33 11 36 14 23 3 0 33 19 23 15 13 22 37 13 3 4 18 10 36 5 17 9 19 2 32 15 15 24 28 21 14 19 25 9 27 20 12 5 16 33 15 38 29 3 
3 29 38 15 32 27 17 16 28 36 39 34 33 38 25 2 11 34 15 34 39 9 21 37 6 19 9 6 11 11 16 14 18 1 1 3 17 30 35 11 26 21 26 5 6 21 27 24 20 14 22 1 9 33 18 30 14 38 18 26 11 8 27 35 28 29 12 38 22 31 38 17 5 24 25 15 1 16 13 11 28 5 28 11 13 16 1 15 25 24 5 17 38 31 22 38 12 29 28 35 27 8 11 26 18 38 14 30 18 33 9 1 22 14 20 24 27 21 6 5 26 21 26 11 35 30 17 3 1 1 18 14 16 11 11 6 9 19 6 37 21 9 39 34 15 34 11 2 25 38 33 34 39 36 28 16 17 27 32 15 38 29 3 
3 29 38 15 31 31 0 27 39 2 2 34 20 21 15 13 6 36 2 33 28 38 13 31 26 9 2 9 28 39 35 30 31 12 3 19 15 29 13 34 21 24 37 34 4 9 11 38 7 21 22 5 4 8 35 16 38 38 20 18 6 23 1 33 23 7 6 21 2 38 5 33 36 24 38 18 21 31 36 24 8 4 8 24 36 31 21 18 38 24 36 33 5 38 2 21 6 7 23 33 1 23 6 18 20 38 38 16 35 8 4 5 22 21 7 38 11 9 4 34 37 24 21 34 13 29 15 19 3 12 31 30 35 39 28 9 2 9 26 31 13 38 28 33 2 36 6 13 15 21 20 34 2 2 39 27 0 31 31 15 38 29 3 
3 29 38 15 30 27 23 23 31 31 35 4 38 32 27 14 19 3 22 26 1 35 12 31 26 33 24 9 19 18 17 29 33 34 9 23 34 14 15 30 5 37 36 37 36 35 15 23 23 34 37 38 21 28 16 4 4 32 38 38 20 39 29 12 17 35 4 27 7 36 15 2 15 35 6 18 2 34 6 25 21 25 21 25 6 34 2 18 6 35 15 2 15 36 7 27 4 35 17 12 29 39 20 38 38 32 4 4 16 28 21 38 37 34 23 23 15 35 36 37 36 37 5 30 15 14 34 23 9 34 33 29 17 18 19 9 24 33 26 31 12 35 1 26 22 3 19 14 27 32 38 4 35 31 31 23 23 27 30 15 38 29 3 
3 29 38 15 29 14 19 32 37 27 0 2 11 0 9 31 3 26 34 14 14 6 22 37 0 4 30 2 16 39 22 36 21 12 20 14 7 12 37 6 29 13 15 1 1 29 35 13 26 32 17 27 33 24 36 16 16 4 38 14 32 31 20 18 5 19 21 10 19 33 7 38 28 13 8 18 10 8 26 7 38 37 38 7 26 8 10 18 8 13 28 38 7 33 19 10 21 19 5 18 20 31 32 14 38 4 16 16 36 24 33 27 17 32 26 13 35 29 1 1 15 13 29 6 37 12 7 14 20 12 21 36 22 39 16 2 30 4 0 37 22 6 14 14 34 26 3 31 9 0 11 2 0 27 37 32 19 14 29 15 38 29 3 
3 29 38 15 27 31 28 17 25 37 14 37 33 38 29 34 2 29 7 20 22 33 22 30 15 21 36 24 28 34 31 30 4 5 15 39 19 35 19 19 14 17 6 8 35 24 28 15 4 8 31 22 16 24 14 12 16 4 16 30 19 8 35 29 22 27 37 12 21 5 7 35 20 17 0 13 19 23 38 10 32 27 32 10 38 23 19 13 0 17 20 35 7 5 21 12 37 27 22 29 35 8 19 30 16 4 16 12 14 24 16 22 31 8 4 15 28 24 35 8 6 17 14 19 19 35 19 39 15 5 4 30 31 34 28 24 36 21 15 30 22 33 22 20 7 29 2 34 29 38 33 37 14 37 25 17 28 31 27 15 38 29 3 
3 29 38 15 25 35 21 1 23 25 22 32 38 25 28 7 33 35 26 13 11 4 7 30 36 28 7 3 6 17 39 39 11 6 38 29 16 13 13 17 15 30 37 18 35 9 23 5 6 10 30 36 36 12 16 14 36 16 35 18 4 10 16 16 20 18 24 23 28 39 12 13 17 25 36 24 13 3 36 4 23 28 23 4 36 3 13 24 36 25 17 13 12 39 28 23 24 18 20 16 16 10 4 18 35 16 36 14 16 12 36 36 30 10 6 5 23 9 35 18 37 30 15 17 13 13 16 29 38 6 11 39 39 17 6 3 7 28 36 30 7 4 11 13 26 35 33 7 28 25 38 32 22 25 23 1 21 35 25 15 38 29 3 
3 29 38 15 23 24 21 13 25 17 26 20 22 10 32 39 0 37 24 22 39 36 19 20 9 0 9 30 32 31 30 28 7 29 6 31 23 14 3 31 0 11 31 9 12 10 25 39 37 33 20 4 36 2 12 24 24 28 8 33 32 1 25 34 2 32 39 28 18 14 30 21 39 14 37 22 11 17 24 11 0 25 0 11 24 17 11 22 37 14 39 21 30 14 18 28 39 32 2 34 25 1 32 33 8 28 24 24 12 2 36 4 20 33 37 39 25 10 12 9 31 11 0 31 3 14 23 31 6 29 7 28 30 31 32 30 9 0 9 20 19 36 39 22 24 37 0 39 32 10 22 20 26 17 25 13 21 24 23 15 38 29 3 
3 29 38 15 20 35 21 26 27 31 36 38 18 19 28 10 34 37 29 30 35 34 5 30 36 27 18 7 3 10 18 2 24 5 35 8 36 32 30 8 7 29 11 27 32 31 19 0 23 17 24 10 24 36 36 16 33 21 4 9 22 14 20 7 16 23 30 28 32 0 25 28 11 27 30 5 27 22 11 34 10 25 10 34 11 22 27 5 30 27 11 28 25 0 32 28 30 23 16 7 20 14 22 9 4 21 33 16 36 36 24 10 24 17 23 0 19 31 32 27 11 29 7 8 30 32 36 8 35 5 24 2 18 10 3 7 18 27 36 30 5 34 35 30 29 37 34 10 28 19 18 38 36 31 27 26 21 35 20 15 38 29 3 
3 29 38 15 17 24 33 18 19 25 9 31 13 2 10 3 36 26 31 16 35 30 3 21 26 12 11 36 33 16 35 25 38 2 34 23 13 17 13 7 36 8 33 13 13 25 2 38 35 26 15 4 10 4 36 22 27 38 5 1 15 34 27 20 39 17 12 10 7 14 3 37 34 8 14 26 28 18 23 0 29 15 29 0 23 18 28 26 14 8 34 37 3 14 7 10 12 17 39 20 27 34 15 1 5 38 27 22 36 4 10 4 15 26 35 38 2 25 13 13 33 8 36 7 13 17 13 23 34 2 38 25 35 16 33 36 11 12 26 21 3 30 35 16 31 26 36 3 10 2 13 31 9 25 19 18 33 24 17 15 38 29 3 
3 29 38 15 13 26 37 30 8 39 37 5 36 39 15 37 28 7 12 2 11 36 8 6 5 9 8 25 15 8 8 35 17 18 25 16 9 13 37 34 4 18 30 30 23 6 32 34 16 23 4 15 24 20 30 31 17 37 22 22 0 9 13 27 35 0 1 19 6 35 22 7 21 32 27 20 7 21 34 6 7 16 7 6 34 21 7 20 27 32 21 7 22 35 6 19 1 0 35 27 13 9 0 22 22 37 17 31 30 20 24 15 4 23 16 34 32 6 23 30 30 18 4 34 37 13 9 16 25 18 17 35 8 8 15 25 8 9 5 6 8 36 11 2 12 7 28 37 15 39 36 5 37 39 8 30 37 26 13 15 38 29 3 
3 29 38 15 8 39 19 36 25 34 32 1 0 7 22 5 23 17 22 27 16 34 33 32 18 39 28 30 0 16 4 3 13 28 10 29 38 34 28 1 5 8 4 35 1 0 12 31 14 18 23 26 17 33 10 8 32 34 21 14 22 36 19 33 14 33 23 19 14 16 26 23 33 19 39 21 30 26 15 4 1 10 1 4 15 26 30 21 39 19 33 23 26 16 14 19 23 33 14 33 19 36 22 14 21 34 32 8 10 33 17 26 23 18 14 31 12 0 1 35 4 8 5 1 28 34 38 29 10 28 13 3 4 16 0 30 28 39 18 32 33 34 16 27 22 17 23 5 22 7 0 1 32 34 25 36 19 39 8 15 38 29 3 
3 29 38 15 2 7 15 3 32 17 34 4 24 30 38 31 6 26 0 16 25 15 11 14 38 36 13 38 32 22 6 17 5 34 31 34 17 27 27 7 22 20 15 38 16 27 13 11 38 14 16 35 23 37 6 4 26 23 7 20 2 31 16 13 24 38 34 27 1 30 37 19 1 5 22 18 37 39 17 8 36 27 36 8 17 39 37 18 22 5 1 19 37 30 1 27 34 38 24 13 16 31 2 20 7 23 26 4 6 37 23 35 16 14 38 11 13 27 16 38 15 20 22 7 27 27 17 34 31 34 5 17 6 22 32 38 13 36 38 14 11 15 25 16 0 26 6 31 38 30 24 4 34 17 32 3 15 7 2 15 38 29 3 
3 29 38 14 34 39 16 14 4 22 24 36 24 30 30 9 9 7 3 31 16 4 37 21 32 22 18 18 24 6 2 7 1 38 5 10 14 6 0 3 26 29 14 28 34 7 16 22 11 31 34 38 0 39 5 15 13 23 38 24 3 0 30 37 24 13 35 12 2 37 11 34 13 26 33 10 37 38 26 11 8 20 8 11 26 38 37 10 33 26 13 34 11 37 2 12 35 13 24 37 30 0 3 24 38 23 13 15 5 39 0 38 34 31 11 22 16 7 34 28 14 29 26 3 0 6 14 10 5 38 1 7 2 6 24 18 18 22 32 21 37 4 16 31 3 7 9 9 30 30 24 36 24 22 4 14 16 39 34 14 38 29 3 
3 29 38 14 23 37 30 18 5 10 12 36 19 8 3 22 38 36 32 2 32 28 15 24 33 21 29 12 1 33 3 39 27 33 0 3 0 27 25 37 21 6 34 7 25 11 36 16 13 12 32 2 19 25 23 28 35 15 11 27 33 24 8 15 37 0 20 16 22 12 25 27 38 7 20 20 24 18 24 18 15 38 15 18 24 18 24 20 20 7 38 27 25 12 22 16 20 0 37 15 8 24 33 27 11 15 35 28 23 25 19 2 32 12 13 16 36 11 25 7 34 6 21 37 25 27 0 3 0 33 27 39 3 33 1 12 29 21 33 24 15 28 32 2 32 36 38 22 3 8 19 36 12 10 5 18 30 37 23 14 38 29 3 
3 29 38 14 7 8 12 22 2 22 38 0 32 38 36 36 3 9 7 3 28 0 32 35 1 35 32 33 15 3 26 15 32 30 3 19 24 36 19 3 21 12 6 22 2 2 11 7 27 0 6 25 31 10 9 24 29 35 9 21 25 32 26 5 7 28 29 0 39 28 37 0 27 39 9 22 6 30 7 4 31 14 31 4 7 30 6 22 9 39 27 0 37 28 39 0 29 28 7 5 26 32 25 21 9 35 29 24 9 10 31 25 6 0 27 7 11 2 2 22 6 12 21 3 19 36 24 19 3 30 32 15 26 3 15 33 32 35 1 35 32 0 28 3 7 9 3 36 36 38 32 0 38 22 2 22 12 8 7 14 38 29 3 
3 29 38 13 19 15 20 28 25 15 27 10 11 15 1 33 33 21 7 22 17 10 4 16 17 3 11 11 6 35 0 19 35 2 25 10 32 22 11 5 18 33 8 18 14 2 25 34 16 1 23 13 32 12 35 35 1 36 4 6 33 19 5 26 23 21 32 21 2 27 10 30 19 9 29 13 14 25 22 20 4 14 4 20 22 25 14 13 29 9 19 30 10 27 2 21 32 21 23 26 5 19 33 6 4 36 1 35 35 12 32 13 23 1 16 34 25 2 14 18 8 33 18 5 11 22 32 10 25 2 35 19 0 35 6 11 11 3 17 16 4 10 17 22 7 21 33 33 1 15 11 10 27 15 25 28 20 15 19 13 38 29 3 
3 29 38 12 16 36 39 18 15 29 13 9 4 8 3 17 35 23 39 19 30 17 36 2 39 29 21 37 1 24 26 14 23 6 25 33 34 3 24 39 22 0 28 6 18 22 7 28 38 35 30 13 27 9 18 8 1 37 34 5 11 14 27 21 16 38 26 28 14 35 25 23 32 18 30 19 27 31 22 37 22 24 22 37 22 31 27 19 30 18 32 23 25 35 14 28 26 38 16 21 27 14 11 5 34 37 1 8 18 9 27 13 30 35 38 28 7 22 18 6 28 0 22 39 24 3 34 33 25 6 23 14 26 24 1 37 21 29 39 2 36 17 30 19 39 23 35 17 3 8 4 9 13 29 15 18 39 36 16 12 38 29 3 
3 29 38 11 2 23 15 7 3 25 26 2 23 4 27 18 37 32 14 17 9 7 21 38 36 1 5 23 0 14 39 22 16 10 22 24 0 8 36 16 16 1 6 28 8 6 34 14 15 4 30 33 11 31 37 6 15 36 37 26 36 3 38 25 2 30 36 33 7 25 2 4 3 28 7 22 33 11 21 24 16 29 16 24 21 11 33 22 7 28 3 4 2 25 7 33 36 30 2 25 38 3 36 26 37 36 15 6 37 31 11 33 30 4 15 14 34 6 8 28 6 1 16 16 36 8 0 24 22 10 16 22 39 14 0 23 5 1 36 38 21 7 9 17 14 32 37 18 27 4 23 2 26 25 3 7 15 23 2 11 38 29 3 
3 29 38 9 15 9 26 27 13 23 27 6 16 4 36 24 20 37 2 11 38 15 33 5 0 20 17 22 16 18 31 26 30 33 33 37 27 17 6 24 18 10 1 0 33 12 6 29 20 8 18 8 29 11 30 17 13 37 24 21 14 9 8 27 38 37 35 20 25 33 21 29 3 38 10 38 1 32 25 39 21 2 21 39 25 32 1 38 10 38 3 29 21 33 25 20 35 37 38 27 8 9 14 21 24 37 13 17 30 11 29 8 18 8 20 29 6 12 33 0 1 10 18 24 6 17 27 37 33 33 30 26 31 18 16 22 17 20 0 5 33 15 38 11 2 37 20 24 36 4 16 6 27 23 13 27 26 9 15 9 38 29 3 
3 29 38 7 14 20 19 36 32 15 21 15 31 13 27 24 24 33 9 12 35 38 19 37 25 2 7 25 9 3 15 12 3 5 13 10 5 4 2 21 24 18 16 22 18 21 21 26 22 5 4 36 7 0 15 14 29 5 21 26 23 32 12 10 6 3 19 38 37 18 6 22 3 27 4 20 38 7 28 38 18 17 18 38 28 7 38 20 4 27 3 22 6 18 37 38 19 3 6 10 12 32 23 26 21 5 29 14 15 0 7 36 4 5 22 26 21 21 18 22 16 18 24 21 2 4 5 10 13 5 3 12 15 3 9 25 7 2 25 37 19 38 35 12 9 33 24 24 27 13 31 15 21 15 32 36 19 20 14 7 38 29 3 
3 29 38 4 37 3 36 28 22 35 8 22 34 24 38 14 11 39 34 5 24 27 12 18 18 32 34 31 4 8 0 17 16 36 20 33 19 28 17 30 21 24 16 39 5 3 37 3 7 1 34 7 8 31 17 19 6 30 34 11 3 30 25 36 5 30 29 15 26 11 25 11 33 37 15 11 19 34 9 19 39 23 39 19 9 34 19 11 15 37 33 11 25 11 26 15 29 30 5 36 25 30 3 11 34 30 6 19 17 31 8 7 34 1 7 3 37 3 5 39 16 24 21 30 17 28 19 33 20 36 16 17 0 8 4 31 34 32 18 18 12 27 24 5 34 39 11 14 38 24 34 22 8 35 22 28 36 3 37 4 38 29 3 
3 29 38 1 1 11 17 0 3 23 20 37 18 11 12 25 14 27 25 7 21 35 27 26 12 6 24 19 22 23 23 8 11 35 17 5 0 11 2 17 2 6 36 24 11 19 25 0 27 28 37 13 30 3 13 19 37 15 13 35 0 38 27 5 32 18 7 38 20 25 8 21 34 31 15 22 38 17 20 26 20 23 20 26 20 17 38 22 15 31 34 21 8 25 20 38 7 18 32 5 27 38 0 35 13 15 37 19 13 3 30 13 37 28 27 0 25 19 11 24 36 6 2 17 2 11 0 5 17 35 11 8 23 23 22 19 24 6 12 26 27 35 21 7 25 27 14 25 12 11 18 37 20 23 3 0 17 11 1 1 38 29 3 
3 29 37 37 19 15 34 35 6 30 7 14 18 22 6 5 39 34 20 32 15 35 16 0 20 6 25 33 14 21 38 6 14 22 22 35 21 2 11 28 4 17 8 3 22 36 27 6 27 34 13 17 32 14 13 35 12 14 29 30 33 39 20 30 10 19 34 9 23 14 37 37 26 2 25 14 2 9 13 23 8 14 8 23 13 9 2 14 25 2 26 37 37 14 23 9 34 19 10 30 20 39 33 30 29 14 12 35 13 14 32 17 13 34 27 6 27 36 22 3 8 17 4 28 11 2 21 35 22 22 14 6 38 21 14 33 25 6 20 0 16 35 15 32 20 34 39 5 6 22 18 14 7 30 6 35 34 15 19 37 37 29 3 
3 29 37 32 14 11 1 30 23 15 22 1 39 5 12 34 3 15 29 4 28 29 33 34 18 18 28 26 16 2 18 24 9 3 3 13 2 21 0 19 5 27 0 34 32 24 0 14 17 38 9 13 36 23 16 19 7 34 15 17 19 1 5 2 12 10 20 6 6 9 36 6 16 23 13 24 24 31 21 37 7 15 7 37 21 31 24 24 13 23 16 6 36 9 6 6 20 10 12 2 5 1 19 17 15 34 7 19 16 23 36 13 9 38 17 14 0 24 32 34 0 27 5 19 0 21 2 13 3 3 9 24 18 2 16 26 28 18 18 34 33 29 28 4 29 15 3 34 12 5 39 1 22 15 23 30 1 11 14 32 37 29 3 
3 29 37 27 9 15 8 29 24 2 25 16 4 36 4 2 28 31 23 19 9 37 27 16 26 37 37 34 17 12 12 9 23 27 21 10 13 35 5 33 10 37 24 33 10 19 3 10 34 29 16 23 8 31 29 39 14 23 19 3 23 6 36 1 11 0 5 9 28 39 18 20 20 31 2 6 29 20 38 1 7 11 7 1 38 20 29 6 2 31 20 20 18 39 28 9 5 0 11 1 36 6 23 3 19 23 14 39 29 31 8 23 16 29 34 10 3 19 10 33 24 37 10 33 5 35 13 10 21 27 23 9 12 12 17 34 37 37 26 16 27 37 9 19 23 31 28 2 4 36 4 16 25 2 24 29 8 15 9 27 37 29 3 
3 29 37 21 12 25 11 25 16 27 8 28 38 10 1 36 0 10 3 31 4 38 19 4 9 0 7 16 36 15 21 11 33 4 28 21 3 22 17 20 13 33 22 25 25 3 0 5 31 10 25 34 35 6 38 15 20 9 3 1 15 35 28 1 3 32 13 28 29 39 17 5 9 5 13 36 1 5 39 31 32 2 32 31 39 5 1 36 13 5 9 5 17 39 29 28 13 32 3 1 28 35 15 1 3 9 20 15 38 6 35 34 25 10 31 5 0 3 25 25 22 33 13 20 17 22 3 21 28 4 33 11 21 15 36 16 7 0 9 4 19 38 4 31 3 10 0 36 1 10 38 28 8 27 16 25 11 25 12 21 37 29 3 
3 29 37 13 36 30 0 22 10 5 24 16 20 5 1 12 1 6 1 32 18 15 35 24 31 31 19 35 16 37 33 18 17 6 4 27 3 22 35 36 5 33 10 6 2 30 33 38 34 28 18 2 5 29 6 5 12 34 12 1 13 15 33 36 38 13 19 29 26 30 0 36 17 1 11 19 14 28 10 3 20 29 20 3 10 28 14 19 11 1 17 36 0 30 26 29 19 13 38 36 33 15 13 1 12 34 12 5 6 29 5 2 18 28 34 38 33 30 2 6 10 33 5 36 35 22 3 27 4 6 17 18 33 37 16 35 19 31 31 24 35 15 18 32 1 6 1 12 1 5 20 16 24 5 10 22 0 30 36 13 37 29 3 
3 29 37 4 17 13 24 31 33 17 33 3 0 28 14 39 13 28 7 13 13 10 2 32 9 10 27 17 33 0 9 10 16 17 33 23 9 14 11 16 3 30 16 23 35 32 27 1 5 13 17 38 24 7 11 4 21 33 31 18 22 6 39 10 22 15 4 18 6 35 14 4 33 18 34 37 9 18 10 10 36 35 36 10 10 18 9 37 34 18 33 4 14 35 6 18 4 15 22 10 39 6 22 18 31 33 21 4 11 7 24 38 17 13 5 1 27 32 35 23 16 30 3 16 11 14 9 23 33 17 16 10 9 0 33 17 27 10 9 32 2 10 13 13 7 28 13 39 14 28 0 3 33 17 33 31 24 13 17 4 37 29 3 
3 29 36 33 27 15 12 2 30 0 34 4 38 20 38 9 1 4 14 5 35 11 20 20 35 31 39 5 7 17 39 2 10 18 11 9 24 6 8 17 12 26 22 14 19 15 39 7 17 3 35 25 2 28 39 30 36 29 30 14 37 33 23 22 28 23 5 1 27 2 0 18 38 23 19 28 34 16 14 39 27 30 27 39 14 16 34 28 19 23 38 18 0 2 27 1 5 23 28 22 23 33 37 14 30 29 36 30 39 28 2 25 35 3 17 7 39 15 19 14 22 26 12 17 8 6 24 9 11 18 10 2 39 17 7 5 39 31 35 20 20 11 35 5 14 4 1 9 38 20 38 4 34 0 30 2 12 15 27 33 36 29 3 
3 29 36 20 14 7 34 35 31 5 10 18 3 10 17 28 27 10 14 10 16 19 29 11 37 39 10 30 18 11 24 39 9 33 21 12 18 38 23 0 15 31 39 26 0 26 3 2 6 4 8 35 18 30 39 31 22 17 35 16 13 24 8 3 1 7 16 20 8 11 30 2 25 33 35 17 20 17 36 12 1 5 1 12 36 17 20 17 35 33 25 2 30 11 8 20 16 7 1 3 8 24 13 16 35 17 22 31 39 30 18 35 8 4 6 2 3 26 0 26 39 31 15 0 23 38 18 12 21 33 9 39 24 11 18 30 10 39 37 11 29 19 16 10 14 10 27 28 17 10 3 18 10 5 31 35 34 7 14 20 36 29 3 
3 29 36 2 19 8 28 10 14 32 36 4 19 23 26 14 28 3 38 15 27 2 2 3 36 12 14 23 20 24 11 17 0 37 15 12 2 21 23 8 3 18 14 24 35 3 33 6 22 16 8 16 10 31 17 34 39 18 39 11 3 15 32 10 34 19 25 39 4 37 20 12 9 0 38 15 5 14 11 32 27 10 27 32 11 14 5 15 38 0 9 12 20 37 4 39 25 19 34 10 32 15 3 11 39 18 39 34 17 31 10 16 8 16 22 6 33 3 35 24 14 18 3 8 23 21 2 12 15 37 0 17 11 24 20 23 14 12 36 3 2 2 27 15 38 3 28 14 26 23 19 4 36 32 14 10 28 8 19 2 36 29 3 
3 29 35 17 11 32 4 21 29 25 28 8 33 33 15 0 2 24 39 24 4 19 20 7 1 1 18 25 0 20 18 7 33 16 36 17 16 14 22 4 9 16 0 1 6 15 1 24 32 0 15 33 3 32 6 28 16 19 28 11 4 28 17 16 4 37 17 1 17 25 37 30 37 14 27 2 27 6 13 26 19 7 19 26 13 6 27 2 27 14 37 30 37 25 17 1 17 37 4 16 17 28 4 11 28 19 16 28 6 32 3 33 15 0 32 24 1 15 6 1 0 16 9 4 22 14 16 17 36 16 33 7 18 20 0 25 18 1 1 7 20 19 4 24 39 24 2 0 15 33 33 8 28 25 29 21 4 32 11 17 35 29 3 
3 29 34 6 35 24 2 6 11 18 37 11 1 4 33 10 27 4 26 6 37 2 19 18 21 29 27 36 25 23 30 5 17 35 16 34 26 33 19 31 25 22 23 37 11 33 12 18 38 30 25 36 7 30 3 24 2 9 9 6 18 13 4 24 21 30 9 29 14 28 4 38 19 10 38 36 33 30 12 15 19 39 19 15 12 30 33 36 38 10 19 38 4 28 14 29 9 30 21 24 4 13 18 6 9 9 2 24 3 30 7 36 25 30 38 18 12 33 11 37 23 22 25 31 19 33 26 34 16 35 17 5 30 23 25 36 27 29 21 18 19 2 37 6 26 4 27 10 33 4 1 11 37 18 11 6 2 24 35 6 34 29 3 
3 29 32 2 23 26 38 15 20 14 7 18 38 4 9 0 35 6 15 31 8 24 32 8 1 15 20 27 18 14 10 39 27 19 7 37 28 25 24 34 7 17 5 21 11 32 29 18 13 28 8 11 18 9 7 36 30 24 2 9 10 2 4 25 30 26 31 20 21 30 2 7 36 16 13 1 5 3 11 28 1 25 1 28 11 3 5 1 13 16 36 7 2 30 21 20 31 26 30 25 4 2 10 9 2 24 30 36 7 9 18 11 8 28 13 18 29 32 11 21 5 17 7 34 24 25 28 37 7 19 27 39 10 14 18 27 20 15 1 8 32 24 8 31 15 6 35 0 9 4 38 18 7 14 20 15 38 26 23 2 32 29 3 
3 29 29 25 28 14 20 36 20 17 7 31 20 3 2 22 3 11 28 6 12 32 38 37 7 4 15 29 1 12 39 31 10 31 0 37 18 6 6 32 2 20 1 29 3 35 21 22 36 39 9 12 27 0 28 21 4 33 9 19 36 20 32 35 24 15 3 2 24 32 34 8 30 36 14 12 0 25 20 26 21 1 21 26 20 25 0 12 14 36 30 8 34 32 24 2 3 15 24 35 32 20 36 19 9 33 4 21 28 0 27 12 9 39 36 22 21 35 3 29 1 20 2 32 6 6 18 37 0 31 10 31 39 12 1 29 15 4 7 37 38 32 12 6 28 11 3 22 2 3 20 31 7 17 20 36 20 14 28 25 29 29 3 
3 29 26 14 0 36 35 2 9 21 18 28 1 34 25 9 10 34 16 30 20 15 31 36 4 7 1 21 1 36 37 35 9 31 9 26 18 20 12 18 25 0 36 39 17 1 33 32 38 18 5 26 36 9 36 15 0 26 26 6 5 27 10 12 3 10 16 7 34 35 28 11 4 28 29 34 2 39 34 29 22 5 22 29 34 39 2 34 29 28 4 11 28 35 34 7 16 10 3 12 10 27 5 6 26 26 0 15 36 9 36 26 5 18 38 32 33 1 17 39 36 0 25 18 12 20 18 26 9 31 9 35 37 36 1 21 1 7 4 36 31 15 20 30 16 34 10 9 25 34 1 28 18 21 9 2 35 36 0 14 26 29 3 
3 29 22 34 27 26 28 15 9 17 34 20 39 5 1 22 37 16 24 27 0 9 1 28 36 37 8 18 7 3 11 20 32 24 4 16 34 0 26 18 37 5 38 2 16 35 24 21 14 32 6 21 30 20 30 30 37 31 31 37 17 27 12 17 26 16 38 11 21 22 4 23 23 7 23 33 11 2 11 36 16 26 16 36 11 2 11 33 23 7 23 23 4 22 21 11 38 16 26 17 12 27 17 37 31 31 37 30 30 20 30 21 6 32 14 21 24 35 16 2 38 5 37 18 26 0 34 16 4 24 32 20 11 3 7 18 8 37 36 28 1 9 0 27 24 16 37 22 1 5 39 20 34 17 9 15 28 26 27 34 22 29 3 
3 29 18 3 26 0 10 6 9 16 6 20 37 6 37 12 23 4 16 3 37 20 2 1 31 38 32 19 20 2 29 20 2 35 19 27 33 16 27 12 19 33 21 36 4 32 15 37 11 33 8 3 5 19 7 22 22 12 13 21 9 29 23 5 31 0 20 13 1 10 10 2 31 12 25 15 5 35 11 36 37 13 37 36 11 35 5 15 25 12 31 2 10 10 1 13 20 0 31 5 23 29 9 21 13 12 22 22 7 19 5 3 8 33 11 37 15 32 4 36 21 33 19 12 27 16 33 27 19 35 2 20 29 2 20 19 32 38 31 1 2 20 37 3 16 4 23 12 37 6 37 20 6 16 9 6 10 0 26 3 18 29 3 
3 29 13 5 5 22 1 29 2 2 20 14 30 7 0 32 20 20 14 3 17 20 20 9 15 32 24 2 19 2 19 11 10 15 38 37 29 35 35 27 38 15 7 17 10 0 28 4 15 34 36 30 34 36 4 33 6 35 38 9 19 10 10 20 34 9 34 37 36 25 0 36 14 9 16 9 8 29 19 36 19 38 19 36 19 29 8 9 16 9 14 36 0 25 36 37 34 9 34 20 10 10 19 9 38 35 6 33 4 36 34 30 36 34 15 4 28 0 10 17 7 15 38 27 35 35 29 37 38 15 10 11 19 2 19 2 24 32 15 9 20 20 17 3 14 20 20 32 0 7 30 14 20 2 2 29 1 22 5 5 13 29 3 
3 29 5 7 1 27 18 20 1 35 0 22 38 38 30 5 32 9 32 33 12 17 37 0 20 12 8 37 4 27 16 35 13 18 4 9 28 15 21 24 35 38 9 30 17 28 32 16 25 16 11 35 35 39 11 22 14 1 28 39 2 6 16 15 5 31 13 35 35 20 13 25 10 10 5 10 38 7 4 2 8 26 8 2 4 7 38 10 5 10 10 25 13 20 35 35 13 31 5 15 16 6 2 39 28 1 14 22 11 39 35 35 11 16 25 16 32 28 17 30 9 38 35 24 21 15 28 9 4 18 13 35 16 27 4 37 8 12 20 0 37 17 12 33 32 9 32 5 30 38 38 22 0 35 1 20 18 27 1 7 5 29 3 
3 28 38 3 19 7 2 14 0 16 33 34 17 1 20 15 15 38 14 12 33 3 3 27 30 6 31 6 24 15 10 5 13 32 31 19 4 32 7 5 12 11 17 19 22 3 2 31 16 27 2 16 30 22 13 20 14 26 33 34 32 0 39 35 2 11 11 21 1 13 4 34 6 27 27 0 24 1 3 18 24 37 24 18 3 1 24 0 27 27 6 34 4 13 1 21 11 11 2 35 39 0 32 34 33 26 14 20 13 22 30 16 2 27 16 31 2 3 22 19 17 11 12 5 7 32 4 19 31 32 13 5 10 15 24 6 31 6 30 27 3 3 33 12 14 38 15 15 20 1 17 34 33 16 0 14 2 7 19 3 38 28 3 
3 28 26 36 10 34 20 20 21 22 24 10 15 31 1 1 21 19 10 14 32 14 16 24 16 28 15 26 39 38 14 14 7 1 3 23 29 20 25 34 9 2 14 39 7 7 32 3 0 22 12 31 29 24 26 7 34 22 2 15 15 12 9 4 8 15 23 11 35 3 6 28 29 34 31 9 19 13 11 23 36 26 36 23 11 13 19 9 31 34 29 28 6 3 35 11 23 15 8 4 9 12 15 15 2 22 34 7 26 24 29 31 12 22 0 3 32 7 7 39 14 2 9 34 25 20 29 23 3 1 7 14 14 38 39 26 15 28 16 24 16 14 32 14 10 19 21 1 1 31 15 10 24 22 21 20 20 34 10 36 26 28 3 
3 28 16 39 36 14 6 20 0 38 14 34 37 34 13 20 16 36 19 38 9 20 4 16 34 11 6 4 24 3 10 4 28 6 10 31 15 34 27 39 33 37 32 23 21 9 36 7 26 17 7 26 37 37 35 29 26 3 36 34 15 6 5 5 9 7 30 29 36 22 23 31 34 39 9 22 37 18 6 7 24 3 24 7 6 18 37 22 9 39 34 31 23 22 36 29 30 7 9 5 5 6 15 34 36 3 26 29 35 37 37 26 7 17 26 7 36 9 21 23 32 37 33 39 27 34 15 31 10 6 28 4 10 3 24 4 6 11 34 16 4 20 9 38 19 36 16 20 13 34 37 34 14 38 0 20 6 14 36 39 16 28 3 
3 28 1 1 27 23 7 32 20 32 31 28 12 4 29 15 24 16 21 15 32 20 23 37 10 3 35 27 2 28 27 1 13 1 0 28 3 39 14 11 24 20 37 35 33 3 38 9 6 23 28 36 34 0 33 2 3 19 6 11 24 19 20 27 15 20 38 13 33 35 29 21 28 17 7 28 23 8 17 37 35 12 35 37 17 8 23 28 7 17 28 21 29 35 33 13 38 20 15 27 20 19 24 11 6 19 3 2 33 0 34 36 28 23 6 9 38 3 33 35 37 20 24 11 14 39 3 28 0 1 13 1 27 28 2 27 35 3 10 37 23 20 32 15 21 16 24 15 29 4 12 28 31 32 20 32 7 23 27 1 1 28 3 
3 27 27 6 35 25 21 26 1 25 29 28 19 13 5 8 15 20 1 15 5 32 12 22 9 22 0 10 0 14 28 9 39 12 36 2 34 5 25 14 24 24 18 17 33 36 22 9 31 5 37 3 10 39 7 34 31 14 13 2 28 31 25 20 8 13 11 21 6 34 10 6 3 26 33 21 20 6 33 2 3 12 3 2 33 6 20 21 33 26 3 6 10 34 6 21 11 13 8 20 25 31 28 2 13 14 31 34 7 39 10 3 37 5 31 9 22 36 33 17 18 24 24 14 25 5 34 2 36 12 39 9 28 14 0 10 0 22 9 22 12 32 5 15 1 20 15 8 5 13 19 28 29 25 1 26 21 25 35 6 27 27 3 
3 27 3 4 0 31 5 16 30 26 37 0 37 1 2 5 29 13 1 20 30 0 37 1 25 2 9 33 15 26 17 38 14 1 1 4 12 6 12 38 27 36 27 3 1 36 3 30 38 22 15 10 28 32 28 29 9 27 15 25 21 7 1 36 9 39 37 1 29 37 19 27 36 2 26 28 12 18 10 1 24 0 24 1 10 18 12 28 26 2 36 27 19 37 29 1 37 39 9 36 1 7 21 25 15 27 9 29 28 32 28 10 15 22 38 30 3 36 1 3 27 36 27 38 12 6 12 4 1 1 14 38 17 26 15 33 9 2 25 1 37 0 30 20 1 13 29 5 2 1 37 0 37 26 30 16 5 31 0 4 3 27 3 
3 26 22 32 2 3 39 29 8 37 8 34 15 12 1 13 4 34 31 1 38 7 6 5 34 3 4 4 33 23 10 20 28 5 10 36 5 22 11 24 13 4 4 8 15 38 8 30 30 7 39 2 19 10 25 38 0 32 21 38 14 8 12 32 38 14 14 10 23 5 10 17 28 10 18 33 9 11 8 5 35 21 35 5 8 11 9 33 18 10 28 17 10 5 23 10 14 14 38 32 12 8 14 38 21 32 0 38 25 10 19 2 39 7 30 30 8 38 15 8 4 4 13 24 11 22 5 36 10 5 28 20 10 23 33 4 4 3 34 5 6 7 38 1 31 34 4 13 1 12 15 34 8 37 8 29 39 3 2 32 22 26 3 
3 25 27 36 12 39 9 8 10 5 7 15 24 15 37 19 12 37 15 17 38 30 37 39 1 20 38 1 33 19 3 38 0 20 38 4 39 18 18 34 31 16 23 4 11 32 19 24 24 0 36 13 18 22 38 33 11 38 20 33 19 23 20 5 29 35 27 13 2 39 13 31 13 6 34 6 6 21 27 31 39 39 39 31 27 21 6 6 34 6 13 31 13 39 2 13 27 35 29 5 20 23 19 33 20 38 11 33 38 22 18 13 36 0 24 24 19 32 11 4 23 16 31 34 18 18 39 4 38 20 0 38 3 19 33 1 38 20 1 39 37 30 38 17 15 37 12 19 37 15 24 15 7 5 10 8 9 39 12 36 27 25 3 
3 24 35 37 24 23 0 19 4 15 16 4 15 34 0 28 28 34 10 34 22 14 20 20 28 31 18 11 8 4 18 4 3 16 28 16 1 14 37 22 15 6 2 9 10 0 36 36 4 1 5 31 38 20 32 37 2 4 34 34 25 36 35 34 36 0 17 32 8 3 16 21 2 32 3 13 21 29 9 22 4 35 4 22 9 29 21 13 3 32 2 21 16 3 8 32 17 0 36 34 35 36 25 34 34 4 2 37 32 20 38 31 5 1 4 36 36 0 10 9 2 6 15 22 37 14 1 16 28 16 3 4 18 4 8 11 18 31 28 20 20 14 22 34 10 34 28 28 0 34 15 4 16 15 4 19 0 23 24 37 35 24 3 
3 22 36 23 20 22 31 1 21 31 32 16 7 8 37 29 31 14 24 33 0 20 6 34 18 7 7 37 28 36 10 34 33 24 8 25 22 7 20 8 21 27 26 13 27 38 12 24 34 32 37 9 36 26 22 14 0 35 2 39 9 25 18 9 2 12 10 37 21 9 4 1 3 39 0 39 28 33 31 24 18 23 18 24 31 33 28 39 0 39 3 1 4 9 21 37 10 12 2 9 18 25 9 39 2 35 0 14 22 26 36 9 37 32 34 24 12 38 27 13 26 27 21 8 20 7 22 25 8 24 33 34 10 36 28 37 7 7 18 34 6 20 0 33 24 14 31 29 37 8 7 16 32 31 21 1 31 22 20 23 36 22 3 
3 18 5 11 6 2 23 22 28 14 31 15 5 37 26 25 32 38 22 16 35 2 16 17 21 17 14 18 25 32 5 0 17 5 27 2 15 30 23 35 15 23 25 29 15 22 10 22 17 34 39 25 31 17 25 37 27 31 2 36 27 39 24 37 31 9 28 26 20 14 19 1 7 33 3 39 18 38 32 23 12 20 12 23 32 38 18 39 3 33 7 1 19 14 20 26 28 9 31 37 24 39 27 36 2 31 27 37 25 17 31 25 39 34 17 22 10 22 15 29 25 23 15 35 23 30 15 2 27 5 17 0 5 32 25 18 14 17 21 17 16 2 35 16 22 38 32 25 26 37 5 15 31 14 28 22 23 2 6 11 5 18 3 
3 14 23 3 35 31 30 17 12 28 21 4 10 8 30 1 20 0 21 0 1 2 9 9 9 20 20 11 29 14 31 30 33 10 16 24 23 6 3 22 32 13 3 15 25 2 5 4 32 25 8 19 27 25 23 25 37 31 39 28 20 22 26 5 25 25 20 2 35 7 27 34 21 29 13 8 25 34 1 9 8 4 8 9 1 34 25 8 13 29 21 34 27 7 35 2 20 25 25 5 26 22 20 28 39 31 37 25 23 25 27 19 8 25 32 4 5 2 25 15 3 13 32 22 3 6 23 24 16 10 33 30 31 14 29 11 20 20 9 9 9 2 1 0 21 0 20 1 30 8 10 4 21 28 12 17 30 31 35 3 23 14 3 
3 7 10 16 8 38 8 8 17 22 1 19 8 29 16 26 32 20 20 14 20 29 6 15 2 36 15 6 21 10 35 2 31 22 25 29 30 35 0 28 36 27 7 18 28 22 18 14 3 36 30 18 26 13 1 17 32 23 27 16 12 32 22 16 39 15 1 5 11 27 36 27 30 10 15 36 23 37 11 32 4 18 4 32 11 37 23 36 15 10 30 27 36 27 11 5 1 15 39 16 22 32 12 16 27 23 32 17 1 13 26 18 30 36 3 14 18 22 28 18 7 27 36 28 0 35 30 29 25 22 31 2 35 10 21 6 15 36 2 15 6 29 20 14 20 20 32 26 16 29 8 19 1 22 17 8 8 38 8 16 10 7 3 
3 1 19 20 38 38 20 8 30 23 31 0 9 39 5 21 7 6 20 2 18 1 10 28 35 20 38 2 4 28 34 12 24 0 11 8 1 34 17 36 19 26 15 39 20 12 30 16 15 19 37 33 21 21 21 28 19 23 0 17 5 19 13 30 30 39 7 32 37 28 7 17 18 13 1 25 4 20 34 3 11 13 11 3 34 20 4 25 1 13 18 17 7 28 37 32 7 39 30 30 13 19 5 17 0 23 19 28 21 21 21 33 37 19 15 16 30 12 20 39 15 26 19 36 17 34 1 8 11 0 24 12 34 28 4 2 38 20 35 28 10 1 18 2 20 6 7 21 5 39 9 0 31 23 30 8 20 38 38 20 19 1 3 
2 30 17 11 20 38 38 38 31 2 22 23 39 3 31 25 23 14 34 7 27 22 0 26 36 14 26 24 32 8 7 15 13 30 25 15 11 15 11 3 20 9 23 36 15 8 37 39 7 39 26 24 35 24 35 31 14 27 31 27 16 39 14 24 30 34 39 1 4 6 8 9 10 11 12 12 13 13 13 14 14 14 14 14 13 13 13 12 12 11 10 9 8 6 4 1 39 34 30 24 14 39 16 27 31 27 14 31 35 24 35 24 26 39 7 39 37 8 15 36 23 9 20 3 11 15 11 15 25 30 13 15 7 8 32 24 26 14 36 26 0 22 27 7 34 14 23 25 31 3 39 23 22 2 31 38 38 38 20 11 17 30 2 
2 23 9 18 14 20 38 8 35 6 20 24 12 2 0 35 27 36 10 19 1 5 26 27 0 28 23 35 11 19 14 27 17 36 12 9 14 19 1 37 14 15 2 16 19 7 23 34 2 8 13 17 20 23 25 27 29 30 31 32 33 33 34 34 34 34 34 35 35 35 35 35 35 35 35 35 35 35 35 35 35 35 35 35 35 35 35 35 35 35 35 35 35 35 35 35 34 34 34 34 34 33 33 32 31 30 29 27 25 23 20 17 13 8 2 34 23 7 19 16 2 15 14 37 1 19 14 9 12 36 17 27 14 19 11 35 23 28 0 27 26 5 1 19 10 36 27 35 0 2 12 24 20 6 35 8 38 20 14 18 9 23 2 
2 5 17 22 18 11 20 16 3 11 23 37 36 32 4 6 1 39 36 3 7 5 3 34 14 25 2 6 17 2 20 33 4 13 21 27 32 37 1 4 7 9 11 12 13 14 14 14 15 15 15 15 15 15 15 15 15 15 15 15 15 15 15 15 15 15 15 15 15 15 15 15 15 15 15 15 15 15 15 15 15 15 15 15 15 15 15 15 15 15 15 15 15 15 15 15 15 15 15 15 15 15 15 15 15 15 15 15 15 15 15 15 15 15 15 14 14 14 13 12 11 9 7 4 1 37 32 27 21 13 4 33 20 2 17 6 2 25 14 34 3 5 7 3 36 39 1 6 4 32 36 37 23 11 3 16 20 11 18 22 17 5 2 
1 37 28 17 9 17 19 10 23 5 36 35 27 22 3 27 1 16 26 38 5 13 18 22 26 29 32 34 35 36 36 36 37 37 37 37 37 37 38 38 38 38 38 38 38 38 38 38 38 38 38 38 38 38 38 38 38 38 38 38 38 38 38 38 38 38 38 38 38 38 38 38 38 38 38 38 38 38 38 38 38 38 38 38 38 38 38 38 38 38 38 38 38 38 38 38 38 38 38 38 38 38 38 38 38 38 38 38 38 38 38 38 38 38 38 38 38 38 38 38 38 38 38 38 38 37 37 37 37 37 37 36 36 36 35 34 32 29 26 22 18 13 5 38 26 16 1 27 3 22 27 35 36 5 23 10 19 17 9 17 28 37 1 
1 10 37 5 23 30 1 7 14 18 22 24 25 26 27 27 28 28 28 28 29 29 29 29 29 29 29 29 29 29 29 29 29 29 29 29 29 29 29 29 29 29 29 29 29 29 29 29 29 29 29 29 29 29 29 29 29 29 29 29 29 29 29 29 29 29 29 29 29 29 29 29 29 29 29 29 29 29 29 29 29 29 29 29 29 29 29 29 29 29 29 29 29 29 29 29 29 29 29 29 29 29 29 29 29 29 29 29 29 29 29 29 29 29 29 29 29 29 29 29 29 29 29 29 29 29 29 29 29 29 29 29 29 29 29 29 29 29 29 29 29 29 29 28 28 28 28 27 27 26 25 24 22 18 14 7 1 30 23 5 37 10 1 
1 1 1 2 2 2 3 3 3 3 3 3 3 3 3 3 3 3 3 3 3 3 3 3 3 3 3 3 3 3 3 3 3 3 3 3 3 3 3 3 3 3 3 3 3 3 3 3 3 3 3 3 3 3 3 3 3 3 3 3 3 3 3 3 3 3 3 3 3 3 3 3 3 3 3 3 3 3 3 3 3 3 3 3 3 3 3 3 3 3 3 3 3 3 3 3 3 3 3 3 3 3 3 3 3 3 3 3 3 3 3 3 3 3 3 3 3 3 3 3 3 3 3 3 3 3 3 3 3 3 3 3 3 3 3 3 3 3 3 3 3 3 3 3 3 3 3 3 3 3 3 3 3 3 3 3 3 2 2 2 1 1 1 
