2 7 8 9 9 10 10 10 10 10 10 10 10 10 10 10 10 10 10 10 10 10 10 10 10 10 10 10 10 10 10 10 10 10 10 10 10 10 10 10 10 10 10 10 10 10 10 10 10 10 10 10 10 10 10 10 10 10 10 10 10 10 10 10 10 10 10 10 10 10 10 10 10 10 10 10 10 10 10 10 10 10 10 10 10 10 10 10 10 10 10 10 10 10 10 10 10 10 10 10 10 10 10 10 10 10 10 10 10 10 10 10 10 10 10 10 10 10 10 10 10 10 10 10 10 10 10 10 10 10 10 10 10 10 10 10 10 10 10 10 10 10 10 10 10 10 10 10 10 10 10 10 10 10 10 10 10 10 10 10 10 10 10 10 10 10 10 10 10 10 10 10 10 10 9 9 8 7 2 
7 12 25 2 37 7 12 17 19 20 21 21 21 22 22 22 22 22 22 22 22 22 22 22 22 22 22 22 22 22 22 22 22 22 22 22 22 22 22 22 22 22 22 22 22 22 22 22 22 22 22 22 22 22 22 22 22 22 22 22 22 22 22 22 22 22 22 22 22 22 22 22 22 22 22 22 22 22 22 22 22 22 22 22 22 22 22 22 22 22 22 22 22 22 22 22 22 22 22 22 22 22 22 22 22 22 22 22 22 22 22 22 22 22 22 22 22 22 22 22 22 22 22 22 22 22 22 22 22 22 22 22 22 22 22 22 22 22 22 22 22 22 22 22 22 22 22 22 22 22 22 22 22 22 22 22 22 22 22 22 22 22 22 22 22 22 21 21 21 20 19 17 12 7 37 2 25 12 7 
8 25 30 0 18 21 0 25 26 16 14 30 37 3 7 8 10 10 10 11 11 11 11 11 11 11 11 11 11 11 11 11 11 11 11 11 11 11 11 11 11 11 11 11 11 11 11 11 11 11 11 11 11 11 11 11 11 11 11 11 11 11 11 11 11 11 11 11 11 11 11 11 11 11 11 11 11 11 11 11 11 11 11 11 11 11 11 11 11 11 11 11 11 11 11 11 11 11 11 11 11 11 11 11 11 11 11 11 11 11 11 11 11 11 11 11 11 11 11 11 11 11 11 11 11 11 11 11 11 11 11 11 11 11 11 11 11 11 11 11 11 11 11 11 11 11 11 11 11 11 11 11 11 11 11 11 11 11 11 11 10 10 10 8 7 3 37 30 14 16 26 25 0 21 18 0 30 25 8 
9 2 0 38 1 34 26 12 19 30 34 29 19 37 31 39 4 26 36 4 9 10 12 12 13 13 13 13 13 13 13 13 13 13 13 13 13 13 13 13 13 13 13 13 13 13 13 13 13 13 13 13 13 13 13 13 13 13 13 13 13 13 13 13 13 13 13 13 13 13 13 13 13 13 13 13 13 13 13 13 13 13 13 13 13 13 13 13 13 13 13 13 13 13 13 13 13 13 13 13 13 13 13 13 13 13 13 13 13 13 13 13 13 13 13 13 13 13 13 13 13 13 13 13 13 13 13 13 13 13 13 13 13 13 13 13 13 13 13 13 13 13 13 13 13 13 13 13 13 13 13 13 13 13 13 12 12 10 9 4 36 26 4 39 31 37 19 29 34 30 19 12 26 34 1 38 0 2 9 
9 37 18 1 6 17 34 29 16 20 31 13 33 8 21 39 5 27 19 5 0 31 4 35 7 18 23 26 27 28 29 29 29 29 29 29 29 29 29 29 29 29 29 29 29 29 29 29 29 29 29 29 29 29 29 29 29 29 29 29 29 29 29 29 29 29 29 29 29 29 29 29 29 29 29 29 29 29 29 29 29 29 29 29 29 29 29 29 29 29 29 29 29 29 29 29 29 29 29 29 29 29 29 29 29 29 29 29 29 29 29 29 29 29 29 29 29 29 29 29 29 29 29 29 29 29 29 29 29 29 29 29 29 29 29 29 29 29 29 29 29 29 29 29 29 29 29 29 29 28 27 26 23 18 7 35 4 31 0 5 19 27 5 39 21 8 33 13 31 20 16 29 34 17 6 1 18 37 9 
10 7 21 34 17 32 5 11 2 28 17 11 18 12 29 19 32 26 3 31 30 16 28 6 38 14 21 0 29 27 6 19 26 29 31 33 33 34 34 34 34 34 34 34 34 34 34 34 34 34 34 34 34 34 34 34 34 34 34 34 34 34 34 34 34 34 34 34 34 34 34 34 34 34 34 34 34 34 34 34 34 34 34 34 34 34 34 34 34 34 34 34 34 34 34 34 34 34 34 34 34 34 34 34 34 34 34 34 34 34 34 34 34 34 34 34 34 34 34 34 34 34 34 34 34 34 34 34 34 34 34 34 34 34 34 34 34 34 34 34 34 34 33 33 31 29 26 19 6 27 29 0 21 14 38 6 28 16 30 31 3 26 32 19 29 12 18 11 17 28 2 11 5 32 17 34 21 7 10 
10 12 0 26 34 5 8 3 37 36 33 13 39 24 11 15 4 16 2 35 20 39 27 31 13 24 28 3 13 25 21 19 10 27 35 5 33 8 18 23 26 27 28 29 29 29 29 29 29 29 29 29 29 29 29 29 29 29 29 29 29 29 29 29 29 29 29 29 29 29 29 29 29 29 29 29 29 29 29 29 29 29 29 29 29 29 29 29 29 29 29 29 29 29 29 29 29 29 29 29 29 29 29 29 29 29 29 29 29 29 29 29 29 29 29 29 29 29 29 29 29 29 29 29 29 29 29 29 29 29 29 29 29 29 29 29 28 27 26 23 18 8 33 5 35 27 10 19 21 25 13 3 28 24 13 31 27 39 20 35 2 16 4 15 11 24 39 13 33 36 37 3 8 5 34 26 0 12 10 
10 17 25 12 29 11 3 28 11 18 14 39 21 26 38 6 6 8 33 14 0 23 8 23 37 6 0 24 36 35 25 30 10 27 39 27 9 26 21 9 3 29 25 6 18 25 28 31 32 32 33 33 33 33 33 33 33 33 33 33 33 33 33 33 33 33 33 33 33 33 33 33 33 33 33 33 33 33 33 33 33 33 33 33 33 33 33 33 33 33 33 33 33 33 33 33 33 33 33 33 33 33 33 33 33 33 33 33 33 33 33 33 33 33 33 33 33 33 33 33 33 33 33 33 33 33 33 33 33 32 32 31 28 25 18 6 25 29 3 9 21 26 9 27 39 27 10 30 25 35 36 24 0 6 37 23 8 23 0 14 33 8 6 6 38 26 21 39 14 18 11 28 3 11 29 12 25 17 10 
10 19 26 19 16 2 37 11 14 21 29 3 34 32 25 21 7 25 34 23 31 11 16 21 23 2 12 32 5 16 30 24 13 0 36 4 23 34 39 14 12 31 3 7 33 4 35 1 9 37 12 22 26 29 31 32 32 33 33 33 33 33 33 33 33 33 33 33 33 33 33 33 33 33 33 33 33 33 33 33 33 33 33 33 33 33 33 33 33 33 33 33 33 33 33 33 33 33 33 33 33 33 33 33 33 33 33 33 33 33 33 33 33 33 33 33 33 33 33 33 33 33 32 32 31 29 26 22 12 37 9 1 35 4 33 7 3 31 12 14 39 34 23 4 36 0 13 24 30 16 5 32 12 2 23 21 16 11 31 23 34 25 7 21 25 32 34 3 29 21 14 11 37 2 16 19 26 19 10 
10 20 16 30 20 28 36 18 21 30 37 33 7 2 2 26 36 18 28 30 34 15 9 11 24 31 21 2 3 32 16 28 4 7 18 27 17 25 30 33 28 36 34 10 23 11 14 12 1 13 26 2 39 33 16 13 35 6 14 18 20 21 22 22 22 22 22 22 23 23 23 23 23 23 23 23 23 23 23 23 23 23 23 23 23 23 23 23 23 23 23 23 23 23 23 23 23 23 23 23 23 23 23 23 23 23 23 23 23 23 23 22 22 22 22 22 22 21 20 18 14 6 35 13 16 33 39 2 26 13 1 12 14 11 23 10 34 36 28 33 30 25 17 27 18 7 4 28 16 32 3 2 21 31 24 11 9 15 34 30 28 18 36 26 2 2 7 33 37 30 21 18 36 28 20 30 16 20 10 
10 21 14 34 31 17 33 14 29 37 36 39 28 22 9 27 14 20 29 12 18 28 3 0 16 1 22 19 30 0 24 30 18 9 26 36 34 34 20 23 36 17 14 28 31 6 4 29 14 32 8 7 22 5 34 20 24 34 13 4 8 17 4 20 29 34 37 39 0 2 2 2 2 2 2 2 2 2 2 2 2 2 2 2 2 2 2 2 2 2 2 2 2 2 2 2 2 2 2 2 2 2 2 2 2 2 2 2 2 2 0 39 37 34 29 20 4 17 8 4 13 34 24 20 34 5 22 7 8 32 14 29 4 6 31 28 14 17 36 23 20 34 34 36 26 9 18 30 24 0 30 19 22 1 16 0 3 28 18 12 29 20 14 27 9 22 28 39 36 37 29 14 33 17 31 34 14 21 10 
10 21 30 29 13 11 13 39 3 33 39 30 24 23 32 23 2 4 21 18 31 22 21 14 38 24 18 17 35 20 11 16 21 1 37 13 38 0 29 35 5 32 28 4 20 12 4 6 11 20 39 31 30 27 35 33 6 19 33 12 27 16 34 30 13 11 2 27 24 5 17 24 28 30 31 32 32 32 32 32 33 33 33 33 33 33 33 33 33 33 33 33 33 33 33 33 33 33 33 32 32 32 32 32 31 30 28 24 17 5 24 27 2 11 13 30 34 16 27 12 33 19 6 33 35 27 30 31 39 20 11 6 4 12 20 4 28 32 5 35 29 0 38 13 37 1 21 16 11 20 35 17 18 24 38 14 21 22 31 18 21 4 2 23 32 23 24 30 39 33 3 39 13 11 13 29 30 21 10 
10 21 37 19 33 18 39 21 34 7 28 24 6 5 1 26 17 5 16 16 23 26 19 19 29 25 36 2 9 26 14 11 17 27 10 5 17 31 32 17 5 35 24 26 0 21 12 4 3 7 30 24 1 24 2 18 25 8 8 0 32 11 26 21 2 13 25 0 34 23 36 17 5 10 19 6 22 31 36 39 1 3 3 4 4 4 4 4 4 4 4 4 4 4 4 4 3 3 1 39 36 31 22 6 19 10 5 17 36 23 34 0 25 13 2 21 26 11 32 0 8 8 25 18 2 24 1 24 30 7 3 4 12 21 0 26 24 35 5 17 32 31 17 5 10 27 17 11 14 26 9 2 36 25 29 19 19 26 23 16 16 5 17 26 1 5 6 24 28 7 34 21 39 18 33 19 37 21 10 
10 22 3 37 8 12 24 26 32 2 22 23 5 14 27 19 32 29 31 17 31 36 18 29 8 21 38 17 9 37 15 2 2 3 29 22 26 16 34 27 17 35 14 12 31 15 18 10 5 22 20 13 13 10 3 5 28 32 29 23 24 28 14 6 31 31 17 5 17 30 34 14 31 23 21 26 25 8 4 36 21 17 39 11 18 22 24 25 25 26 25 25 24 22 18 11 39 17 21 36 4 8 25 26 21 23 31 14 34 30 17 5 17 31 31 6 14 28 24 23 29 32 28 5 3 10 13 13 20 22 5 10 18 15 31 12 14 35 17 27 34 16 26 22 29 3 2 2 15 37 9 17 38 21 8 29 18 36 31 17 31 29 32 19 27 14 5 23 22 2 32 26 24 12 8 37 3 22 10 
10 22 7 31 21 29 11 38 25 2 9 32 1 27 14 22 9 33 28 21 2 2 20 21 1 14 33 11 37 14 9 23 2 7 25 16 34 23 7 11 35 29 2 39 12 35 7 27 39 20 1 14 17 0 15 31 10 9 21 7 17 22 12 5 32 35 7 1 34 38 27 0 15 39 2 39 2 34 10 31 14 37 28 2 21 7 10 14 36 2 36 14 10 7 21 2 28 37 14 31 10 34 2 39 2 39 15 0 27 38 34 1 7 35 32 5 12 22 17 7 21 9 10 31 15 0 17 14 1 20 39 27 7 35 12 39 2 29 35 11 7 23 34 16 25 7 2 23 9 14 37 11 33 14 1 21 20 2 2 21 28 33 9 22 14 27 1 32 9 2 25 38 11 29 21 31 7 22 10 
10 22 8 39 39 19 15 6 21 26 27 23 26 19 22 0 6 24 28 0 12 11 21 10 29 30 4 38 2 34 3 2 33 22 26 8 28 7 7 36 1 25 6 20 1 22 21 11 33 39 18 17 32 23 19 7 39 18 34 21 33 18 0 12 10 14 21 36 15 20 6 35 12 9 20 30 4 37 37 5 24 34 1 6 21 34 25 23 39 4 39 23 25 34 21 6 1 34 24 5 37 37 4 30 20 9 12 35 6 20 15 36 21 14 10 12 0 18 33 21 34 18 39 7 19 23 32 17 18 39 33 11 21 22 1 20 6 25 1 36 7 7 28 8 26 22 33 2 3 34 2 38 4 30 29 10 21 11 12 0 28 24 6 0 22 19 26 23 27 26 21 6 15 19 39 39 8 22 10 
10 22 10 4 5 32 4 6 7 36 14 2 17 32 9 6 8 29 27 13 14 5 0 31 18 31 4 29 16 23 34 31 10 15 13 23 7 28 36 12 3 23 36 37 5 8 5 27 33 14 28 13 38 38 27 39 12 8 16 35 37 27 12 19 8 8 26 20 24 17 31 11 13 0 14 0 32 22 30 12 14 11 14 32 7 33 39 3 19 31 19 3 39 33 7 32 14 11 14 12 30 22 32 0 14 0 13 11 31 17 24 20 26 8 8 19 12 27 37 35 16 8 12 39 27 38 38 13 28 14 33 27 5 8 5 37 36 23 3 12 36 28 7 23 13 15 10 31 34 23 16 29 4 31 18 31 0 5 14 13 27 29 8 6 9 32 17 2 14 36 7 6 4 32 5 4 10 22 10 
10 22 10 26 27 26 16 8 25 18 20 4 5 29 33 24 29 20 21 34 23 18 15 1 0 2 36 30 14 23 4 34 14 20 36 30 27 39 14 1 35 31 20 9 11 27 10 37 23 3 38 18 3 38 14 14 9 27 26 34 39 39 23 33 0 28 21 8 36 29 23 36 21 32 3 31 37 7 11 29 15 16 3 15 26 10 38 38 22 22 22 38 38 10 26 15 3 16 15 29 11 7 37 31 3 32 21 36 23 29 36 8 21 28 0 33 23 39 39 34 26 27 9 14 14 38 3 18 38 3 23 37 10 27 11 9 20 31 35 1 14 39 27 30 36 20 14 34 4 23 14 30 36 2 0 1 15 18 23 34 21 20 29 24 33 29 5 4 20 18 25 8 16 26 27 26 10 22 10 
10 22 10 36 19 3 2 33 34 28 29 21 16 31 28 28 27 21 20 27 10 10 18 37 10 37 12 22 17 37 11 18 17 36 7 3 16 21 30 6 13 31 7 5 11 22 24 16 31 36 39 21 15 32 39 6 32 17 12 34 4 9 7 30 14 30 0 25 16 11 18 36 12 33 26 23 10 13 12 4 25 26 12 5 33 25 37 1 1 4 1 1 37 25 33 5 12 26 25 4 12 13 10 23 26 33 12 36 18 11 16 25 0 30 14 30 7 9 4 34 12 17 32 6 39 32 15 21 39 36 31 16 24 22 11 5 7 31 13 6 30 21 16 3 7 36 17 18 11 37 17 22 12 37 10 37 18 10 10 27 20 21 27 28 28 31 16 21 29 28 34 33 2 3 19 36 10 22 10 
10 22 11 4 5 31 35 14 23 30 12 18 16 17 21 0 13 34 27 26 34 36 33 8 13 8 26 27 0 3 16 10 6 21 26 35 16 4 5 32 20 32 25 13 9 29 35 14 23 35 29 19 14 30 35 25 23 28 1 12 1 22 20 24 22 23 14 25 24 28 33 16 5 35 29 10 30 14 19 19 25 33 33 25 39 18 33 22 2 35 2 22 33 18 39 25 33 33 25 19 19 14 30 10 29 35 5 16 33 28 24 25 14 23 22 24 20 22 1 12 1 28 23 25 35 30 14 19 29 35 23 14 35 29 9 13 25 32 20 32 5 4 16 35 26 21 6 10 16 3 0 27 26 8 13 8 33 36 34 26 27 34 13 0 21 17 16 18 12 30 23 14 35 31 5 4 11 22 10 
10 22 11 9 0 30 20 0 31 34 18 31 23 31 2 12 14 23 10 34 18 13 9 13 11 0 13 28 8 2 19 10 0 1 9 23 9 26 22 26 23 26 14 12 20 12 14 3 9 2 24 23 21 5 24 5 0 26 39 20 21 36 33 2 28 25 11 38 12 21 20 15 0 11 5 39 9 13 9 33 37 10 39 1 29 11 34 5 1 3 1 5 34 11 29 1 39 10 37 33 9 13 9 39 5 11 0 15 20 21 12 38 11 25 28 2 33 36 21 20 39 26 0 5 24 5 21 23 24 2 9 3 14 12 20 12 14 26 23 26 22 26 9 23 9 1 0 10 19 2 8 28 13 0 11 13 9 13 18 34 10 23 14 12 2 31 23 31 18 34 31 0 20 30 0 9 11 22 10 
10 22 11 10 31 16 39 23 11 15 28 22 26 36 2 11 5 18 10 36 13 10 21 13 10 35 33 37 1 0 13 13 3 25 8 0 36 3 2 7 13 5 22 26 0 12 32 35 19 36 5 16 2 31 2 32 21 16 34 30 16 11 4 31 3 39 23 32 22 7 32 24 33 23 25 14 15 29 9 5 8 19 16 2 2 30 13 18 29 36 29 18 13 30 2 2 16 19 8 5 9 29 15 14 25 23 33 24 32 7 22 32 23 39 3 31 4 11 16 30 34 16 21 32 2 31 2 16 5 36 19 35 32 12 0 26 22 5 13 7 2 3 36 0 8 25 3 13 13 0 1 37 33 35 10 13 21 10 13 36 10 18 5 11 2 36 26 22 28 15 11 23 39 16 31 10 11 22 10 
10 22 11 12 4 28 27 8 16 9 3 21 19 18 20 21 0 15 18 33 9 21 20 32 36 17 19 32 3 32 0 27 3 31 10 7 8 30 19 5 18 10 13 0 34 7 15 29 0 39 3 18 29 7 20 28 31 30 25 38 28 31 16 25 5 29 2 37 19 12 15 3 5 1 15 3 0 32 27 13 0 9 10 12 2 22 19 31 38 26 38 31 19 22 2 12 10 9 0 13 27 32 0 3 15 1 5 3 15 12 19 37 2 29 5 25 16 31 28 38 25 30 31 28 20 7 29 18 3 39 0 29 15 7 34 0 13 10 18 5 19 30 8 7 10 31 3 27 0 32 3 32 19 17 36 32 20 21 9 33 18 15 0 21 20 18 19 21 3 9 16 8 27 28 4 12 11 22 10 
10 22 11 12 35 6 31 23 21 11 0 14 19 29 21 10 31 1 37 8 13 13 32 26 2 23 17 4 5 18 3 33 33 20 7 17 4 32 37 36 29 5 26 37 38 15 36 33 8 3 30 27 36 3 12 22 11 10 6 7 1 15 12 17 21 21 4 27 5 28 38 0 32 27 11 5 12 9 20 23 9 19 30 14 3 38 29 7 24 34 24 7 29 38 3 14 30 19 9 23 20 9 12 5 11 27 32 0 38 28 5 27 4 21 21 17 12 15 1 7 6 10 11 22 12 3 36 27 30 3 8 33 36 15 38 37 26 5 29 36 37 32 4 17 7 20 33 33 3 18 5 4 17 23 2 26 32 13 13 8 37 1 31 10 21 29 19 14 0 11 21 23 31 6 35 12 11 22 10 
10 22 11 13 7 38 13 37 23 24 16 38 29 8 1 29 18 0 10 13 11 10 36 2 28 8 9 30 0 32 22 20 9 26 26 15 24 2 36 8 19 32 34 10 37 2 10 7 3 13 30 19 36 17 3 38 33 12 29 26 10 25 19 28 32 17 39 10 29 24 0 16 6 21 20 6 37 39 3 8 15 14 32 9 4 30 0 23 9 8 9 23 0 30 4 9 32 14 15 8 3 39 37 6 20 21 6 16 0 24 29 10 39 17 32 28 19 25 10 26 29 12 33 38 3 17 36 19 30 13 3 7 10 2 37 10 34 32 19 8 36 2 24 15 26 26 9 20 22 32 0 30 9 8 28 2 36 10 11 13 10 0 18 29 1 8 29 38 16 24 23 37 13 38 7 13 11 22 10 
10 22 11 13 18 14 24 6 2 31 1 24 25 21 14 30 31 2 37 8 0 35 17 23 8 38 11 29 33 17 10 38 22 24 24 29 10 14 18 36 30 31 11 21 4 27 26 2 4 29 5 14 15 35 0 35 32 0 24 29 39 15 24 29 27 37 36 17 33 36 29 37 22 7 30 10 10 34 30 25 22 29 32 6 22 12 7 20 7 24 7 20 7 12 22 6 32 29 22 25 30 34 10 10 30 7 22 37 29 36 33 17 36 37 27 29 24 15 39 29 24 0 32 35 0 35 15 14 5 29 4 2 26 27 4 21 11 31 30 36 18 14 10 29 24 24 22 38 10 17 33 29 11 38 8 23 17 35 0 8 37 2 31 30 14 21 25 24 1 31 2 6 24 14 18 13 11 22 10 
10 22 11 13 23 21 28 0 12 21 22 18 36 38 33 4 4 36 12 26 13 33 19 17 9 11 22 6 14 25 14 16 24 23 14 28 26 34 32 35 0 32 33 4 11 23 21 25 7 6 10 4 11 24 16 13 4 31 39 21 24 4 28 15 21 21 36 28 14 21 9 18 31 31 4 15 14 5 3 7 7 17 38 9 21 9 12 39 39 33 39 39 12 9 21 9 38 17 7 7 3 5 14 15 4 31 31 18 9 21 14 28 36 21 21 15 28 4 24 21 39 31 4 13 16 24 11 4 10 6 7 25 21 23 11 4 33 32 0 35 32 34 26 28 14 23 24 16 14 25 14 6 22 11 9 17 19 33 13 26 12 36 4 4 33 38 36 18 22 21 12 0 28 21 23 13 11 22 10 
10 22 11 13 26 0 3 24 32 2 19 17 2 17 11 38 29 30 22 27 28 37 32 4 30 29 6 14 36 28 8 19 7 1 31 18 13 16 2 25 28 20 2 18 38 22 14 6 9 31 7 5 15 36 14 15 0 29 28 0 15 38 38 3 5 31 39 19 25 29 35 15 12 33 23 33 35 25 8 33 17 10 20 28 13 37 18 23 28 23 28 23 18 37 13 28 20 10 17 33 8 25 35 33 23 33 12 15 35 29 25 19 39 31 5 3 38 38 15 0 28 29 0 15 14 36 15 5 7 31 9 6 14 22 38 18 2 20 28 25 2 16 13 18 31 1 7 19 8 28 36 14 6 29 30 4 32 37 28 27 22 30 29 38 11 17 2 17 19 2 32 24 3 0 26 13 11 22 10 
10 22 11 13 27 29 13 36 5 3 30 35 9 9 37 2 16 14 17 0 8 1 3 5 0 33 14 36 12 4 33 35 24 4 3 21 8 24 2 27 8 34 13 23 20 17 7 28 11 20 19 34 23 26 25 35 32 2 25 12 22 37 5 15 22 31 0 24 0 10 24 33 15 25 32 39 1 10 26 38 31 18 4 22 22 13 24 20 22 10 22 20 24 13 22 22 4 18 31 38 26 10 1 39 32 25 15 33 24 10 0 24 0 31 22 15 5 37 22 12 25 2 32 35 25 26 23 34 19 20 11 28 7 17 20 23 13 34 8 27 2 24 8 21 3 4 24 35 33 4 12 36 14 33 0 5 3 1 8 0 17 14 16 2 37 9 9 35 30 3 5 36 13 29 27 13 11 22 10 
10 22 11 13 28 27 25 35 16 32 0 20 26 37 14 34 23 23 37 3 2 0 32 18 32 17 25 28 4 14 20 18 17 37 20 12 39 38 17 10 24 19 10 19 17 2 9 23 27 14 32 7 30 1 16 3 15 37 18 4 25 30 29 26 12 28 2 19 4 22 26 30 20 30 18 1 25 32 3 7 26 32 6 1 33 12 1 6 9 15 9 6 1 12 33 1 6 32 26 7 3 32 25 1 18 30 20 30 26 22 4 19 2 28 12 26 29 30 25 4 18 37 15 3 16 1 30 7 32 14 27 23 9 2 17 19 10 19 24 10 17 38 39 12 20 37 17 18 20 14 4 28 25 17 32 18 32 0 2 3 37 23 23 34 14 37 26 20 0 32 16 35 25 27 28 13 11 22 10 
10 22 11 13 29 6 21 25 30 16 24 11 14 15 9 3 34 4 11 16 19 13 0 3 22 10 14 8 33 20 14 34 30 30 5 10 26 12 17 11 38 21 36 28 2 13 31 3 32 24 4 9 39 19 6 0 24 29 22 21 7 27 39 7 3 11 21 29 8 0 30 0 2 18 23 28 28 14 20 29 33 25 33 10 20 30 26 13 22 2 22 13 26 30 20 10 33 25 33 29 20 14 28 28 23 18 2 0 30 0 8 29 21 11 3 7 39 27 7 21 22 29 24 0 6 19 39 9 4 24 32 3 31 13 2 28 36 21 38 11 17 12 26 10 5 30 30 34 14 20 33 8 14 10 22 3 0 13 19 16 11 4 34 3 9 15 14 11 24 16 30 25 21 6 29 13 11 22 10 
10 22 11 13 29 19 19 30 24 28 30 16 11 2 23 2 31 34 18 10 10 13 27 33 20 38 16 19 35 18 34 26 10 6 28 12 36 22 1 14 31 8 3 1 14 26 21 29 16 34 4 8 24 32 22 24 22 20 27 6 37 36 34 38 0 8 36 27 9 24 36 16 6 17 13 17 26 12 31 37 36 39 37 31 21 12 14 5 16 29 16 5 14 12 21 31 37 39 36 37 31 12 26 17 13 17 6 16 36 24 9 27 36 8 0 38 34 36 37 6 27 20 22 24 22 32 24 8 4 34 16 29 21 26 14 1 3 8 31 14 1 22 36 12 28 6 10 26 34 18 35 19 16 38 20 33 27 13 10 10 18 34 31 2 23 2 11 16 30 28 24 30 19 19 29 13 11 22 10 
10 22 11 13 29 26 10 10 13 4 18 21 17 2 2 33 10 14 17 6 0 3 3 33 9 22 24 7 24 17 30 10 4 5 6 31 14 12 22 28 5 33 31 10 20 19 32 32 28 19 9 39 23 7 25 3 31 18 28 27 19 9 29 7 8 36 2 3 24 36 32 15 26 5 29 5 30 24 8 8 29 21 10 20 22 30 36 22 39 35 39 22 36 30 22 20 10 21 29 8 8 24 30 5 29 5 26 15 32 36 24 3 2 36 8 7 29 9 19 27 28 18 31 3 25 7 23 39 9 19 28 32 32 19 20 10 31 33 5 28 22 12 14 31 6 5 4 10 30 17 24 7 24 22 9 33 3 3 0 6 17 14 10 33 2 2 17 21 18 4 13 10 10 26 29 13 11 22 10 
10 22 11 13 29 29 27 27 0 7 9 1 27 3 7 22 15 20 36 21 1 25 31 20 26 24 23 1 4 37 30 6 5 16 9 28 26 38 21 24 32 23 13 19 27 31 28 22 28 31 1 20 7 14 37 10 33 24 12 14 23 23 30 28 29 11 8 9 14 4 15 18 9 2 4 23 35 5 16 13 37 22 9 13 31 36 22 9 6 35 6 9 22 36 31 13 9 22 37 13 16 5 35 23 4 2 9 18 15 4 14 9 8 11 29 28 30 23 23 14 12 24 33 10 37 14 7 20 1 31 28 22 28 31 27 19 13 23 32 24 21 38 26 28 9 16 5 6 30 37 4 1 23 24 26 20 31 25 1 21 36 20 15 22 7 3 27 1 9 7 0 27 27 29 29 13 11 22 10 
10 22 11 13 29 31 35 39 36 18 26 37 10 29 25 26 13 36 7 26 9 8 10 7 26 24 14 31 3 20 5 28 6 9 36 5 6 1 14 8 29 38 16 10 1 14 37 9 11 33 13 24 31 1 20 2 20 16 29 5 24 11 16 28 12 25 28 15 21 5 12 32 16 20 15 36 27 26 15 1 38 7 17 31 39 21 34 1 21 33 21 1 34 21 39 31 17 7 38 1 15 26 27 36 15 20 16 32 12 5 21 15 28 25 12 28 16 11 24 5 29 16 20 2 20 1 31 24 13 33 11 9 37 14 1 10 16 38 29 8 14 1 6 5 36 9 6 28 5 20 3 31 14 24 26 7 10 8 9 26 7 36 13 26 25 29 10 37 26 18 36 39 35 31 29 13 11 22 10 
10 22 11 13 29 33 5 27 4 27 36 13 5 22 16 8 23 30 3 35 23 0 7 17 15 29 28 18 21 12 10 12 31 28 5 12 23 10 37 7 29 26 22 37 22 12 34 10 12 31 1 16 25 20 21 16 4 12 22 4 13 17 35 13 34 37 29 13 23 10 6 24 37 26 34 27 10 28 14 34 28 31 39 30 13 4 11 3 34 35 34 3 11 4 13 30 39 31 28 34 14 28 10 27 34 26 37 24 6 10 23 13 29 37 34 13 35 17 13 4 22 12 4 16 21 20 25 16 1 31 12 10 34 12 22 37 22 26 29 7 37 10 23 12 5 28 31 12 10 12 21 18 28 29 15 17 7 0 23 35 3 30 23 8 16 22 5 13 36 27 4 27 5 33 29 13 11 22 10 
10 22 11 13 29 33 33 9 23 17 34 38 17 26 34 28 7 27 16 16 9 36 8 4 24 10 26 13 8 39 26 36 14 26 6 23 16 16 15 13 9 17 37 33 11 23 20 27 23 5 30 28 0 33 35 32 31 9 18 31 31 8 23 38 32 28 10 8 33 24 13 28 17 20 19 24 34 33 33 39 20 25 36 12 7 17 21 28 39 31 39 28 21 17 7 12 36 25 20 39 33 33 34 24 19 20 17 28 13 24 33 8 10 28 32 38 23 8 31 31 18 9 31 32 35 33 0 28 30 5 23 27 20 23 11 33 37 17 9 13 15 16 16 23 6 26 14 36 26 39 8 13 26 10 24 4 8 36 9 16 16 27 7 28 34 26 17 38 34 17 23 9 33 33 29 13 11 22 10 
10 22 11 13 29 34 8 26 34 25 34 0 31 16 23 7 28 39 21 4 26 3 30 32 2 14 34 16 24 38 12 22 12 38 1 10 16 6 12 38 11 23 14 15 37 34 9 21 38 34 31 37 1 29 23 29 17 19 23 1 38 16 33 2 28 14 19 12 15 32 23 6 19 1 29 14 34 23 1 6 23 23 4 27 19 2 19 23 34 21 34 23 19 2 19 27 4 23 23 6 1 23 34 14 29 1 19 6 23 32 15 12 19 14 28 2 33 16 38 1 23 19 17 29 23 29 1 37 31 34 38 21 9 34 37 15 14 23 11 38 12 6 16 10 1 38 12 22 12 38 24 16 34 14 2 32 30 3 26 4 21 39 28 7 23 16 31 0 34 25 34 26 8 34 29 13 11 22 10 
10 22 11 13 29 34 18 21 39 30 20 29 32 34 7 7 36 14 30 5 22 2 19 37 36 18 32 2 2 17 17 1 22 21 14 37 15 12 20 22 2 6 0 2 18 36 19 8 1 5 20 24 34 39 27 16 1 1 38 1 35 15 3 27 5 3 28 5 24 12 14 9 33 29 19 39 5 16 37 6 38 37 38 29 11 17 1 23 13 7 13 23 1 17 11 29 38 37 38 6 37 16 5 39 19 29 33 9 14 12 24 5 28 3 5 27 3 15 35 1 38 1 1 16 27 39 34 24 20 5 1 8 19 36 18 2 0 6 2 22 20 12 15 37 14 21 22 1 17 17 2 2 32 18 36 37 19 2 22 5 30 14 36 7 7 34 32 29 20 30 39 21 18 34 29 13 11 22 10 
10 22 11 13 29 34 23 9 14 33 23 35 17 27 11 36 12 1 6 32 26 7 5 36 8 36 35 25 27 10 11 14 28 24 8 7 13 38 22 24 32 2 34 28 36 20 13 29 32 10 24 36 10 0 4 28 13 33 20 3 14 12 26 9 30 29 22 30 34 30 9 21 13 13 35 20 35 29 28 4 14 14 19 26 9 24 39 5 9 20 9 5 39 24 9 26 19 14 14 4 28 29 35 20 35 13 13 21 9 30 34 30 22 29 30 9 26 12 14 3 20 33 13 28 4 0 10 36 24 10 32 29 13 20 36 28 34 2 32 24 22 38 13 7 8 24 28 14 11 10 27 25 35 36 8 36 5 7 26 32 6 1 12 36 11 27 17 35 23 33 14 9 23 34 29 13 11 22 10 
10 22 11 13 29 34 26 3 12 28 36 5 5 17 35 1 3 35 13 20 23 13 18 29 19 30 0 28 8 24 38 31 5 32 29 29 9 11 2 32 2 8 30 11 29 0 21 29 6 9 25 39 26 8 26 16 12 11 25 30 18 16 16 38 22 30 31 29 14 7 22 33 18 38 24 39 34 11 16 34 37 2 2 0 31 12 11 8 27 31 27 8 11 12 31 0 2 2 37 34 16 11 34 39 24 38 18 33 22 7 14 29 31 30 22 38 16 16 18 30 25 11 12 16 26 8 26 39 25 9 6 29 21 0 29 11 30 8 2 32 2 11 9 29 29 32 5 31 38 24 8 28 0 30 19 29 18 13 23 20 13 35 3 1 35 17 5 5 36 28 12 3 26 34 29 13 11 22 10 
10 22 11 13 29 34 27 29 31 36 17 32 35 35 29 25 23 31 31 32 26 5 10 5 32 31 32 20 34 19 21 8 33 23 38 26 17 23 6 2 8 32 11 36 19 30 11 9 8 36 16 4 11 26 39 3 13 12 31 18 15 12 35 32 12 7 27 38 4 27 29 31 26 10 26 30 39 16 22 9 8 19 35 14 20 36 27 14 15 32 15 14 27 36 20 14 35 19 8 9 22 16 39 30 26 10 26 31 29 27 4 38 27 7 12 32 35 12 15 18 31 12 13 3 39 26 11 4 16 36 8 9 11 30 19 36 11 32 8 2 6 23 17 26 38 23 33 8 21 19 34 20 32 31 32 5 10 5 26 32 31 31 23 25 29 35 35 32 17 36 31 29 27 34 29 13 11 22 10 
10 22 11 13 29 34 28 25 3 34 14 28 24 14 2 6 36 20 7 25 14 22 13 26 34 11 33 2 13 10 36 3 31 13 16 22 37 14 0 34 30 11 2 5 16 7 39 0 16 9 24 27 10 30 8 5 38 23 21 39 38 12 1 22 27 20 38 29 24 9 20 13 16 39 39 18 22 31 5 1 0 38 38 32 5 10 36 26 36 39 36 26 36 10 5 32 38 38 0 1 5 31 22 18 39 39 16 13 20 9 24 29 38 20 27 22 1 12 38 39 21 23 38 5 8 30 10 27 24 9 16 0 39 7 16 5 2 11 30 34 0 14 37 22 16 13 31 3 36 10 13 2 33 11 34 26 13 22 14 25 7 20 36 6 2 14 24 28 14 34 3 25 28 34 29 13 11 22 10 
10 22 11 13 29 34 29 6 7 10 28 4 26 12 39 20 37 9 5 13 12 26 0 37 10 21 4 18 23 19 28 1 10 19 10 37 33 15 2 28 11 36 5 2 8 34 9 8 31 5 21 13 20 22 1 9 31 6 17 11 18 30 1 4 32 0 22 32 19 11 35 4 3 18 9 27 25 32 10 18 4 0 2 34 37 2 36 29 0 9 0 29 36 2 37 34 2 0 4 18 10 32 25 27 9 18 3 4 35 11 19 32 22 0 32 4 1 30 18 11 17 6 31 9 1 22 20 13 21 5 31 8 9 34 8 2 5 36 11 28 2 15 33 37 10 19 10 1 28 19 23 18 4 21 10 37 0 26 12 13 5 9 37 20 39 12 26 4 28 10 7 6 29 34 29 13 11 22 10 
10 22 11 13 29 34 29 18 33 23 31 20 0 31 12 1 5 11 11 9 20 0 34 38 37 4 11 38 20 17 2 14 20 27 1 22 11 37 18 36 29 19 16 8 38 0 26 5 38 20 34 32 36 18 6 0 33 30 36 12 36 24 26 33 3 2 8 32 21 7 31 3 37 15 21 20 12 36 7 25 38 33 27 0 33 1 36 20 11 7 11 20 36 1 33 0 27 33 38 25 7 36 12 20 21 15 37 3 31 7 21 32 8 2 3 33 26 24 36 12 36 30 33 0 6 18 36 32 34 20 38 5 26 0 38 8 16 19 29 36 18 37 11 22 1 27 20 14 2 17 20 38 11 4 37 38 34 0 20 9 11 11 5 1 12 31 0 20 31 23 33 18 29 34 29 13 11 22 10 
10 22 11 13 29 34 29 25 4 11 6 12 21 15 35 22 8 27 22 29 12 12 7 15 2 27 23 22 17 2 13 26 19 31 14 12 23 34 36 20 0 30 7 34 0 18 4 15 18 18 27 30 37 20 22 35 2 6 16 22 21 4 32 11 17 6 19 4 29 32 25 5 33 12 13 13 26 20 1 12 25 37 32 39 7 27 24 32 17 10 17 32 24 27 7 39 32 37 25 12 1 20 26 13 13 12 33 5 25 32 29 4 19 6 17 11 32 4 21 22 16 6 2 35 22 20 37 30 27 18 18 15 4 18 0 34 7 30 0 20 36 34 23 12 14 31 19 26 13 2 17 22 23 27 2 15 7 12 12 29 22 27 8 22 35 15 21 12 6 11 4 25 29 34 29 13 11 22 10 
10 22 11 13 29 34 29 28 35 14 4 4 12 18 7 21 5 10 24 35 14 32 15 36 10 26 21 14 7 9 31 21 32 28 37 34 20 9 19 13 21 11 39 9 26 4 4 7 19 13 30 34 21 14 9 27 37 20 18 16 9 17 15 37 35 14 30 35 7 25 14 32 19 37 25 26 4 13 31 23 6 12 6 27 34 17 10 10 36 7 36 10 10 17 34 27 6 12 6 23 31 13 4 26 25 37 19 32 14 25 7 35 30 14 35 37 15 17 9 16 18 20 37 27 9 14 21 34 30 13 19 7 4 4 26 9 39 11 21 13 19 9 20 34 37 28 32 21 31 9 7 14 21 26 10 36 15 32 14 35 24 10 5 21 7 18 12 4 4 14 35 28 29 34 29 13 11 22 10 
10 22 11 13 29 34 29 31 1 12 29 6 4 10 27 11 27 37 16 14 3 35 29 33 7 2 25 6 28 23 3 29 32 22 9 10 27 21 8 29 29 9 0 8 5 15 7 10 29 34 18 2 0 38 18 36 14 29 31 34 13 22 13 6 39 7 1 30 21 23 28 3 15 22 35 15 35 13 2 9 30 12 15 35 38 1 4 27 4 5 4 27 4 1 38 35 15 12 30 9 2 13 35 15 35 22 15 3 28 23 21 30 1 7 39 6 13 22 13 34 31 29 14 36 18 38 0 2 18 34 29 10 7 15 5 8 0 9 29 29 8 21 27 10 9 22 32 29 3 23 28 6 25 2 7 33 29 35 3 14 16 37 27 11 27 10 4 6 29 12 1 31 29 34 29 13 11 22 10 
10 22 11 13 29 34 29 32 9 1 14 11 3 5 39 33 33 23 31 23 9 19 0 8 3 4 7 9 11 27 32 16 28 28 11 12 23 38 1 32 6 8 16 31 38 18 19 29 38 30 5 14 6 18 20 11 1 7 14 3 29 31 12 3 9 35 31 17 12 25 0 20 33 36 36 36 6 26 34 38 11 5 35 9 9 26 14 21 39 3 39 21 14 26 9 9 35 5 11 38 34 26 6 36 36 36 33 20 0 25 12 17 31 35 9 3 12 31 29 3 14 7 1 11 20 18 6 14 5 30 38 29 19 18 38 31 16 8 6 32 1 38 23 12 11 28 28 16 32 27 11 9 7 4 3 8 0 19 9 23 31 23 33 33 39 5 3 11 14 1 9 32 29 34 29 13 11 22 10 
10 22 11 13 29 34 29 32 37 13 32 20 7 22 20 39 14 3 36 35 2 36 39 3 13 29 6 31 20 14 24 34 19 31 33 31 5 34 5 10 9 36 9 5 20 18 13 34 30 6 0 4 5 12 28 38 11 9 29 27 18 34 35 31 30 16 31 5 36 36 12 10 16 22 27 35 21 35 31 30 34 29 15 21 1 28 9 19 3 3 3 19 9 28 1 21 15 29 34 30 31 35 21 35 27 22 16 10 12 36 36 5 31 16 30 31 35 34 18 27 29 9 11 38 28 12 5 4 0 6 30 34 13 18 20 5 9 36 9 10 5 34 5 31 33 31 19 34 24 14 20 31 6 29 13 3 39 36 2 35 36 3 14 39 20 22 7 20 32 13 37 32 29 34 29 13 11 22 10 
10 22 11 13 29 34 29 33 12 26 8 39 30 20 1 18 28 38 39 29 24 5 3 30 30 5 10 7 19 32 4 4 9 1 13 1 30 31 20 24 25 16 24 21 34 27 30 18 5 0 16 37 38 35 14 39 17 16 13 4 3 28 28 36 33 21 15 24 7 14 37 1 11 33 33 31 31 39 39 19 3 3 10 8 13 12 34 3 9 16 9 3 34 12 13 8 10 3 3 19 39 39 31 31 33 33 11 1 37 14 7 24 15 21 33 36 28 28 3 4 13 16 17 39 14 35 38 37 16 0 5 18 30 27 34 21 24 16 25 24 20 31 30 1 13 1 9 4 4 32 19 7 10 5 30 30 3 5 24 29 39 38 28 18 1 20 30 39 8 26 12 33 29 34 29 13 11 22 10 
10 22 11 13 29 34 29 33 22 2 7 31 24 13 14 17 13 18 21 19 23 16 18 27 19 14 4 5 34 7 9 8 39 20 24 16 28 37 24 36 39 4 27 13 32 30 34 2 14 4 37 26 14 24 13 28 24 38 32 37 17 21 30 30 27 5 19 23 18 18 39 0 34 14 6 37 15 13 23 27 8 32 29 3 5 21 38 9 32 33 32 9 38 21 5 3 29 32 8 27 23 13 15 37 6 14 34 0 39 18 18 23 19 5 27 30 30 21 17 37 32 38 24 28 13 24 14 26 37 4 14 2 34 30 32 13 27 4 39 36 24 37 28 16 24 20 39 8 9 7 34 5 4 14 19 27 18 16 23 19 21 18 13 17 14 13 24 31 7 2 22 33 29 34 29 13 11 22 10 
10 22 11 13 29 34 29 33 26 39 22 30 1 13 17 32 38 3 15 14 21 2 29 36 36 15 11 15 23 30 39 24 23 7 31 25 0 1 34 10 26 11 10 20 36 37 21 0 6 5 38 14 32 14 1 28 3 37 38 3 19 18 9 32 30 33 15 13 7 33 37 4 31 28 14 17 30 32 34 7 27 31 34 2 8 36 36 31 23 20 23 31 36 36 8 2 34 31 27 7 34 32 30 17 14 28 31 4 37 33 7 13 15 33 30 32 9 18 19 3 38 37 3 28 1 14 32 14 38 5 6 0 21 37 36 20 10 11 26 10 34 1 0 25 31 7 23 24 39 30 23 15 11 15 36 36 29 2 21 14 15 3 38 32 17 13 1 30 22 39 26 33 29 34 29 13 11 22 10 
10 22 11 13 29 34 29 33 29 33 5 27 24 10 0 23 38 38 32 30 5 31 7 3 17 35 24 36 26 1 19 32 7 14 1 20 33 29 39 0 8 26 30 22 18 20 14 38 18 12 35 24 14 12 33 18 11 38 8 26 10 34 32 29 21 18 25 5 9 22 4 5 9 22 27 9 17 17 35 37 21 20 17 13 22 36 34 23 35 14 35 23 34 36 22 13 17 20 21 37 35 17 17 9 27 22 9 5 4 22 9 5 25 18 21 29 32 34 10 26 8 38 11 18 33 12 14 24 35 12 18 38 14 20 18 22 30 26 8 0 39 29 33 20 1 14 7 32 19 1 26 36 24 35 17 3 7 31 5 30 32 38 38 23 0 10 24 27 5 33 29 33 29 34 29 13 11 22 10 
10 22 11 13 29 34 29 33 31 16 34 35 2 3 15 19 27 14 39 35 24 2 20 12 3 0 16 14 25 16 6 22 25 37 20 21 35 23 27 4 26 39 8 1 6 22 9 18 20 28 14 13 1 33 12 38 17 3 12 28 31 13 11 27 8 10 4 31 25 12 2 5 23 23 4 36 14 31 3 39 18 10 39 34 20 37 14 28 15 35 15 28 14 37 20 34 39 10 18 39 3 31 14 36 4 23 23 5 2 12 25 31 4 10 8 27 11 13 31 28 12 3 17 38 12 33 1 13 14 28 20 18 9 22 6 1 8 39 26 4 27 23 35 21 20 37 25 22 6 16 25 14 16 0 3 12 20 2 24 35 39 14 27 19 15 3 2 35 34 16 31 33 29 34 29 13 11 22 10 
10 22 11 13 29 34 29 33 32 13 20 33 18 5 31 7 39 14 6 25 5 32 28 22 38 35 13 15 35 3 0 24 3 10 2 16 32 29 16 28 16 3 5 9 0 35 27 36 11 38 39 28 28 18 38 20 30 15 0 29 27 34 21 27 33 15 2 27 34 17 9 27 6 9 5 29 5 3 3 12 17 10 31 21 27 24 24 14 11 10 11 14 24 24 27 21 31 10 17 12 3 3 5 29 5 9 6 27 9 17 34 27 2 15 33 27 21 34 27 29 0 15 30 20 38 18 28 28 39 38 11 36 27 35 0 9 5 3 16 28 16 29 32 16 2 10 3 24 0 3 35 15 13 35 38 22 28 32 5 25 6 14 39 7 31 5 18 33 20 13 32 33 29 34 29 13 11 22 10 
10 22 11 13 29 34 29 33 32 35 24 6 25 28 10 39 12 9 32 23 0 21 31 11 33 32 4 0 32 15 24 22 31 33 20 4 31 17 1 13 12 13 38 31 33 2 37 14 1 11 17 24 3 11 17 30 24 13 35 28 12 24 8 14 23 38 36 29 21 6 0 4 31 11 4 0 32 21 33 16 13 15 29 18 27 36 7 2 21 23 21 2 7 36 27 18 29 15 13 16 33 21 32 0 4 11 31 4 0 6 21 29 36 38 23 14 8 24 12 28 35 13 24 30 17 11 3 24 17 11 1 14 37 2 33 31 38 13 12 13 1 17 31 4 20 33 31 22 24 15 32 0 4 32 33 11 31 21 0 23 32 9 12 39 10 28 25 6 24 35 32 33 29 34 29 13 11 22 10 
10 22 11 13 29 34 29 33 33 6 34 19 8 32 9 18 8 27 17 28 26 16 30 10 12 0 31 29 2 37 29 20 18 24 16 12 9 19 1 33 11 12 23 6 30 6 20 29 7 9 16 38 37 38 3 15 13 22 19 29 24 38 34 10 20 24 12 37 15 14 1 15 3 14 0 37 2 18 13 24 24 16 34 21 29 5 1 1 6 12 6 1 1 5 29 21 34 16 24 24 13 18 2 37 0 14 3 15 1 14 15 37 12 24 20 10 34 38 24 29 19 22 13 15 3 38 37 38 16 9 7 29 20 6 30 6 23 12 11 33 1 19 9 12 16 24 18 20 29 37 2 29 31 0 12 10 30 16 26 28 17 27 8 18 9 32 8 19 34 6 33 33 29 34 29 13 11 22 10 
10 22 11 13 29 34 29 33 33 14 13 33 8 29 21 34 16 26 12 1 39 34 25 6 29 24 39 28 25 18 22 27 28 12 29 22 18 23 38 20 25 31 21 17 36 16 18 31 14 29 13 32 38 8 12 0 35 19 4 21 5 19 28 7 10 32 10 4 10 13 32 14 39 37 3 23 34 32 12 14 28 34 29 37 16 8 28 34 8 16 8 34 28 8 16 37 29 34 28 14 12 32 34 23 3 37 39 14 32 13 10 4 10 32 10 7 28 19 5 21 4 19 35 0 12 8 38 32 13 29 14 31 18 16 36 17 21 31 25 20 38 23 18 22 29 12 28 27 22 18 25 28 39 24 29 6 25 34 39 1 12 26 16 34 21 29 8 33 13 14 33 33 29 34 29 13 11 22 10 
10 22 11 13 29 34 29 33 33 18 4 12 0 23 7 21 35 34 34 12 20 30 38 7 26 29 21 0 12 4 21 6 27 14 5 4 31 1 1 3 30 18 39 11 12 22 16 34 3 27 4 37 3 26 28 29 28 29 21 22 16 8 32 1 34 17 23 39 3 37 32 15 14 18 4 5 3 35 2 37 17 38 17 4 20 17 32 1 38 13 38 1 32 17 20 4 17 38 17 37 2 35 3 5 4 18 14 15 32 37 3 39 23 17 34 1 32 8 16 22 21 29 28 29 28 26 3 37 4 27 3 34 16 22 12 11 39 18 30 3 1 1 31 4 5 14 27 6 21 4 12 0 21 29 26 7 38 30 20 12 34 34 35 21 7 23 0 12 4 18 33 33 29 34 29 13 11 22 10 
10 22 11 13 29 34 29 33 33 20 8 27 32 24 17 33 37 39 4 1 21 16 28 1 10 39 24 15 22 25 7 37 19 23 24 13 31 38 35 14 18 15 38 18 36 21 9 13 29 18 3 17 19 10 31 27 12 24 5 16 26 12 1 10 32 39 35 22 23 15 30 20 30 34 8 21 34 37 0 17 11 38 7 17 36 35 11 22 30 35 30 22 11 35 36 17 7 38 11 17 0 37 34 21 8 34 30 20 30 15 23 22 35 39 32 10 1 12 26 16 5 24 12 27 31 10 19 17 3 18 29 13 9 21 36 18 38 15 18 14 35 38 31 13 24 23 19 37 7 25 22 15 24 39 10 1 28 16 21 1 4 39 37 33 17 24 32 27 8 20 33 33 29 34 29 13 11 22 10 
10 22 11 13 29 34 29 33 33 21 17 16 11 28 22 18 27 39 9 22 36 11 31 15 25 15 4 38 37 30 27 36 9 23 11 17 8 16 15 12 16 12 12 30 24 4 17 22 31 34 28 21 18 34 13 34 24 38 19 8 12 14 12 16 29 27 5 0 31 9 8 15 30 12 12 26 0 26 21 38 4 32 31 18 35 11 21 1 32 2 32 1 21 11 35 18 31 32 4 38 21 26 0 26 12 12 30 15 8 9 31 0 5 27 29 16 12 14 12 8 19 38 24 34 13 34 18 21 28 34 31 22 17 4 24 30 12 12 16 12 15 16 8 17 11 23 9 36 27 30 37 38 4 15 25 15 31 11 36 22 9 39 27 18 22 28 11 16 17 21 33 33 29 34 29 13 11 22 10 
10 22 11 13 29 34 29 33 33 22 4 34 26 14 12 0 12 23 7 20 33 4 16 12 19 24 28 38 5 29 39 34 29 30 16 35 23 33 3 26 16 35 1 1 26 32 15 13 12 35 28 30 9 32 11 21 8 34 28 32 1 12 6 23 21 14 38 16 36 17 6 21 34 12 36 23 32 4 6 31 36 34 12 10 1 29 8 31 8 9 8 31 8 29 1 10 12 34 36 31 6 4 32 23 36 12 34 21 6 17 36 16 38 14 21 23 6 12 1 32 28 34 8 21 11 32 9 30 28 35 12 13 15 32 26 1 1 35 16 26 3 33 23 35 16 30 29 34 39 29 5 38 28 24 19 12 16 4 33 20 7 23 12 0 12 14 26 34 4 22 33 33 29 34 29 13 11 22 10 
10 22 11 13 29 34 29 33 33 22 20 30 21 6 5 12 19 33 30 24 2 31 25 17 28 29 15 3 15 26 7 38 7 28 28 13 38 2 27 9 38 32 22 4 33 11 37 6 3 31 36 30 32 29 27 27 14 10 7 1 10 16 23 8 2 25 32 4 34 22 24 9 6 7 18 8 33 38 11 13 2 8 25 9 10 7 7 31 30 3 30 31 7 7 10 9 25 8 2 13 11 38 33 8 18 7 6 9 24 22 34 4 32 25 2 8 23 16 10 1 7 10 14 27 27 29 32 30 36 31 3 6 37 11 33 4 22 32 38 9 27 2 38 13 28 28 7 38 7 26 15 3 15 29 28 17 25 31 2 24 30 33 19 12 5 6 21 30 20 22 33 33 29 34 29 13 11 22 10 
10 22 11 13 29 34 29 33 33 22 29 13 2 31 32 10 8 0 14 22 28 3 5 21 32 27 21 5 22 12 3 0 8 29 12 34 32 28 5 30 22 12 27 32 3 17 35 39 9 30 33 27 30 21 8 33 23 20 10 34 32 29 21 2 0 4 9 9 25 24 33 5 7 12 11 11 26 29 24 39 23 18 32 9 7 29 19 14 26 13 26 14 19 29 7 9 32 18 23 39 24 29 26 11 11 12 7 5 33 24 25 9 9 4 0 2 21 29 32 34 10 20 23 33 8 21 30 27 33 30 9 39 35 17 3 32 27 12 22 30 5 28 32 34 12 29 8 0 3 12 22 5 21 27 32 21 5 3 28 22 14 0 8 10 32 31 2 13 29 22 33 33 29 34 29 13 11 22 10 
10 22 11 13 29 34 29 33 33 22 34 11 13 31 35 14 8 28 30 23 25 39 29 21 17 37 21 31 31 28 11 8 36 11 25 37 28 14 3 29 30 7 20 0 2 6 14 7 35 16 21 5 33 18 10 15 38 24 32 17 39 27 14 25 4 16 23 19 39 21 14 17 29 36 8 25 13 5 36 31 27 22 14 27 3 9 20 36 13 30 13 36 20 9 3 27 14 22 27 31 36 5 13 25 8 36 29 17 14 21 39 19 23 16 4 25 14 27 39 17 32 24 38 15 10 18 33 5 21 16 35 7 14 6 2 0 20 7 30 29 3 14 28 37 25 11 36 8 11 28 31 31 21 37 17 21 29 39 25 23 30 28 8 14 35 31 13 11 34 22 33 33 29 34 29 13 11 22 10 
10 22 11 13 29 34 29 33 33 22 37 2 25 17 7 21 26 21 0 14 11 23 2 4 39 36 36 39 0 2 21 36 2 8 28 29 10 19 28 22 31 27 38 22 8 19 30 1 31 31 15 19 15 25 4 2 36 12 10 23 35 5 38 32 9 23 38 39 14 18 20 12 23 34 36 8 2 30 17 13 27 8 39 24 16 38 10 32 6 14 6 32 10 38 16 24 39 8 27 13 17 30 2 8 36 34 23 12 20 18 14 39 38 23 9 32 38 5 35 23 10 12 36 2 4 25 15 19 15 31 31 1 30 19 8 22 38 27 31 22 28 19 10 29 28 8 2 36 21 2 0 39 36 36 39 4 2 23 11 14 0 21 26 21 7 17 25 2 37 22 33 33 29 34 29 13 11 22 10 
10 22 11 13 29 34 29 33 33 22 39 27 0 5 1 36 20 8 25 25 38 32 37 27 10 17 28 19 24 19 29 27 3 9 15 13 8 12 5 30 29 38 29 32 32 4 35 30 17 5 24 23 13 5 31 27 29 37 4 39 22 0 16 4 9 19 39 38 16 18 38 20 22 6 0 5 7 3 34 10 23 6 38 34 39 34 17 28 38 36 38 28 17 34 39 34 38 6 23 10 34 3 7 5 0 6 22 20 38 18 16 38 39 19 9 4 16 0 22 39 4 37 29 27 31 5 13 23 24 5 17 30 35 4 32 32 29 38 29 30 5 12 8 13 15 9 3 27 29 19 24 19 28 17 10 27 37 32 38 25 25 8 20 36 1 5 0 27 39 22 33 33 29 34 29 13 11 22 10 
10 22 11 13 29 34 29 33 33 23 0 24 34 17 34 15 24 36 16 24 12 22 19 5 29 33 14 25 0 4 8 9 24 14 21 23 33 15 24 34 14 4 24 19 21 29 7 21 12 36 7 18 7 9 25 34 21 15 10 3 23 31 36 34 25 39 14 16 0 33 5 35 7 35 15 0 19 9 5 12 15 8 11 9 21 39 11 10 4 9 4 10 11 39 21 9 11 8 15 12 5 9 19 0 15 35 7 35 5 33 0 16 14 39 25 34 36 31 23 3 10 15 21 34 25 9 7 18 7 36 12 21 7 29 21 19 24 4 14 34 24 15 33 23 21 14 24 9 8 4 0 25 14 33 29 5 19 22 12 24 16 36 24 15 34 17 34 24 0 23 33 33 29 34 29 13 11 22 10 
10 22 11 13 29 34 29 33 33 23 2 5 23 30 38 20 17 29 11 28 21 7 12 28 24 36 21 29 10 22 0 24 36 4 5 10 24 32 12 30 7 27 9 11 7 32 25 23 25 36 14 18 33 22 12 17 6 14 13 37 15 9 17 22 24 21 18 18 33 28 27 33 2 11 10 11 3 31 34 30 19 20 1 33 11 27 29 38 0 9 0 38 29 27 11 33 1 20 19 30 34 31 3 11 10 11 2 33 27 28 33 18 18 21 24 22 17 9 15 37 13 14 6 17 12 22 33 18 14 36 25 23 25 32 7 11 9 27 7 30 12 32 24 10 5 4 36 24 0 22 10 29 21 36 24 28 12 7 21 28 11 29 17 20 38 30 23 5 2 23 33 33 29 34 29 13 11 22 10 
10 22 11 13 29 34 29 33 33 23 2 17 36 34 27 6 31 23 18 33 20 32 15 38 0 29 9 35 24 26 30 36 32 15 12 6 13 23 14 9 22 29 20 35 31 25 14 28 0 12 37 39 37 4 2 9 0 1 32 32 30 8 6 24 33 14 20 38 5 27 16 3 38 35 30 25 11 10 10 7 7 29 20 8 33 29 4 25 17 13 17 25 4 29 33 8 20 29 7 7 10 10 11 25 30 35 38 3 16 27 5 38 20 14 33 24 6 8 30 32 32 1 0 9 2 4 37 39 37 12 0 28 14 25 31 35 20 29 22 9 14 23 13 6 12 15 32 36 30 26 24 35 9 29 0 38 15 32 20 33 18 23 31 6 27 34 36 17 2 23 33 33 29 34 29 13 11 22 10 
10 22 11 13 29 34 29 33 33 23 2 24 17 14 0 35 11 36 36 16 15 24 3 0 16 37 18 15 33 30 0 16 15 18 32 24 28 6 9 21 33 31 13 4 3 5 32 3 20 10 1 0 4 5 5 27 4 15 14 15 20 15 21 9 5 17 12 20 35 33 3 32 31 4 21 1 29 13 10 0 32 37 38 6 33 21 33 25 26 29 26 25 33 21 33 6 38 37 32 0 10 13 29 1 21 4 31 32 3 33 35 20 12 17 5 9 21 15 20 15 14 15 4 27 5 5 4 0 1 10 20 3 32 5 3 4 13 31 33 21 9 6 28 24 32 18 15 16 0 30 33 15 18 37 16 0 3 24 15 16 36 36 11 35 0 14 17 24 2 23 33 33 29 34 29 13 11 22 10 
10 22 11 13 29 34 29 33 33 23 2 28 5 31 15 12 13 21 12 5 0 33 5 32 6 22 31 12 15 20 2 6 26 9 16 37 17 19 33 13 18 26 16 3 37 33 19 15 33 16 11 34 31 9 23 6 31 3 39 14 30 30 34 6 7 29 23 22 7 2 38 31 2 11 13 12 4 17 39 10 38 20 30 38 37 9 4 13 17 16 17 13 4 9 37 38 30 20 38 10 39 17 4 12 13 11 2 31 38 2 7 22 23 29 7 6 34 30 30 14 39 3 31 6 23 9 31 34 11 16 33 15 19 33 37 3 16 26 18 13 33 19 17 37 16 9 26 6 2 20 15 12 31 22 6 32 5 33 0 5 12 21 13 12 15 31 5 28 2 23 33 33 29 34 29 13 11 22 10 
10 22 11 13 29 34 29 33 33 23 2 30 10 23 39 9 0 32 33 35 11 23 1 27 21 7 31 33 25 30 18 17 5 2 20 26 20 1 29 13 38 10 39 18 15 12 37 22 36 22 33 14 28 22 23 9 11 14 37 18 34 12 12 7 12 36 34 6 35 11 35 4 11 22 21 34 33 35 37 30 25 33 29 24 23 35 8 8 36 0 36 8 8 35 23 24 29 33 25 30 37 35 33 34 21 22 11 4 35 11 35 6 34 36 12 7 12 12 34 18 37 14 11 9 23 22 28 14 33 22 36 22 37 12 15 18 39 10 38 13 29 1 20 26 20 2 5 17 18 30 25 33 31 7 21 27 1 23 11 35 33 32 0 9 39 23 10 30 2 23 33 33 29 34 29 13 11 22 10 
10 22 11 13 29 34 29 33 33 23 2 31 19 21 2 20 14 3 26 29 5 25 15 11 20 30 4 23 32 18 23 13 29 4 15 34 19 29 19 35 24 26 39 9 21 13 25 35 36 27 33 6 14 27 4 5 4 0 3 4 8 12 36 18 11 8 36 0 15 10 30 21 13 21 8 16 30 12 3 30 15 35 1 3 17 15 24 11 17 32 17 11 24 15 17 3 1 35 15 30 3 12 30 16 8 21 13 21 30 10 15 0 36 8 11 18 36 12 8 4 3 0 4 5 4 27 14 6 33 27 36 35 25 13 21 9 39 26 24 35 19 29 19 34 15 4 29 13 23 18 32 23 4 30 20 11 15 25 5 29 26 3 14 20 2 21 19 31 2 23 33 33 29 34 29 13 11 22 10 
10 22 11 13 29 34 29 33 33 23 2 32 6 26 39 30 0 31 23 10 39 14 3 5 6 10 15 33 39 1 28 17 5 23 36 27 24 14 39 20 39 30 18 27 20 13 26 15 36 35 31 37 17 9 36 29 0 37 23 5 21 26 23 8 11 25 8 5 0 11 25 1 12 34 16 32 39 39 0 5 32 12 1 25 38 17 1 26 27 0 27 26 1 17 38 25 1 12 32 5 0 39 39 32 16 34 12 1 25 11 0 5 8 25 11 8 23 26 21 5 23 37 0 29 36 9 17 37 31 35 36 15 26 13 20 27 18 30 39 20 39 14 24 27 36 23 5 17 28 1 39 33 15 10 6 5 3 14 39 10 23 31 0 30 39 26 6 32 2 23 33 33 29 34 29 13 11 22 10 
10 22 11 13 29 34 29 33 33 23 2 32 22 25 2 4 32 37 10 30 9 15 0 12 37 10 14 35 1 25 28 26 30 35 27 10 34 34 5 35 34 39 22 25 12 26 4 35 6 21 31 15 30 17 14 5 32 2 34 3 34 0 32 33 26 13 2 7 19 3 11 29 4 33 30 39 2 35 32 18 38 38 30 4 4 17 3 5 1 39 1 5 3 17 4 4 30 38 38 18 32 35 2 39 30 33 4 29 11 3 19 7 2 13 26 33 32 0 34 3 34 2 32 5 14 17 30 15 31 21 6 35 4 26 12 25 22 39 34 35 5 34 34 10 27 35 30 26 28 25 1 35 14 10 37 12 0 15 9 30 10 37 32 4 2 25 22 32 2 23 33 33 29 34 29 13 11 22 10 
10 22 11 13 29 34 29 33 33 23 2 32 31 8 34 37 22 7 13 14 13 29 32 9 39 34 5 25 10 32 14 12 24 5 26 28 33 23 16 29 11 16 31 32 36 20 13 13 26 35 39 13 32 17 31 3 21 18 32 35 37 26 4 38 29 5 30 3 9 31 10 13 17 35 12 39 35 12 39 26 13 28 1 4 5 21 22 34 11 11 11 34 22 21 5 4 1 28 13 26 39 12 35 39 12 35 17 13 10 31 9 3 30 5 29 38 4 26 37 35 32 18 21 3 31 17 32 13 39 35 26 13 13 20 36 32 31 16 11 29 16 23 33 28 26 5 24 12 14 32 10 25 5 34 39 9 32 29 13 14 13 7 22 37 34 8 31 32 2 23 33 33 29 34 29 13 11 22 10 
10 22 11 13 29 34 29 33 33 23 2 32 36 4 10 37 30 11 12 19 9 9 27 20 3 30 3 8 26 3 20 31 8 16 15 14 33 1 37 28 16 22 5 10 7 1 31 2 34 31 39 23 34 35 3 3 33 13 12 2 0 21 6 11 24 36 17 34 5 34 10 10 39 37 3 0 32 39 24 21 8 8 35 10 24 28 37 30 33 7 33 30 37 28 24 10 35 8 8 21 24 39 32 0 3 37 39 10 10 34 5 34 17 36 24 11 6 21 0 2 12 13 33 3 3 35 34 23 39 31 34 2 31 1 7 10 5 22 16 28 37 1 33 14 15 16 8 31 20 3 26 8 3 30 3 20 27 9 9 19 12 11 30 37 10 4 36 32 2 23 33 33 29 34 29 13 11 22 10 
10 22 11 13 29 34 29 33 33 23 2 32 39 36 31 5 12 29 4 19 33 5 13 23 8 25 7 33 38 7 29 37 8 13 1 34 39 6 6 4 34 9 1 18 25 12 23 9 38 30 19 27 7 37 39 12 16 24 14 37 17 38 31 13 39 31 13 10 12 30 7 0 10 30 30 5 18 26 21 36 3 15 23 5 16 7 21 17 32 5 32 17 21 7 16 5 23 15 3 36 21 26 18 5 30 30 10 0 7 30 12 10 13 31 39 13 31 38 17 37 14 24 16 12 39 37 7 27 19 30 38 9 23 12 25 18 1 9 34 4 6 6 39 34 1 13 8 37 29 7 38 33 7 25 8 23 13 5 33 19 4 29 12 5 31 36 39 32 2 23 33 33 29 34 29 13 11 22 10 
10 22 11 13 29 34 29 33 33 23 2 33 1 21 14 24 14 15 25 25 37 8 0 9 15 22 7 17 31 26 33 36 29 37 38 28 20 23 38 14 37 8 0 4 38 25 6 30 11 34 3 8 27 21 18 17 13 24 28 17 11 4 36 2 23 27 27 23 15 19 7 32 38 25 15 32 38 13 8 3 32 24 4 10 31 20 22 36 4 22 4 36 22 20 31 10 4 24 32 3 8 13 38 32 15 25 38 32 7 19 15 23 27 27 23 2 36 4 11 17 28 24 13 17 18 21 27 8 3 34 11 30 6 25 38 4 0 8 37 14 38 23 20 28 38 37 29 36 33 26 31 17 7 22 15 9 0 8 37 25 25 15 14 24 14 21 1 33 2 23 33 33 29 34 29 13 11 22 10 
10 22 11 13 29 34 29 33 33 23 2 33 3 17 37 34 11 16 26 33 10 19 9 19 14 29 17 10 18 32 25 39 21 22 7 31 25 23 37 14 2 19 38 0 33 37 12 12 5 29 3 32 31 20 10 10 15 16 34 38 38 32 34 8 18 22 8 6 8 20 29 37 20 33 35 12 38 28 8 15 24 36 8 33 28 7 9 2 16 17 16 2 9 7 28 33 8 36 24 15 8 28 38 12 35 33 20 37 29 20 8 6 8 22 18 8 34 32 38 38 34 16 15 10 10 20 31 32 3 29 5 12 12 37 33 0 38 19 2 14 37 23 25 31 7 22 21 39 25 32 18 10 17 29 14 19 9 19 10 33 26 16 11 34 37 17 3 33 2 23 33 33 29 34 29 13 11 22 10 
10 22 11 13 29 34 29 33 33 23 2 33 3 39 28 1 14 3 12 33 39 16 10 30 32 32 38 20 4 6 33 37 10 9 17 39 36 4 38 19 2 35 38 2 27 32 6 15 35 15 10 29 34 17 39 31 29 34 29 17 7 31 12 25 32 14 39 38 11 1 20 38 30 29 1 1 30 1 35 23 4 8 2 38 22 31 4 7 30 37 30 7 4 31 22 38 2 8 4 23 35 1 30 1 1 29 30 38 20 1 11 38 39 14 32 25 12 31 7 17 29 34 29 31 39 17 34 29 10 15 35 15 6 32 27 2 38 35 2 19 38 4 36 39 17 9 10 37 33 6 4 20 38 32 32 30 10 16 39 33 12 3 14 1 28 39 3 33 2 23 33 33 29 34 29 13 11 22 10 
10 22 11 13 29 34 29 33 33 23 2 33 4 11 2 6 32 15 5 25 1 2 12 14 9 6 9 28 22 1 10 31 20 13 31 30 12 27 29 26 0 14 32 34 0 39 27 35 9 21 8 3 2 13 34 21 18 21 37 4 17 18 10 9 9 27 24 34 9 33 8 6 38 24 3 25 4 4 10 5 10 33 38 6 34 5 21 26 22 10 22 26 21 5 34 6 38 33 10 5 10 4 4 25 3 24 38 6 8 33 9 34 24 27 9 9 10 18 17 4 37 21 18 21 34 13 2 3 8 21 9 35 27 39 0 34 32 14 0 26 29 27 12 30 31 13 20 31 10 1 22 28 9 6 9 14 12 2 1 25 5 15 32 6 2 11 4 33 2 23 33 33 29 34 29 13 11 22 10 
10 22 11 13 29 34 29 33 33 23 2 33 4 18 21 21 7 26 33 39 29 2 2 3 4 22 21 13 22 33 20 21 22 31 39 13 7 19 11 9 31 20 5 37 33 7 34 38 9 1 13 5 8 22 20 27 27 29 16 20 36 35 1 10 7 3 16 39 21 11 33 33 37 23 17 38 4 5 24 16 31 28 22 34 38 12 25 9 38 27 38 9 25 12 38 34 22 28 31 16 24 5 4 38 17 23 37 33 33 11 21 39 16 3 7 10 1 35 36 20 16 29 27 27 20 22 8 5 13 1 9 38 34 7 33 37 5 20 31 9 11 19 7 13 39 31 22 21 20 33 22 13 21 22 4 3 2 2 29 39 33 26 7 21 21 18 4 33 2 23 33 33 29 34 29 13 11 22 10 
10 22 11 13 29 34 29 33 33 23 2 33 4 22 7 34 33 10 25 18 11 30 22 38 30 12 9 37 13 12 30 12 30 36 21 4 17 2 17 24 12 36 10 2 1 27 17 1 26 28 12 21 36 36 37 24 36 5 8 17 35 11 29 7 29 9 38 34 39 27 29 21 9 35 15 17 17 21 28 7 20 7 31 5 12 4 38 29 28 14 28 29 38 4 12 5 31 7 20 7 28 21 17 17 15 35 9 21 29 27 39 34 38 9 29 7 29 11 35 17 8 5 36 24 37 36 36 21 12 28 26 1 17 27 1 2 10 36 12 24 17 2 17 4 21 36 30 12 30 12 13 37 9 12 30 38 22 30 11 18 25 10 33 34 7 22 4 33 2 23 33 33 29 34 29 13 11 22 10 
10 22 11 13 29 34 29 33 33 23 2 33 4 24 10 25 39 38 37 33 34 13 19 29 0 7 12 18 24 1 26 14 36 22 34 11 21 19 1 39 11 27 36 36 36 24 10 4 14 9 34 38 36 34 14 24 7 1 28 32 11 21 8 7 19 20 10 17 11 29 4 33 4 8 24 1 3 22 37 21 22 9 4 21 25 38 34 20 5 17 5 20 34 38 25 21 4 9 22 21 37 22 3 1 24 8 4 33 4 29 11 17 10 20 19 7 8 21 11 32 28 1 7 24 14 34 36 38 34 9 14 4 10 24 36 36 36 27 11 39 1 19 21 11 34 22 36 14 26 1 24 18 12 7 0 29 19 13 34 33 37 38 39 25 10 24 4 33 2 23 33 33 29 34 29 13 11 22 10 
10 22 11 13 29 34 29 33 33 23 2 33 4 25 14 23 3 38 1 22 5 18 31 7 23 20 39 23 20 6 13 5 22 9 1 3 28 23 23 5 8 14 26 29 20 32 10 27 21 19 3 9 31 23 28 14 2 1 34 1 22 1 31 31 14 36 32 28 10 38 25 25 13 8 11 26 5 34 30 17 36 2 7 26 9 29 20 26 32 17 32 26 20 29 9 26 7 2 36 17 30 34 5 26 11 8 13 25 25 38 10 28 32 36 14 31 31 1 22 1 34 1 2 14 28 23 31 9 3 19 21 27 10 32 20 29 26 14 8 5 23 23 28 3 1 9 22 5 13 6 20 23 39 20 23 7 31 18 5 22 1 38 3 23 14 25 4 33 2 23 33 33 29 34 29 13 11 22 10 
10 22 11 13 29 34 29 33 33 23 2 33 4 25 36 39 19 22 1 2 1 29 38 24 9 7 39 28 22 9 22 16 39 6 21 34 39 34 13 9 27 15 36 0 11 17 36 4 39 3 9 32 23 35 15 11 21 6 8 38 30 32 8 30 26 13 6 38 4 0 17 26 17 36 17 27 1 11 33 32 4 16 30 22 38 28 5 32 2 35 2 32 5 28 38 22 30 16 4 32 33 11 1 27 17 36 17 26 17 0 4 38 6 13 26 30 8 32 30 38 8 6 21 11 15 35 23 32 9 3 39 4 36 17 11 0 36 15 27 9 13 34 39 34 21 6 39 16 22 9 22 28 39 7 9 24 38 29 1 2 1 22 19 39 36 25 4 33 2 23 33 33 29 34 29 13 11 22 10 
10 22 11 13 29 34 29 33 33 23 2 33 4 26 2 4 31 22 4 35 3 36 26 34 8 24 33 23 10 15 2 29 35 35 33 35 31 21 7 20 31 32 39 9 7 10 7 5 3 3 16 33 20 14 35 10 23 12 16 13 35 2 9 3 13 30 14 36 9 9 13 29 16 0 32 0 39 11 7 5 22 17 37 10 27 14 17 17 35 36 35 17 17 14 27 10 37 17 22 5 7 11 39 0 32 0 16 29 13 9 9 36 14 30 13 3 9 2 35 13 16 12 23 10 35 14 20 33 16 3 3 5 7 10 7 9 39 32 31 20 7 21 31 35 33 35 35 29 2 15 10 23 33 24 8 34 26 36 3 35 4 22 31 4 2 26 4 33 2 23 33 33 29 34 29 13 11 22 10 
10 22 11 13 29 34 29 33 33 23 2 33 4 25 36 39 19 22 1 2 1 29 38 24 9 7 39 28 22 9 22 16 39 6 21 34 39 34 13 9 27 15 36 0 11 17 36 4 39 3 9 32 23 35 15 11 21 6 8 38 30 32 8 30 26 13 6 38 4 0 17 26 17 36 17 27 1 11 33 32 4 16 30 22 38 28 5 32 2 35 2 32 5 28 38 22 30 16 4 32 33 11 1 27 17 36 17 26 17 0 4 38 6 13 26 30 8 32 30 38 8 6 21 11 15 35 23 32 9 3 39 4 36 17 11 0 36 15 27 9 13 34 39 34 21 6 39 16 22 9 22 28 39 7 9 24 38 29 1 2 1 22 19 39 36 25 4 33 2 23 33 33 29 34 29 13 11 22 10 
10 22 11 13 29 34 29 33 33 23 2 33 4 25 14 23 3 38 1 22 5 18 31 7 23 20 39 23 20 6 13 5 22 9 1 3 28 23 23 5 8 14 26 29 20 32 10 27 21 19 3 9 31 23 28 14 2 1 34 1 22 1 31 31 14 36 32 28 10 38 25 25 13 8 11 26 5 34 30 17 36 2 7 26 9 29 20 26 32 17 32 26 20 29 9 26 7 2 36 17 30 34 5 26 11 8 13 25 25 38 10 28 32 36 14 31 31 1 22 1 34 1 2 14 28 23 31 9 3 19 21 27 10 32 20 29 26 14 8 5 23 23 28 3 1 9 22 5 13 6 20 23 39 20 23 7 31 18 5 22 1 38 3 23 14 25 4 33 2 23 33 33 29 34 29 13 11 22 10 
10 22 11 13 29 34 29 33 33 23 2 33 4 24 10 25 39 38 37 33 34 13 19 29 0 7 12 18 24 1 26 14 36 22 34 11 21 19 1 39 11 27 36 36 36 24 10 4 14 9 34 38 36 34 14 24 7 1 28 32 11 21 8 7 19 20 10 17 11 29 4 33 4 8 24 1 3 22 37 21 22 9 4 21 25 38 34 20 5 17 5 20 34 38 25 21 4 9 22 21 37 22 3 1 24 8 4 33 4 29 11 17 10 20 19 7 8 21 11 32 28 1 7 24 14 34 36 38 34 9 14 4 10 24 36 36 36 27 11 39 1 19 21 11 34 22 36 14 26 1 24 18 12 7 0 29 19 13 34 33 37 38 39 25 10 24 4 33 2 23 33 33 29 34 29 13 11 22 10 
10 22 11 13 29 34 29 33 33 23 2 33 4 22 7 34 33 10 25 18 11 30 22 38 30 12 9 37 13 12 30 12 30 36 21 4 17 2 17 24 12 36 10 2 1 27 17 1 26 28 12 21 36 36 37 24 36 5 8 17 35 11 29 7 29 9 38 34 39 27 29 21 9 35 15 17 17 21 28 7 20 7 31 5 12 4 38 29 28 14 28 29 38 4 12 5 31 7 20 7 28 21 17 17 15 35 9 21 29 27 39 34 38 9 29 7 29 11 35 17 8 5 36 24 37 36 36 21 12 28 26 1 17 27 1 2 10 36 12 24 17 2 17 4 21 36 30 12 30 12 13 37 9 12 30 38 22 30 11 18 25 10 33 34 7 22 4 33 2 23 33 33 29 34 29 13 11 22 10 
10 22 11 13 29 34 29 33 33 23 2 33 4 18 21 21 7 26 33 39 29 2 2 3 4 22 21 13 22 33 20 21 22 31 39 13 7 19 11 9 31 20 5 37 33 7 34 38 9 1 13 5 8 22 20 27 27 29 16 20 36 35 1 10 7 3 16 39 21 11 33 33 37 23 17 38 4 5 24 16 31 28 22 34 38 12 25 9 38 27 38 9 25 12 38 34 22 28 31 16 24 5 4 38 17 23 37 33 33 11 21 39 16 3 7 10 1 35 36 20 16 29 27 27 20 22 8 5 13 1 9 38 34 7 33 37 5 20 31 9 11 19 7 13 39 31 22 21 20 33 22 13 21 22 4 3 2 2 29 39 33 26 7 21 21 18 4 33 2 23 33 33 29 34 29 13 11 22 10 
10 22 11 13 29 34 29 33 33 23 2 33 4 11 2 6 32 15 5 25 1 2 12 14 9 6 9 28 22 1 10 31 20 13 31 30 12 27 29 26 0 14 32 34 0 39 27 35 9 21 8 3 2 13 34 21 18 21 37 4 17 18 10 9 9 27 24 34 9 33 8 6 38 24 3 25 4 4 10 5 10 33 38 6 34 5 21 26 22 10 22 26 21 5 34 6 38 33 10 5 10 4 4 25 3 24 38 6 8 33 9 34 24 27 9 9 10 18 17 4 37 21 18 21 34 13 2 3 8 21 9 35 27 39 0 34 32 14 0 26 29 27 12 30 31 13 20 31 10 1 22 28 9 6 9 14 12 2 1 25 5 15 32 6 2 11 4 33 2 23 33 33 29 34 29 13 11 22 10 
10 22 11 13 29 34 29 33 33 23 2 33 3 39 28 1 14 3 12 33 39 16 10 30 32 32 38 20 4 6 33 37 10 9 17 39 36 4 38 19 2 35 38 2 27 32 6 15 35 15 10 29 34 17 39 31 29 34 29 17 7 31 12 25 32 14 39 38 11 1 20 38 30 29 1 1 30 1 35 23 4 8 2 38 22 31 4 7 30 37 30 7 4 31 22 38 2 8 4 23 35 1 30 1 1 29 30 38 20 1 11 38 39 14 32 25 12 31 7 17 29 34 29 31 39 17 34 29 10 15 35 15 6 32 27 2 38 35 2 19 38 4 36 39 17 9 10 37 33 6 4 20 38 32 32 30 10 16 39 33 12 3 14 1 28 39 3 33 2 23 33 33 29 34 29 13 11 22 10 
10 22 11 13 29 34 29 33 33 23 2 33 3 17 37 34 11 16 26 33 10 19 9 19 14 29 17 10 18 32 25 39 21 22 7 31 25 23 37 14 2 19 38 0 33 37 12 12 5 29 3 32 31 20 10 10 15 16 34 38 38 32 34 8 18 22 8 6 8 20 29 37 20 33 35 12 38 28 8 15 24 36 8 33 28 7 9 2 16 17 16 2 9 7 28 33 8 36 24 15 8 28 38 12 35 33 20 37 29 20 8 6 8 22 18 8 34 32 38 38 34 16 15 10 10 20 31 32 3 29 5 12 12 37 33 0 38 19 2 14 37 23 25 31 7 22 21 39 25 32 18 10 17 29 14 19 9 19 10 33 26 16 11 34 37 17 3 33 2 23 33 33 29 34 29 13 11 22 10 
10 22 11 13 29 34 29 33 33 23 2 33 1 21 14 24 14 15 25 25 37 8 0 9 15 22 7 17 31 26 33 36 29 37 38 28 20 23 38 14 37 8 0 4 38 25 6 30 11 34 3 8 27 21 18 17 13 24 28 17 11 4 36 2 23 27 27 23 15 19 7 32 38 25 15 32 38 13 8 3 32 24 4 10 31 20 22 36 4 22 4 36 22 20 31 10 4 24 32 3 8 13 38 32 15 25 38 32 7 19 15 23 27 27 23 2 36 4 11 17 28 24 13 17 18 21 27 8 3 34 11 30 6 25 38 4 0 8 37 14 38 23 20 28 38 37 29 36 33 26 31 17 7 22 15 9 0 8 37 25 25 15 14 24 14 21 1 33 2 23 33 33 29 34 29 13 11 22 10 
10 22 11 13 29 34 29 33 33 23 2 32 39 36 31 5 12 29 4 19 33 5 13 23 8 25 7 33 38 7 29 37 8 13 1 34 39 6 6 4 34 9 1 18 25 12 23 9 38 30 19 27 7 37 39 12 16 24 14 37 17 38 31 13 39 31 13 10 12 30 7 0 10 30 30 5 18 26 21 36 3 15 23 5 16 7 21 17 32 5 32 17 21 7 16 5 23 15 3 36 21 26 18 5 30 30 10 0 7 30 12 10 13 31 39 13 31 38 17 37 14 24 16 12 39 37 7 27 19 30 38 9 23 12 25 18 1 9 34 4 6 6 39 34 1 13 8 37 29 7 38 33 7 25 8 23 13 5 33 19 4 29 12 5 31 36 39 32 2 23 33 33 29 34 29 13 11 22 10 
10 22 11 13 29 34 29 33 33 23 2 32 36 4 10 37 30 11 12 19 9 9 27 20 3 30 3 8 26 3 20 31 8 16 15 14 33 1 37 28 16 22 5 10 7 1 31 2 34 31 39 23 34 35 3 3 33 13 12 2 0 21 6 11 24 36 17 34 5 34 10 10 39 37 3 0 32 39 24 21 8 8 35 10 24 28 37 30 33 7 33 30 37 28 24 10 35 8 8 21 24 39 32 0 3 37 39 10 10 34 5 34 17 36 24 11 6 21 0 2 12 13 33 3 3 35 34 23 39 31 34 2 31 1 7 10 5 22 16 28 37 1 33 14 15 16 8 31 20 3 26 8 3 30 3 20 27 9 9 19 12 11 30 37 10 4 36 32 2 23 33 33 29 34 29 13 11 22 10 
10 22 11 13 29 34 29 33 33 23 2 32 31 8 34 37 22 7 13 14 13 29 32 9 39 34 5 25 10 32 14 12 24 5 26 28 33 23 16 29 11 16 31 32 36 20 13 13 26 35 39 13 32 17 31 3 21 18 32 35 37 26 4 38 29 5 30 3 9 31 10 13 17 35 12 39 35 12 39 26 13 28 1 4 5 21 22 34 11 11 11 34 22 21 5 4 1 28 13 26 39 12 35 39 12 35 17 13 10 31 9 3 30 5 29 38 4 26 37 35 32 18 21 3 31 17 32 13 39 35 26 13 13 20 36 32 31 16 11 29 16 23 33 28 26 5 24 12 14 32 10 25 5 34 39 9 32 29 13 14 13 7 22 37 34 8 31 32 2 23 33 33 29 34 29 13 11 22 10 
10 22 11 13 29 34 29 33 33 23 2 32 22 25 2 4 32 37 10 30 9 15 0 12 37 10 14 35 1 25 28 26 30 35 27 10 34 34 5 35 34 39 22 25 12 26 4 35 6 21 31 15 30 17 14 5 32 2 34 3 34 0 32 33 26 13 2 7 19 3 11 29 4 33 30 39 2 35 32 18 38 38 30 4 4 17 3 5 1 39 1 5 3 17 4 4 30 38 38 18 32 35 2 39 30 33 4 29 11 3 19 7 2 13 26 33 32 0 34 3 34 2 32 5 14 17 30 15 31 21 6 35 4 26 12 25 22 39 34 35 5 34 34 10 27 35 30 26 28 25 1 35 14 10 37 12 0 15 9 30 10 37 32 4 2 25 22 32 2 23 33 33 29 34 29 13 11 22 10 
10 22 11 13 29 34 29 33 33 23 2 32 6 26 39 30 0 31 23 10 39 14 3 5 6 10 15 33 39 1 28 17 5 23 36 27 24 14 39 20 39 30 18 27 20 13 26 15 36 35 31 37 17 9 36 29 0 37 23 5 21 26 23 8 11 25 8 5 0 11 25 1 12 34 16 32 39 39 0 5 32 12 1 25 38 17 1 26 27 0 27 26 1 17 38 25 1 12 32 5 0 39 39 32 16 34 12 1 25 11 0 5 8 25 11 8 23 26 21 5 23 37 0 29 36 9 17 37 31 35 36 15 26 13 20 27 18 30 39 20 39 14 24 27 36 23 5 17 28 1 39 33 15 10 6 5 3 14 39 10 23 31 0 30 39 26 6 32 2 23 33 33 29 34 29 13 11 22 10 
10 22 11 13 29 34 29 33 33 23 2 31 19 21 2 20 14 3 26 29 5 25 15 11 20 30 4 23 32 18 23 13 29 4 15 34 19 29 19 35 24 26 39 9 21 13 25 35 36 27 33 6 14 27 4 5 4 0 3 4 8 12 36 18 11 8 36 0 15 10 30 21 13 21 8 16 30 12 3 30 15 35 1 3 17 15 24 11 17 32 17 11 24 15 17 3 1 35 15 30 3 12 30 16 8 21 13 21 30 10 15 0 36 8 11 18 36 12 8 4 3 0 4 5 4 27 14 6 33 27 36 35 25 13 21 9 39 26 24 35 19 29 19 34 15 4 29 13 23 18 32 23 4 30 20 11 15 25 5 29 26 3 14 20 2 21 19 31 2 23 33 33 29 34 29 13 11 22 10 
10 22 11 13 29 34 29 33 33 23 2 30 10 23 39 9 0 32 33 35 11 23 1 27 21 7 31 33 25 30 18 17 5 2 20 26 20 1 29 13 38 10 39 18 15 12 37 22 36 22 33 14 28 22 23 9 11 14 37 18 34 12 12 7 12 36 34 6 35 11 35 4 11 22 21 34 33 35 37 30 25 33 29 24 23 35 8 8 36 0 36 8 8 35 23 24 29 33 25 30 37 35 33 34 21 22 11 4 35 11 35 6 34 36 12 7 12 12 34 18 37 14 11 9 23 22 28 14 33 22 36 22 37 12 15 18 39 10 38 13 29 1 20 26 20 2 5 17 18 30 25 33 31 7 21 27 1 23 11 35 33 32 0 9 39 23 10 30 2 23 33 33 29 34 29 13 11 22 10 
10 22 11 13 29 34 29 33 33 23 2 28 5 31 15 12 13 21 12 5 0 33 5 32 6 22 31 12 15 20 2 6 26 9 16 37 17 19 33 13 18 26 16 3 37 33 19 15 33 16 11 34 31 9 23 6 31 3 39 14 30 30 34 6 7 29 23 22 7 2 38 31 2 11 13 12 4 17 39 10 38 20 30 38 37 9 4 13 17 16 17 13 4 9 37 38 30 20 38 10 39 17 4 12 13 11 2 31 38 2 7 22 23 29 7 6 34 30 30 14 39 3 31 6 23 9 31 34 11 16 33 15 19 33 37 3 16 26 18 13 33 19 17 37 16 9 26 6 2 20 15 12 31 22 6 32 5 33 0 5 12 21 13 12 15 31 5 28 2 23 33 33 29 34 29 13 11 22 10 
10 22 11 13 29 34 29 33 33 23 2 24 17 14 0 35 11 36 36 16 15 24 3 0 16 37 18 15 33 30 0 16 15 18 32 24 28 6 9 21 33 31 13 4 3 5 32 3 20 10 1 0 4 5 5 27 4 15 14 15 20 15 21 9 5 17 12 20 35 33 3 32 31 4 21 1 29 13 10 0 32 37 38 6 33 21 33 25 26 29 26 25 33 21 33 6 38 37 32 0 10 13 29 1 21 4 31 32 3 33 35 20 12 17 5 9 21 15 20 15 14 15 4 27 5 5 4 0 1 10 20 3 32 5 3 4 13 31 33 21 9 6 28 24 32 18 15 16 0 30 33 15 18 37 16 0 3 24 15 16 36 36 11 35 0 14 17 24 2 23 33 33 29 34 29 13 11 22 10 
10 22 11 13 29 34 29 33 33 23 2 17 36 34 27 6 31 23 18 33 20 32 15 38 0 29 9 35 24 26 30 36 32 15 12 6 13 23 14 9 22 29 20 35 31 25 14 28 0 12 37 39 37 4 2 9 0 1 32 32 30 8 6 24 33 14 20 38 5 27 16 3 38 35 30 25 11 10 10 7 7 29 20 8 33 29 4 25 17 13 17 25 4 29 33 8 20 29 7 7 10 10 11 25 30 35 38 3 16 27 5 38 20 14 33 24 6 8 30 32 32 1 0 9 2 4 37 39 37 12 0 28 14 25 31 35 20 29 22 9 14 23 13 6 12 15 32 36 30 26 24 35 9 29 0 38 15 32 20 33 18 23 31 6 27 34 36 17 2 23 33 33 29 34 29 13 11 22 10 
10 22 11 13 29 34 29 33 33 23 2 5 23 30 38 20 17 29 11 28 21 7 12 28 24 36 21 29 10 22 0 24 36 4 5 10 24 32 12 30 7 27 9 11 7 32 25 23 25 36 14 18 33 22 12 17 6 14 13 37 15 9 17 22 24 21 18 18 33 28 27 33 2 11 10 11 3 31 34 30 19 20 1 33 11 27 29 38 0 9 0 38 29 27 11 33 1 20 19 30 34 31 3 11 10 11 2 33 27 28 33 18 18 21 24 22 17 9 15 37 13 14 6 17 12 22 33 18 14 36 25 23 25 32 7 11 9 27 7 30 12 32 24 10 5 4 36 24 0 22 10 29 21 36 24 28 12 7 21 28 11 29 17 20 38 30 23 5 2 23 33 33 29 34 29 13 11 22 10 
10 22 11 13 29 34 29 33 33 23 0 24 34 17 34 15 24 36 16 24 12 22 19 5 29 33 14 25 0 4 8 9 24 14 21 23 33 15 24 34 14 4 24 19 21 29 7 21 12 36 7 18 7 9 25 34 21 15 10 3 23 31 36 34 25 39 14 16 0 33 5 35 7 35 15 0 19 9 5 12 15 8 11 9 21 39 11 10 4 9 4 10 11 39 21 9 11 8 15 12 5 9 19 0 15 35 7 35 5 33 0 16 14 39 25 34 36 31 23 3 10 15 21 34 25 9 7 18 7 36 12 21 7 29 21 19 24 4 14 34 24 15 33 23 21 14 24 9 8 4 0 25 14 33 29 5 19 22 12 24 16 36 24 15 34 17 34 24 0 23 33 33 29 34 29 13 11 22 10 
10 22 11 13 29 34 29 33 33 22 39 27 0 5 1 36 20 8 25 25 38 32 37 27 10 17 28 19 24 19 29 27 3 9 15 13 8 12 5 30 29 38 29 32 32 4 35 30 17 5 24 23 13 5 31 27 29 37 4 39 22 0 16 4 9 19 39 38 16 18 38 20 22 6 0 5 7 3 34 10 23 6 38 34 39 34 17 28 38 36 38 28 17 34 39 34 38 6 23 10 34 3 7 5 0 6 22 20 38 18 16 38 39 19 9 4 16 0 22 39 4 37 29 27 31 5 13 23 24 5 17 30 35 4 32 32 29 38 29 30 5 12 8 13 15 9 3 27 29 19 24 19 28 17 10 27 37 32 38 25 25 8 20 36 1 5 0 27 39 22 33 33 29 34 29 13 11 22 10 
10 22 11 13 29 34 29 33 33 22 37 2 25 17 7 21 26 21 0 14 11 23 2 4 39 36 36 39 0 2 21 36 2 8 28 29 10 19 28 22 31 27 38 22 8 19 30 1 31 31 15 19 15 25 4 2 36 12 10 23 35 5 38 32 9 23 38 39 14 18 20 12 23 34 36 8 2 30 17 13 27 8 39 24 16 38 10 32 6 14 6 32 10 38 16 24 39 8 27 13 17 30 2 8 36 34 23 12 20 18 14 39 38 23 9 32 38 5 35 23 10 12 36 2 4 25 15 19 15 31 31 1 30 19 8 22 38 27 31 22 28 19 10 29 28 8 2 36 21 2 0 39 36 36 39 4 2 23 11 14 0 21 26 21 7 17 25 2 37 22 33 33 29 34 29 13 11 22 10 
10 22 11 13 29 34 29 33 33 22 34 11 13 31 35 14 8 28 30 23 25 39 29 21 17 37 21 31 31 28 11 8 36 11 25 37 28 14 3 29 30 7 20 0 2 6 14 7 35 16 21 5 33 18 10 15 38 24 32 17 39 27 14 25 4 16 23 19 39 21 14 17 29 36 8 25 13 5 36 31 27 22 14 27 3 9 20 36 13 30 13 36 20 9 3 27 14 22 27 31 36 5 13 25 8 36 29 17 14 21 39 19 23 16 4 25 14 27 39 17 32 24 38 15 10 18 33 5 21 16 35 7 14 6 2 0 20 7 30 29 3 14 28 37 25 11 36 8 11 28 31 31 21 37 17 21 29 39 25 23 30 28 8 14 35 31 13 11 34 22 33 33 29 34 29 13 11 22 10 
10 22 11 13 29 34 29 33 33 22 29 13 2 31 32 10 8 0 14 22 28 3 5 21 32 27 21 5 22 12 3 0 8 29 12 34 32 28 5 30 22 12 27 32 3 17 35 39 9 30 33 27 30 21 8 33 23 20 10 34 32 29 21 2 0 4 9 9 25 24 33 5 7 12 11 11 26 29 24 39 23 18 32 9 7 29 19 14 26 13 26 14 19 29 7 9 32 18 23 39 24 29 26 11 11 12 7 5 33 24 25 9 9 4 0 2 21 29 32 34 10 20 23 33 8 21 30 27 33 30 9 39 35 17 3 32 27 12 22 30 5 28 32 34 12 29 8 0 3 12 22 5 21 27 32 21 5 3 28 22 14 0 8 10 32 31 2 13 29 22 33 33 29 34 29 13 11 22 10 
10 22 11 13 29 34 29 33 33 22 20 30 21 6 5 12 19 33 30 24 2 31 25 17 28 29 15 3 15 26 7 38 7 28 28 13 38 2 27 9 38 32 22 4 33 11 37 6 3 31 36 30 32 29 27 27 14 10 7 1 10 16 23 8 2 25 32 4 34 22 24 9 6 7 18 8 33 38 11 13 2 8 25 9 10 7 7 31 30 3 30 31 7 7 10 9 25 8 2 13 11 38 33 8 18 7 6 9 24 22 34 4 32 25 2 8 23 16 10 1 7 10 14 27 27 29 32 30 36 31 3 6 37 11 33 4 22 32 38 9 27 2 38 13 28 28 7 38 7 26 15 3 15 29 28 17 25 31 2 24 30 33 19 12 5 6 21 30 20 22 33 33 29 34 29 13 11 22 10 
10 22 11 13 29 34 29 33 33 22 4 34 26 14 12 0 12 23 7 20 33 4 16 12 19 24 28 38 5 29 39 34 29 30 16 35 23 33 3 26 16 35 1 1 26 32 15 13 12 35 28 30 9 32 11 21 8 34 28 32 1 12 6 23 21 14 38 16 36 17 6 21 34 12 36 23 32 4 6 31 36 34 12 10 1 29 8 31 8 9 8 31 8 29 1 10 12 34 36 31 6 4 32 23 36 12 34 21 6 17 36 16 38 14 21 23 6 12 1 32 28 34 8 21 11 32 9 30 28 35 12 13 15 32 26 1 1 35 16 26 3 33 23 35 16 30 29 34 39 29 5 38 28 24 19 12 16 4 33 20 7 23 12 0 12 14 26 34 4 22 33 33 29 34 29 13 11 22 10 
10 22 11 13 29 34 29 33 33 21 17 16 11 28 22 18 27 39 9 22 36 11 31 15 25 15 4 38 37 30 27 36 9 23 11 17 8 16 15 12 16 12 12 30 24 4 17 22 31 34 28 21 18 34 13 34 24 38 19 8 12 14 12 16 29 27 5 0 31 9 8 15 30 12 12 26 0 26 21 38 4 32 31 18 35 11 21 1 32 2 32 1 21 11 35 18 31 32 4 38 21 26 0 26 12 12 30 15 8 9 31 0 5 27 29 16 12 14 12 8 19 38 24 34 13 34 18 21 28 34 31 22 17 4 24 30 12 12 16 12 15 16 8 17 11 23 9 36 27 30 37 38 4 15 25 15 31 11 36 22 9 39 27 18 22 28 11 16 17 21 33 33 29 34 29 13 11 22 10 
10 22 11 13 29 34 29 33 33 20 8 27 32 24 17 33 37 39 4 1 21 16 28 1 10 39 24 15 22 25 7 37 19 23 24 13 31 38 35 14 18 15 38 18 36 21 9 13 29 18 3 17 19 10 31 27 12 24 5 16 26 12 1 10 32 39 35 22 23 15 30 20 30 34 8 21 34 37 0 17 11 38 7 17 36 35 11 22 30 35 30 22 11 35 36 17 7 38 11 17 0 37 34 21 8 34 30 20 30 15 23 22 35 39 32 10 1 12 26 16 5 24 12 27 31 10 19 17 3 18 29 13 9 21 36 18 38 15 18 14 35 38 31 13 24 23 19 37 7 25 22 15 24 39 10 1 28 16 21 1 4 39 37 33 17 24 32 27 8 20 33 33 29 34 29 13 11 22 10 
10 22 11 13 29 34 29 33 33 18 4 12 0 23 7 21 35 34 34 12 20 30 38 7 26 29 21 0 12 4 21 6 27 14 5 4 31 1 1 3 30 18 39 11 12 22 16 34 3 27 4 37 3 26 28 29 28 29 21 22 16 8 32 1 34 17 23 39 3 37 32 15 14 18 4 5 3 35 2 37 17 38 17 4 20 17 32 1 38 13 38 1 32 17 20 4 17 38 17 37 2 35 3 5 4 18 14 15 32 37 3 39 23 17 34 1 32 8 16 22 21 29 28 29 28 26 3 37 4 27 3 34 16 22 12 11 39 18 30 3 1 1 31 4 5 14 27 6 21 4 12 0 21 29 26 7 38 30 20 12 34 34 35 21 7 23 0 12 4 18 33 33 29 34 29 13 11 22 10 
10 22 11 13 29 34 29 33 33 14 13 33 8 29 21 34 16 26 12 1 39 34 25 6 29 24 39 28 25 18 22 27 28 12 29 22 18 23 38 20 25 31 21 17 36 16 18 31 14 29 13 32 38 8 12 0 35 19 4 21 5 19 28 7 10 32 10 4 10 13 32 14 39 37 3 23 34 32 12 14 28 34 29 37 16 8 28 34 8 16 8 34 28 8 16 37 29 34 28 14 12 32 34 23 3 37 39 14 32 13 10 4 10 32 10 7 28 19 5 21 4 19 35 0 12 8 38 32 13 29 14 31 18 16 36 17 21 31 25 20 38 23 18 22 29 12 28 27 22 18 25 28 39 24 29 6 25 34 39 1 12 26 16 34 21 29 8 33 13 14 33 33 29 34 29 13 11 22 10 
10 22 11 13 29 34 29 33 33 6 34 19 8 32 9 18 8 27 17 28 26 16 30 10 12 0 31 29 2 37 29 20 18 24 16 12 9 19 1 33 11 12 23 6 30 6 20 29 7 9 16 38 37 38 3 15 13 22 19 29 24 38 34 10 20 24 12 37 15 14 1 15 3 14 0 37 2 18 13 24 24 16 34 21 29 5 1 1 6 12 6 1 1 5 29 21 34 16 24 24 13 18 2 37 0 14 3 15 1 14 15 37 12 24 20 10 34 38 24 29 19 22 13 15 3 38 37 38 16 9 7 29 20 6 30 6 23 12 11 33 1 19 9 12 16 24 18 20 29 37 2 29 31 0 12 10 30 16 26 28 17 27 8 18 9 32 8 19 34 6 33 33 29 34 29 13 11 22 10 
10 22 11 13 29 34 29 33 32 35 24 6 25 28 10 39 12 9 32 23 0 21 31 11 33 32 4 0 32 15 24 22 31 33 20 4 31 17 1 13 12 13 38 31 33 2 37 14 1 11 17 24 3 11 17 30 24 13 35 28 12 24 8 14 23 38 36 29 21 6 0 4 31 11 4 0 32 21 33 16 13 15 29 18 27 36 7 2 21 23 21 2 7 36 27 18 29 15 13 16 33 21 32 0 4 11 31 4 0 6 21 29 36 38 23 14 8 24 12 28 35 13 24 30 17 11 3 24 17 11 1 14 37 2 33 31 38 13 12 13 1 17 31 4 20 33 31 22 24 15 32 0 4 32 33 11 31 21 0 23 32 9 12 39 10 28 25 6 24 35 32 33 29 34 29 13 11 22 10 
10 22 11 13 29 34 29 33 32 13 20 33 18 5 31 7 39 14 6 25 5 32 28 22 38 35 13 15 35 3 0 24 3 10 2 16 32 29 16 28 16 3 5 9 0 35 27 36 11 38 39 28 28 18 38 20 30 15 0 29 27 34 21 27 33 15 2 27 34 17 9 27 6 9 5 29 5 3 3 12 17 10 31 21 27 24 24 14 11 10 11 14 24 24 27 21 31 10 17 12 3 3 5 29 5 9 6 27 9 17 34 27 2 15 33 27 21 34 27 29 0 15 30 20 38 18 28 28 39 38 11 36 27 35 0 9 5 3 16 28 16 29 32 16 2 10 3 24 0 3 35 15 13 35 38 22 28 32 5 25 6 14 39 7 31 5 18 33 20 13 32 33 29 34 29 13 11 22 10 
10 22 11 13 29 34 29 33 31 16 34 35 2 3 15 19 27 14 39 35 24 2 20 12 3 0 16 14 25 16 6 22 25 37 20 21 35 23 27 4 26 39 8 1 6 22 9 18 20 28 14 13 1 33 12 38 17 3 12 28 31 13 11 27 8 10 4 31 25 12 2 5 23 23 4 36 14 31 3 39 18 10 39 34 20 37 14 28 15 35 15 28 14 37 20 34 39 10 18 39 3 31 14 36 4 23 23 5 2 12 25 31 4 10 8 27 11 13 31 28 12 3 17 38 12 33 1 13 14 28 20 18 9 22 6 1 8 39 26 4 27 23 35 21 20 37 25 22 6 16 25 14 16 0 3 12 20 2 24 35 39 14 27 19 15 3 2 35 34 16 31 33 29 34 29 13 11 22 10 
10 22 11 13 29 34 29 33 29 33 5 27 24 10 0 23 38 38 32 30 5 31 7 3 17 35 24 36 26 1 19 32 7 14 1 20 33 29 39 0 8 26 30 22 18 20 14 38 18 12 35 24 14 12 33 18 11 38 8 26 10 34 32 29 21 18 25 5 9 22 4 5 9 22 27 9 17 17 35 37 21 20 17 13 22 36 34 23 35 14 35 23 34 36 22 13 17 20 21 37 35 17 17 9 27 22 9 5 4 22 9 5 25 18 21 29 32 34 10 26 8 38 11 18 33 12 14 24 35 12 18 38 14 20 18 22 30 26 8 0 39 29 33 20 1 14 7 32 19 1 26 36 24 35 17 3 7 31 5 30 32 38 38 23 0 10 24 27 5 33 29 33 29 34 29 13 11 22 10 
10 22 11 13 29 34 29 33 26 39 22 30 1 13 17 32 38 3 15 14 21 2 29 36 36 15 11 15 23 30 39 24 23 7 31 25 0 1 34 10 26 11 10 20 36 37 21 0 6 5 38 14 32 14 1 28 3 37 38 3 19 18 9 32 30 33 15 13 7 33 37 4 31 28 14 17 30 32 34 7 27 31 34 2 8 36 36 31 23 20 23 31 36 36 8 2 34 31 27 7 34 32 30 17 14 28 31 4 37 33 7 13 15 33 30 32 9 18 19 3 38 37 3 28 1 14 32 14 38 5 6 0 21 37 36 20 10 11 26 10 34 1 0 25 31 7 23 24 39 30 23 15 11 15 36 36 29 2 21 14 15 3 38 32 17 13 1 30 22 39 26 33 29 34 29 13 11 22 10 
10 22 11 13 29 34 29 33 22 2 7 31 24 13 14 17 13 18 21 19 23 16 18 27 19 14 4 5 34 7 9 8 39 20 24 16 28 37 24 36 39 4 27 13 32 30 34 2 14 4 37 26 14 24 13 28 24 38 32 37 17 21 30 30 27 5 19 23 18 18 39 0 34 14 6 37 15 13 23 27 8 32 29 3 5 21 38 9 32 33 32 9 38 21 5 3 29 32 8 27 23 13 15 37 6 14 34 0 39 18 18 23 19 5 27 30 30 21 17 37 32 38 24 28 13 24 14 26 37 4 14 2 34 30 32 13 27 4 39 36 24 37 28 16 24 20 39 8 9 7 34 5 4 14 19 27 18 16 23 19 21 18 13 17 14 13 24 31 7 2 22 33 29 34 29 13 11 22 10 
10 22 11 13 29 34 29 33 12 26 8 39 30 20 1 18 28 38 39 29 24 5 3 30 30 5 10 7 19 32 4 4 9 1 13 1 30 31 20 24 25 16 24 21 34 27 30 18 5 0 16 37 38 35 14 39 17 16 13 4 3 28 28 36 33 21 15 24 7 14 37 1 11 33 33 31 31 39 39 19 3 3 10 8 13 12 34 3 9 16 9 3 34 12 13 8 10 3 3 19 39 39 31 31 33 33 11 1 37 14 7 24 15 21 33 36 28 28 3 4 13 16 17 39 14 35 38 37 16 0 5 18 30 27 34 21 24 16 25 24 20 31 30 1 13 1 9 4 4 32 19 7 10 5 30 30 3 5 24 29 39 38 28 18 1 20 30 39 8 26 12 33 29 34 29 13 11 22 10 
10 22 11 13 29 34 29 32 37 13 32 20 7 22 20 39 14 3 36 35 2 36 39 3 13 29 6 31 20 14 24 34 19 31 33 31 5 34 5 10 9 36 9 5 20 18 13 34 30 6 0 4 5 12 28 38 11 9 29 27 18 34 35 31 30 16 31 5 36 36 12 10 16 22 27 35 21 35 31 30 34 29 15 21 1 28 9 19 3 3 3 19 9 28 1 21 15 29 34 30 31 35 21 35 27 22 16 10 12 36 36 5 31 16 30 31 35 34 18 27 29 9 11 38 28 12 5 4 0 6 30 34 13 18 20 5 9 36 9 10 5 34 5 31 33 31 19 34 24 14 20 31 6 29 13 3 39 36 2 35 36 3 14 39 20 22 7 20 32 13 37 32 29 34 29 13 11 22 10 
10 22 11 13 29 34 29 32 9 1 14 11 3 5 39 33 33 23 31 23 9 19 0 8 3 4 7 9 11 27 32 16 28 28 11 12 23 38 1 32 6 8 16 31 38 18 19 29 38 30 5 14 6 18 20 11 1 7 14 3 29 31 12 3 9 35 31 17 12 25 0 20 33 36 36 36 6 26 34 38 11 5 35 9 9 26 14 21 39 3 39 21 14 26 9 9 35 5 11 38 34 26 6 36 36 36 33 20 0 25 12 17 31 35 9 3 12 31 29 3 14 7 1 11 20 18 6 14 5 30 38 29 19 18 38 31 16 8 6 32 1 38 23 12 11 28 28 16 32 27 11 9 7 4 3 8 0 19 9 23 31 23 33 33 39 5 3 11 14 1 9 32 29 34 29 13 11 22 10 
10 22 11 13 29 34 29 31 1 12 29 6 4 10 27 11 27 37 16 14 3 35 29 33 7 2 25 6 28 23 3 29 32 22 9 10 27 21 8 29 29 9 0 8 5 15 7 10 29 34 18 2 0 38 18 36 14 29 31 34 13 22 13 6 39 7 1 30 21 23 28 3 15 22 35 15 35 13 2 9 30 12 15 35 38 1 4 27 4 5 4 27 4 1 38 35 15 12 30 9 2 13 35 15 35 22 15 3 28 23 21 30 1 7 39 6 13 22 13 34 31 29 14 36 18 38 0 2 18 34 29 10 7 15 5 8 0 9 29 29 8 21 27 10 9 22 32 29 3 23 28 6 25 2 7 33 29 35 3 14 16 37 27 11 27 10 4 6 29 12 1 31 29 34 29 13 11 22 10 
10 22 11 13 29 34 29 28 35 14 4 4 12 18 7 21 5 10 24 35 14 32 15 36 10 26 21 14 7 9 31 21 32 28 37 34 20 9 19 13 21 11 39 9 26 4 4 7 19 13 30 34 21 14 9 27 37 20 18 16 9 17 15 37 35 14 30 35 7 25 14 32 19 37 25 26 4 13 31 23 6 12 6 27 34 17 10 10 36 7 36 10 10 17 34 27 6 12 6 23 31 13 4 26 25 37 19 32 14 25 7 35 30 14 35 37 15 17 9 16 18 20 37 27 9 14 21 34 30 13 19 7 4 4 26 9 39 11 21 13 19 9 20 34 37 28 32 21 31 9 7 14 21 26 10 36 15 32 14 35 24 10 5 21 7 18 12 4 4 14 35 28 29 34 29 13 11 22 10 
10 22 11 13 29 34 29 25 4 11 6 12 21 15 35 22 8 27 22 29 12 12 7 15 2 27 23 22 17 2 13 26 19 31 14 12 23 34 36 20 0 30 7 34 0 18 4 15 18 18 27 30 37 20 22 35 2 6 16 22 21 4 32 11 17 6 19 4 29 32 25 5 33 12 13 13 26 20 1 12 25 37 32 39 7 27 24 32 17 10 17 32 24 27 7 39 32 37 25 12 1 20 26 13 13 12 33 5 25 32 29 4 19 6 17 11 32 4 21 22 16 6 2 35 22 20 37 30 27 18 18 15 4 18 0 34 7 30 0 20 36 34 23 12 14 31 19 26 13 2 17 22 23 27 2 15 7 12 12 29 22 27 8 22 35 15 21 12 6 11 4 25 29 34 29 13 11 22 10 
10 22 11 13 29 34 29 18 33 23 31 20 0 31 12 1 5 11 11 9 20 0 34 38 37 4 11 38 20 17 2 14 20 27 1 22 11 37 18 36 29 19 16 8 38 0 26 5 38 20 34 32 36 18 6 0 33 30 36 12 36 24 26 33 3 2 8 32 21 7 31 3 37 15 21 20 12 36 7 25 38 33 27 0 33 1 36 20 11 7 11 20 36 1 33 0 27 33 38 25 7 36 12 20 21 15 37 3 31 7 21 32 8 2 3 33 26 24 36 12 36 30 33 0 6 18 36 32 34 20 38 5 26 0 38 8 16 19 29 36 18 37 11 22 1 27 20 14 2 17 20 38 11 4 37 38 34 0 20 9 11 11 5 1 12 31 0 20 31 23 33 18 29 34 29 13 11 22 10 
10 22 11 13 29 34 29 6 7 10 28 4 26 12 39 20 37 9 5 13 12 26 0 37 10 21 4 18 23 19 28 1 10 19 10 37 33 15 2 28 11 36 5 2 8 34 9 8 31 5 21 13 20 22 1 9 31 6 17 11 18 30 1 4 32 0 22 32 19 11 35 4 3 18 9 27 25 32 10 18 4 0 2 34 37 2 36 29 0 9 0 29 36 2 37 34 2 0 4 18 10 32 25 27 9 18 3 4 35 11 19 32 22 0 32 4 1 30 18 11 17 6 31 9 1 22 20 13 21 5 31 8 9 34 8 2 5 36 11 28 2 15 33 37 10 19 10 1 28 19 23 18 4 21 10 37 0 26 12 13 5 9 37 20 39 12 26 4 28 10 7 6 29 34 29 13 11 22 10 
10 22 11 13 29 34 28 25 3 34 14 28 24 14 2 6 36 20 7 25 14 22 13 26 34 11 33 2 13 10 36 3 31 13 16 22 37 14 0 34 30 11 2 5 16 7 39 0 16 9 24 27 10 30 8 5 38 23 21 39 38 12 1 22 27 20 38 29 24 9 20 13 16 39 39 18 22 31 5 1 0 38 38 32 5 10 36 26 36 39 36 26 36 10 5 32 38 38 0 1 5 31 22 18 39 39 16 13 20 9 24 29 38 20 27 22 1 12 38 39 21 23 38 5 8 30 10 27 24 9 16 0 39 7 16 5 2 11 30 34 0 14 37 22 16 13 31 3 36 10 13 2 33 11 34 26 13 22 14 25 7 20 36 6 2 14 24 28 14 34 3 25 28 34 29 13 11 22 10 
10 22 11 13 29 34 27 29 31 36 17 32 35 35 29 25 23 31 31 32 26 5 10 5 32 31 32 20 34 19 21 8 33 23 38 26 17 23 6 2 8 32 11 36 19 30 11 9 8 36 16 4 11 26 39 3 13 12 31 18 15 12 35 32 12 7 27 38 4 27 29 31 26 10 26 30 39 16 22 9 8 19 35 14 20 36 27 14 15 32 15 14 27 36 20 14 35 19 8 9 22 16 39 30 26 10 26 31 29 27 4 38 27 7 12 32 35 12 15 18 31 12 13 3 39 26 11 4 16 36 8 9 11 30 19 36 11 32 8 2 6 23 17 26 38 23 33 8 21 19 34 20 32 31 32 5 10 5 26 32 31 31 23 25 29 35 35 32 17 36 31 29 27 34 29 13 11 22 10 
10 22 11 13 29 34 26 3 12 28 36 5 5 17 35 1 3 35 13 20 23 13 18 29 19 30 0 28 8 24 38 31 5 32 29 29 9 11 2 32 2 8 30 11 29 0 21 29 6 9 25 39 26 8 26 16 12 11 25 30 18 16 16 38 22 30 31 29 14 7 22 33 18 38 24 39 34 11 16 34 37 2 2 0 31 12 11 8 27 31 27 8 11 12 31 0 2 2 37 34 16 11 34 39 24 38 18 33 22 7 14 29 31 30 22 38 16 16 18 30 25 11 12 16 26 8 26 39 25 9 6 29 21 0 29 11 30 8 2 32 2 11 9 29 29 32 5 31 38 24 8 28 0 30 19 29 18 13 23 20 13 35 3 1 35 17 5 5 36 28 12 3 26 34 29 13 11 22 10 
10 22 11 13 29 34 23 9 14 33 23 35 17 27 11 36 12 1 6 32 26 7 5 36 8 36 35 25 27 10 11 14 28 24 8 7 13 38 22 24 32 2 34 28 36 20 13 29 32 10 24 36 10 0 4 28 13 33 20 3 14 12 26 9 30 29 22 30 34 30 9 21 13 13 35 20 35 29 28 4 14 14 19 26 9 24 39 5 9 20 9 5 39 24 9 26 19 14 14 4 28 29 35 20 35 13 13 21 9 30 34 30 22 29 30 9 26 12 14 3 20 33 13 28 4 0 10 36 24 10 32 29 13 20 36 28 34 2 32 24 22 38 13 7 8 24 28 14 11 10 27 25 35 36 8 36 5 7 26 32 6 1 12 36 11 27 17 35 23 33 14 9 23 34 29 13 11 22 10 
10 22 11 13 29 34 18 21 39 30 20 29 32 34 7 7 36 14 30 5 22 2 19 37 36 18 32 2 2 17 17 1 22 21 14 37 15 12 20 22 2 6 0 2 18 36 19 8 1 5 20 24 34 39 27 16 1 1 38 1 35 15 3 27 5 3 28 5 24 12 14 9 33 29 19 39 5 16 37 6 38 37 38 29 11 17 1 23 13 7 13 23 1 17 11 29 38 37 38 6 37 16 5 39 19 29 33 9 14 12 24 5 28 3 5 27 3 15 35 1 38 1 1 16 27 39 34 24 20 5 1 8 19 36 18 2 0 6 2 22 20 12 15 37 14 21 22 1 17 17 2 2 32 18 36 37 19 2 22 5 30 14 36 7 7 34 32 29 20 30 39 21 18 34 29 13 11 22 10 
10 22 11 13 29 34 8 26 34 25 34 0 31 16 23 7 28 39 21 4 26 3 30 32 2 14 34 16 24 38 12 22 12 38 1 10 16 6 12 38 11 23 14 15 37 34 9 21 38 34 31 37 1 29 23 29 17 19 23 1 38 16 33 2 28 14 19 12 15 32 23 6 19 1 29 14 34 23 1 6 23 23 4 27 19 2 19 23 34 21 34 23 19 2 19 27 4 23 23 6 1 23 34 14 29 1 19 6 23 32 15 12 19 14 28 2 33 16 38 1 23 19 17 29 23 29 1 37 31 34 38 21 9 34 37 15 14 23 11 38 12 6 16 10 1 38 12 22 12 38 24 16 34 14 2 32 30 3 26 4 21 39 28 7 23 16 31 0 34 25 34 26 8 34 29 13 11 22 10 
10 22 11 13 29 33 33 9 23 17 34 38 17 26 34 28 7 27 16 16 9 36 8 4 24 10 26 13 8 39 26 36 14 26 6 23 16 16 15 13 9 17 37 33 11 23 20 27 23 5 30 28 0 33 35 32 31 9 18 31 31 8 23 38 32 28 10 8 33 24 13 28 17 20 19 24 34 33 33 39 20 25 36 12 7 17 21 28 39 31 39 28 21 17 7 12 36 25 20 39 33 33 34 24 19 20 17 28 13 24 33 8 10 28 32 38 23 8 31 31 18 9 31 32 35 33 0 28 30 5 23 27 20 23 11 33 37 17 9 13 15 16 16 23 6 26 14 36 26 39 8 13 26 10 24 4 8 36 9 16 16 27 7 28 34 26 17 38 34 17 23 9 33 33 29 13 11 22 10 
10 22 11 13 29 33 5 27 4 27 36 13 5 22 16 8 23 30 3 35 23 0 7 17 15 29 28 18 21 12 10 12 31 28 5 12 23 10 37 7 29 26 22 37 22 12 34 10 12 31 1 16 25 20 21 16 4 12 22 4 13 17 35 13 34 37 29 13 23 10 6 24 37 26 34 27 10 28 14 34 28 31 39 30 13 4 11 3 34 35 34 3 11 4 13 30 39 31 28 34 14 28 10 27 34 26 37 24 6 10 23 13 29 37 34 13 35 17 13 4 22 12 4 16 21 20 25 16 1 31 12 10 34 12 22 37 22 26 29 7 37 10 23 12 5 28 31 12 10 12 21 18 28 29 15 17 7 0 23 35 3 30 23 8 16 22 5 13 36 27 4 27 5 33 29 13 11 22 10 
10 22 11 13 29 31 35 39 36 18 26 37 10 29 25 26 13 36 7 26 9 8 10 7 26 24 14 31 3 20 5 28 6 9 36 5 6 1 14 8 29 38 16 10 1 14 37 9 11 33 13 24 31 1 20 2 20 16 29 5 24 11 16 28 12 25 28 15 21 5 12 32 16 20 15 36 27 26 15 1 38 7 17 31 39 21 34 1 21 33 21 1 34 21 39 31 17 7 38 1 15 26 27 36 15 20 16 32 12 5 21 15 28 25 12 28 16 11 24 5 29 16 20 2 20 1 31 24 13 33 11 9 37 14 1 10 16 38 29 8 14 1 6 5 36 9 6 28 5 20 3 31 14 24 26 7 10 8 9 26 7 36 13 26 25 29 10 37 26 18 36 39 35 31 29 13 11 22 10 
10 22 11 13 29 29 27 27 0 7 9 1 27 3 7 22 15 20 36 21 1 25 31 20 26 24 23 1 4 37 30 6 5 16 9 28 26 38 21 24 32 23 13 19 27 31 28 22 28 31 1 20 7 14 37 10 33 24 12 14 23 23 30 28 29 11 8 9 14 4 15 18 9 2 4 23 35 5 16 13 37 22 9 13 31 36 22 9 6 35 6 9 22 36 31 13 9 22 37 13 16 5 35 23 4 2 9 18 15 4 14 9 8 11 29 28 30 23 23 14 12 24 33 10 37 14 7 20 1 31 28 22 28 31 27 19 13 23 32 24 21 38 26 28 9 16 5 6 30 37 4 1 23 24 26 20 31 25 1 21 36 20 15 22 7 3 27 1 9 7 0 27 27 29 29 13 11 22 10 
10 22 11 13 29 26 10 10 13 4 18 21 17 2 2 33 10 14 17 6 0 3 3 33 9 22 24 7 24 17 30 10 4 5 6 31 14 12 22 28 5 33 31 10 20 19 32 32 28 19 9 39 23 7 25 3 31 18 28 27 19 9 29 7 8 36 2 3 24 36 32 15 26 5 29 5 30 24 8 8 29 21 10 20 22 30 36 22 39 35 39 22 36 30 22 20 10 21 29 8 8 24 30 5 29 5 26 15 32 36 24 3 2 36 8 7 29 9 19 27 28 18 31 3 25 7 23 39 9 19 28 32 32 19 20 10 31 33 5 28 22 12 14 31 6 5 4 10 30 17 24 7 24 22 9 33 3 3 0 6 17 14 10 33 2 2 17 21 18 4 13 10 10 26 29 13 11 22 10 
10 22 11 13 29 19 19 30 24 28 30 16 11 2 23 2 31 34 18 10 10 13 27 33 20 38 16 19 35 18 34 26 10 6 28 12 36 22 1 14 31 8 3 1 14 26 21 29 16 34 4 8 24 32 22 24 22 20 27 6 37 36 34 38 0 8 36 27 9 24 36 16 6 17 13 17 26 12 31 37 36 39 37 31 21 12 14 5 16 29 16 5 14 12 21 31 37 39 36 37 31 12 26 17 13 17 6 16 36 24 9 27 36 8 0 38 34 36 37 6 27 20 22 24 22 32 24 8 4 34 16 29 21 26 14 1 3 8 31 14 1 22 36 12 28 6 10 26 34 18 35 19 16 38 20 33 27 13 10 10 18 34 31 2 23 2 11 16 30 28 24 30 19 19 29 13 11 22 10 
10 22 11 13 29 6 21 25 30 16 24 11 14 15 9 3 34 4 11 16 19 13 0 3 22 10 14 8 33 20 14 34 30 30 5 10 26 12 17 11 38 21 36 28 2 13 31 3 32 24 4 9 39 19 6 0 24 29 22 21 7 27 39 7 3 11 21 29 8 0 30 0 2 18 23 28 28 14 20 29 33 25 33 10 20 30 26 13 22 2 22 13 26 30 20 10 33 25 33 29 20 14 28 28 23 18 2 0 30 0 8 29 21 11 3 7 39 27 7 21 22 29 24 0 6 19 39 9 4 24 32 3 31 13 2 28 36 21 38 11 17 12 26 10 5 30 30 34 14 20 33 8 14 10 22 3 0 13 19 16 11 4 34 3 9 15 14 11 24 16 30 25 21 6 29 13 11 22 10 
10 22 11 13 28 27 25 35 16 32 0 20 26 37 14 34 23 23 37 3 2 0 32 18 32 17 25 28 4 14 20 18 17 37 20 12 39 38 17 10 24 19 10 19 17 2 9 23 27 14 32 7 30 1 16 3 15 37 18 4 25 30 29 26 12 28 2 19 4 22 26 30 20 30 18 1 25 32 3 7 26 32 6 1 33 12 1 6 9 15 9 6 1 12 33 1 6 32 26 7 3 32 25 1 18 30 20 30 26 22 4 19 2 28 12 26 29 30 25 4 18 37 15 3 16 1 30 7 32 14 27 23 9 2 17 19 10 19 24 10 17 38 39 12 20 37 17 18 20 14 4 28 25 17 32 18 32 0 2 3 37 23 23 34 14 37 26 20 0 32 16 35 25 27 28 13 11 22 10 
10 22 11 13 27 29 13 36 5 3 30 35 9 9 37 2 16 14 17 0 8 1 3 5 0 33 14 36 12 4 33 35 24 4 3 21 8 24 2 27 8 34 13 23 20 17 7 28 11 20 19 34 23 26 25 35 32 2 25 12 22 37 5 15 22 31 0 24 0 10 24 33 15 25 32 39 1 10 26 38 31 18 4 22 22 13 24 20 22 10 22 20 24 13 22 22 4 18 31 38 26 10 1 39 32 25 15 33 24 10 0 24 0 31 22 15 5 37 22 12 25 2 32 35 25 26 23 34 19 20 11 28 7 17 20 23 13 34 8 27 2 24 8 21 3 4 24 35 33 4 12 36 14 33 0 5 3 1 8 0 17 14 16 2 37 9 9 35 30 3 5 36 13 29 27 13 11 22 10 
10 22 11 13 26 0 3 24 32 2 19 17 2 17 11 38 29 30 22 27 28 37 32 4 30 29 6 14 36 28 8 19 7 1 31 18 13 16 2 25 28 20 2 18 38 22 14 6 9 31 7 5 15 36 14 15 0 29 28 0 15 38 38 3 5 31 39 19 25 29 35 15 12 33 23 33 35 25 8 33 17 10 20 28 13 37 18 23 28 23 28 23 18 37 13 28 20 10 17 33 8 25 35 33 23 33 12 15 35 29 25 19 39 31 5 3 38 38 15 0 28 29 0 15 14 36 15 5 7 31 9 6 14 22 38 18 2 20 28 25 2 16 13 18 31 1 7 19 8 28 36 14 6 29 30 4 32 37 28 27 22 30 29 38 11 17 2 17 19 2 32 24 3 0 26 13 11 22 10 
10 22 11 13 23 21 28 0 12 21 22 18 36 38 33 4 4 36 12 26 13 33 19 17 9 11 22 6 14 25 14 16 24 23 14 28 26 34 32 35 0 32 33 4 11 23 21 25 7 6 10 4 11 24 16 13 4 31 39 21 24 4 28 15 21 21 36 28 14 21 9 18 31 31 4 15 14 5 3 7 7 17 38 9 21 9 12 39 39 33 39 39 12 9 21 9 38 17 7 7 3 5 14 15 4 31 31 18 9 21 14 28 36 21 21 15 28 4 24 21 39 31 4 13 16 24 11 4 10 6 7 25 21 23 11 4 33 32 0 35 32 34 26 28 14 23 24 16 14 25 14 6 22 11 9 17 19 33 13 26 12 36 4 4 33 38 36 18 22 21 12 0 28 21 23 13 11 22 10 
10 22 11 13 18 14 24 6 2 31 1 24 25 21 14 30 31 2 37 8 0 35 17 23 8 38 11 29 33 17 10 38 22 24 24 29 10 14 18 36 30 31 11 21 4 27 26 2 4 29 5 14 15 35 0 35 32 0 24 29 39 15 24 29 27 37 36 17 33 36 29 37 22 7 30 10 10 34 30 25 22 29 32 6 22 12 7 20 7 24 7 20 7 12 22 6 32 29 22 25 30 34 10 10 30 7 22 37 29 36 33 17 36 37 27 29 24 15 39 29 24 0 32 35 0 35 15 14 5 29 4 2 26 27 4 21 11 31 30 36 18 14 10 29 24 24 22 38 10 17 33 29 11 38 8 23 17 35 0 8 37 2 31 30 14 21 25 24 1 31 2 6 24 14 18 13 11 22 10 
10 22 11 13 7 38 13 37 23 24 16 38 29 8 1 29 18 0 10 13 11 10 36 2 28 8 9 30 0 32 22 20 9 26 26 15 24 2 36 8 19 32 34 10 37 2 10 7 3 13 30 19 36 17 3 38 33 12 29 26 10 25 19 28 32 17 39 10 29 24 0 16 6 21 20 6 37 39 3 8 15 14 32 9 4 30 0 23 9 8 9 23 0 30 4 9 32 14 15 8 3 39 37 6 20 21 6 16 0 24 29 10 39 17 32 28 19 25 10 26 29 12 33 38 3 17 36 19 30 13 3 7 10 2 37 10 34 32 19 8 36 2 24 15 26 26 9 20 22 32 0 30 9 8 28 2 36 10 11 13 10 0 18 29 1 8 29 38 16 24 23 37 13 38 7 13 11 22 10 
10 22 11 12 35 6 31 23 21 11 0 14 19 29 21 10 31 1 37 8 13 13 32 26 2 23 17 4 5 18 3 33 33 20 7 17 4 32 37 36 29 5 26 37 38 15 36 33 8 3 30 27 36 3 12 22 11 10 6 7 1 15 12 17 21 21 4 27 5 28 38 0 32 27 11 5 12 9 20 23 9 19 30 14 3 38 29 7 24 34 24 7 29 38 3 14 30 19 9 23 20 9 12 5 11 27 32 0 38 28 5 27 4 21 21 17 12 15 1 7 6 10 11 22 12 3 36 27 30 3 8 33 36 15 38 37 26 5 29 36 37 32 4 17 7 20 33 33 3 18 5 4 17 23 2 26 32 13 13 8 37 1 31 10 21 29 19 14 0 11 21 23 31 6 35 12 11 22 10 
10 22 11 12 4 28 27 8 16 9 3 21 19 18 20 21 0 15 18 33 9 21 20 32 36 17 19 32 3 32 0 27 3 31 10 7 8 30 19 5 18 10 13 0 34 7 15 29 0 39 3 18 29 7 20 28 31 30 25 38 28 31 16 25 5 29 2 37 19 12 15 3 5 1 15 3 0 32 27 13 0 9 10 12 2 22 19 31 38 26 38 31 19 22 2 12 10 9 0 13 27 32 0 3 15 1 5 3 15 12 19 37 2 29 5 25 16 31 28 38 25 30 31 28 20 7 29 18 3 39 0 29 15 7 34 0 13 10 18 5 19 30 8 7 10 31 3 27 0 32 3 32 19 17 36 32 20 21 9 33 18 15 0 21 20 18 19 21 3 9 16 8 27 28 4 12 11 22 10 
10 22 11 10 31 16 39 23 11 15 28 22 26 36 2 11 5 18 10 36 13 10 21 13 10 35 33 37 1 0 13 13 3 25 8 0 36 3 2 7 13 5 22 26 0 12 32 35 19 36 5 16 2 31 2 32 21 16 34 30 16 11 4 31 3 39 23 32 22 7 32 24 33 23 25 14 15 29 9 5 8 19 16 2 2 30 13 18 29 36 29 18 13 30 2 2 16 19 8 5 9 29 15 14 25 23 33 24 32 7 22 32 23 39 3 31 4 11 16 30 34 16 21 32 2 31 2 16 5 36 19 35 32 12 0 26 22 5 13 7 2 3 36 0 8 25 3 13 13 0 1 37 33 35 10 13 21 10 13 36 10 18 5 11 2 36 26 22 28 15 11 23 39 16 31 10 11 22 10 
10 22 11 9 0 30 20 0 31 34 18 31 23 31 2 12 14 23 10 34 18 13 9 13 11 0 13 28 8 2 19 10 0 1 9 23 9 26 22 26 23 26 14 12 20 12 14 3 9 2 24 23 21 5 24 5 0 26 39 20 21 36 33 2 28 25 11 38 12 21 20 15 0 11 5 39 9 13 9 33 37 10 39 1 29 11 34 5 1 3 1 5 34 11 29 1 39 10 37 33 9 13 9 39 5 11 0 15 20 21 12 38 11 25 28 2 33 36 21 20 39 26 0 5 24 5 21 23 24 2 9 3 14 12 20 12 14 26 23 26 22 26 9 23 9 1 0 10 19 2 8 28 13 0 11 13 9 13 18 34 10 23 14 12 2 31 23 31 18 34 31 0 20 30 0 9 11 22 10 
10 22 11 4 5 31 35 14 23 30 12 18 16 17 21 0 13 34 27 26 34 36 33 8 13 8 26 27 0 3 16 10 6 21 26 35 16 4 5 32 20 32 25 13 9 29 35 14 23 35 29 19 14 30 35 25 23 28 1 12 1 22 20 24 22 23 14 25 24 28 33 16 5 35 29 10 30 14 19 19 25 33 33 25 39 18 33 22 2 35 2 22 33 18 39 25 33 33 25 19 19 14 30 10 29 35 5 16 33 28 24 25 14 23 22 24 20 22 1 12 1 28 23 25 35 30 14 19 29 35 23 14 35 29 9 13 25 32 20 32 5 4 16 35 26 21 6 10 16 3 0 27 26 8 13 8 33 36 34 26 27 34 13 0 21 17 16 18 12 30 23 14 35 31 5 4 11 22 10 
10 22 10 36 19 3 2 33 34 28 29 21 16 31 28 28 27 21 20 27 10 10 18 37 10 37 12 22 17 37 11 18 17 36 7 3 16 21 30 6 13 31 7 5 11 22 24 16 31 36 39 21 15 32 39 6 32 17 12 34 4 9 7 30 14 30 0 25 16 11 18 36 12 33 26 23 10 13 12 4 25 26 12 5 33 25 37 1 1 4 1 1 37 25 33 5 12 26 25 4 12 13 10 23 26 33 12 36 18 11 16 25 0 30 14 30 7 9 4 34 12 17 32 6 39 32 15 21 39 36 31 16 24 22 11 5 7 31 13 6 30 21 16 3 7 36 17 18 11 37 17 22 12 37 10 37 18 10 10 27 20 21 27 28 28 31 16 21 29 28 34 33 2 3 19 36 10 22 10 
10 22 10 26 27 26 16 8 25 18 20 4 5 29 33 24 29 20 21 34 23 18 15 1 0 2 36 30 14 23 4 34 14 20 36 30 27 39 14 1 35 31 20 9 11 27 10 37 23 3 38 18 3 38 14 14 9 27 26 34 39 39 23 33 0 28 21 8 36 29 23 36 21 32 3 31 37 7 11 29 15 16 3 15 26 10 38 38 22 22 22 38 38 10 26 15 3 16 15 29 11 7 37 31 3 32 21 36 23 29 36 8 21 28 0 33 23 39 39 34 26 27 9 14 14 38 3 18 38 3 23 37 10 27 11 9 20 31 35 1 14 39 27 30 36 20 14 34 4 23 14 30 36 2 0 1 15 18 23 34 21 20 29 24 33 29 5 4 20 18 25 8 16 26 27 26 10 22 10 
10 22 10 4 5 32 4 6 7 36 14 2 17 32 9 6 8 29 27 13 14 5 0 31 18 31 4 29 16 23 34 31 10 15 13 23 7 28 36 12 3 23 36 37 5 8 5 27 33 14 28 13 38 38 27 39 12 8 16 35 37 27 12 19 8 8 26 20 24 17 31 11 13 0 14 0 32 22 30 12 14 11 14 32 7 33 39 3 19 31 19 3 39 33 7 32 14 11 14 12 30 22 32 0 14 0 13 11 31 17 24 20 26 8 8 19 12 27 37 35 16 8 12 39 27 38 38 13 28 14 33 27 5 8 5 37 36 23 3 12 36 28 7 23 13 15 10 31 34 23 16 29 4 31 18 31 0 5 14 13 27 29 8 6 9 32 17 2 14 36 7 6 4 32 5 4 10 22 10 
10 22 8 39 39 19 15 6 21 26 27 23 26 19 22 0 6 24 28 0 12 11 21 10 29 30 4 38 2 34 3 2 33 22 26 8 28 7 7 36 1 25 6 20 1 22 21 11 33 39 18 17 32 23 19 7 39 18 34 21 33 18 0 12 10 14 21 36 15 20 6 35 12 9 20 30 4 37 37 5 24 34 1 6 21 34 25 23 39 4 39 23 25 34 21 6 1 34 24 5 37 37 4 30 20 9 12 35 6 20 15 36 21 14 10 12 0 18 33 21 34 18 39 7 19 23 32 17 18 39 33 11 21 22 1 20 6 25 1 36 7 7 28 8 26 22 33 2 3 34 2 38 4 30 29 10 21 11 12 0 28 24 6 0 22 19 26 23 27 26 21 6 15 19 39 39 8 22 10 
10 22 7 31 21 29 11 38 25 2 9 32 1 27 14 22 9 33 28 21 2 2 20 21 1 14 33 11 37 14 9 23 2 7 25 16 34 23 7 11 35 29 2 39 12 35 7 27 39 20 1 14 17 0 15 31 10 9 21 7 17 22 12 5 32 35 7 1 34 38 27 0 15 39 2 39 2 34 10 31 14 37 28 2 21 7 10 14 36 2 36 14 10 7 21 2 28 37 14 31 10 34 2 39 2 39 15 0 27 38 34 1 7 35 32 5 12 22 17 7 21 9 10 31 15 0 17 14 1 20 39 27 7 35 12 39 2 29 35 11 7 23 34 16 25 7 2 23 9 14 37 11 33 14 1 21 20 2 2 21 28 33 9 22 14 27 1 32 9 2 25 38 11 29 21 31 7 22 10 
10 22 3 37 8 12 24 26 32 2 22 23 5 14 27 19 32 29 31 17 31 36 18 29 8 21 38 17 9 37 15 2 2 3 29 22 26 16 34 27 17 35 14 12 31 15 18 10 5 22 20 13 13 10 3 5 28 32 29 23 24 28 14 6 31 31 17 5 17 30 34 14 31 23 21 26 25 8 4 36 21 17 39 11 18 22 24 25 25 26 25 25 24 22 18 11 39 17 21 36 4 8 25 26 21 23 31 14 34 30 17 5 17 31 31 6 14 28 24 23 29 32 28 5 3 10 13 13 20 22 5 10 18 15 31 12 14 35 17 27 34 16 26 22 29 3 2 2 15 37 9 17 38 21 8 29 18 36 31 17 31 29 32 19 27 14 5 23 22 2 32 26 24 12 8 37 3 22 10 
10 21 37 19 33 18 39 21 34 7 28 24 6 5 1 26 17 5 16 16 23 26 19 19 29 25 36 2 9 26 14 11 17 27 10 5 17 31 32 17 5 35 24 26 0 21 12 4 3 7 30 24 1 24 2 18 25 8 8 0 32 11 26 21 2 13 25 0 34 23 36 17 5 10 19 6 22 31 36 39 1 3 3 4 4 4 4 4 4 4 4 4 4 4 4 4 3 3 1 39 36 31 22 6 19 10 5 17 36 23 34 0 25 13 2 21 26 11 32 0 8 8 25 18 2 24 1 24 30 7 3 4 12 21 0 26 24 35 5 17 32 31 17 5 10 27 17 11 14 26 9 2 36 25 29 19 19 26 23 16 16 5 17 26 1 5 6 24 28 7 34 21 39 18 33 19 37 21 10 
10 21 30 29 13 11 13 39 3 33 39 30 24 23 32 23 2 4 21 18 31 22 21 14 38 24 18 17 35 20 11 16 21 1 37 13 38 0 29 35 5 32 28 4 20 12 4 6 11 20 39 31 30 27 35 33 6 19 33 12 27 16 34 30 13 11 2 27 24 5 17 24 28 30 31 32 32 32 32 32 33 33 33 33 33 33 33 33 33 33 33 33 33 33 33 33 33 33 33 32 32 32 32 32 31 30 28 24 17 5 24 27 2 11 13 30 34 16 27 12 33 19 6 33 35 27 30 31 39 20 11 6 4 12 20 4 28 32 5 35 29 0 38 13 37 1 21 16 11 20 35 17 18 24 38 14 21 22 31 18 21 4 2 23 32 23 24 30 39 33 3 39 13 11 13 29 30 21 10 
10 21 14 34 31 17 33 14 29 37 36 39 28 22 9 27 14 20 29 12 18 28 3 0 16 1 22 19 30 0 24 30 18 9 26 36 34 34 20 23 36 17 14 28 31 6 4 29 14 32 8 7 22 5 34 20 24 34 13 4 8 17 4 20 29 34 37 39 0 2 2 2 2 2 2 2 2 2 2 2 2 2 2 2 2 2 2 2 2 2 2 2 2 2 2 2 2 2 2 2 2 2 2 2 2 2 2 2 2 2 0 39 37 34 29 20 4 17 8 4 13 34 24 20 34 5 22 7 8 32 14 29 4 6 31 28 14 17 36 23 20 34 34 36 26 9 18 30 24 0 30 19 22 1 16 0 3 28 18 12 29 20 14 27 9 22 28 39 36 37 29 14 33 17 31 34 14 21 10 
10 20 16 30 20 28 36 18 21 30 37 33 7 2 2 26 36 18 28 30 34 15 9 11 24 31 21 2 3 32 16 28 4 7 18 27 17 25 30 33 28 36 34 10 23 11 14 12 1 13 26 2 39 33 16 13 35 6 14 18 20 21 22 22 22 22 22 22 23 23 23 23 23 23 23 23 23 23 23 23 23 23 23 23 23 23 23 23 23 23 23 23 23 23 23 23 23 23 23 23 23 23 23 23 23 23 23 23 23 23 23 22 22 22 22 22 22 21 20 18 14 6 35 13 16 33 39 2 26 13 1 12 14 11 23 10 34 36 28 33 30 25 17 27 18 7 4 28 16 32 3 2 21 31 24 11 9 15 34 30 28 18 36 26 2 2 7 33 37 30 21 18 36 28 20 30 16 20 10 
10 19 26 19 16 2 37 11 14 21 29 3 34 32 25 21 7 25 34 23 31 11 16 21 23 2 12 32 5 16 30 24 13 0 36 4 23 34 39 14 12 31 3 7 33 4 35 1 9 37 12 22 26 29 31 32 32 33 33 33 33 33 33 33 33 33 33 33 33 33 33 33 33 33 33 33 33 33 33 33 33 33 33 33 33 33 33 33 33 33 33 33 33 33 33 33 33 33 33 33 33 33 33 33 33 33 33 33 33 33 33 33 33 33 33 33 33 33 33 33 33 33 32 32 31 29 26 22 12 37 9 1 35 4 33 7 3 31 12 14 39 34 23 4 36 0 13 24 30 16 5 32 12 2 23 21 16 11 31 23 34 25 7 21 25 32 34 3 29 21 14 11 37 2 16 19 26 19 10 
10 17 25 12 29 11 3 28 11 18 14 39 21 26 38 6 6 8 33 14 0 23 8 23 37 6 0 24 36 35 25 30 10 27 39 27 9 26 21 9 3 29 25 6 18 25 28 31 32 32 33 33 33 33 33 33 33 33 33 33 33 33 33 33 33 33 33 33 33 33 33 33 33 33 33 33 33 33 33 33 33 33 33 33 33 33 33 33 33 33 33 33 33 33 33 33 33 33 33 33 33 33 33 33 33 33 33 33 33 33 33 33 33 33 33 33 33 33 33 33 33 33 33 33 33 33 33 33 33 32 32 31 28 25 18 6 25 29 3 9 21 26 9 27 39 27 10 30 25 35 36 24 0 6 37 23 8 23 0 14 33 8 6 6 38 26 21 39 14 18 11 28 3 11 29 12 25 17 10 
10 12 0 26 34 5 8 3 37 36 33 13 39 24 11 15 4 16 2 35 20 39 27 31 13 24 28 3 13 25 21 19 10 27 35 5 33 8 18 23 26 27 28 29 29 29 29 29 29 29 29 29 29 29 29 29 29 29 29 29 29 29 29 29 29 29 29 29 29 29 29 29 29 29 29 29 29 29 29 29 29 29 29 29 29 29 29 29 29 29 29 29 29 29 29 29 29 29 29 29 29 29 29 29 29 29 29 29 29 29 29 29 29 29 29 29 29 29 29 29 29 29 29 29 29 29 29 29 29 29 29 29 29 29 29 29 28 27 26 23 18 8 33 5 35 27 10 19 21 25 13 3 28 24 13 31 27 39 20 35 2 16 4 15 11 24 39 13 33 36 37 3 8 5 34 26 0 12 10 
10 7 21 34 17 32 5 11 2 28 17 11 18 12 29 19 32 26 3 31 30 16 28 6 38 14 21 0 29 27 6 19 26 29 31 33 33 34 34 34 34 34 34 34 34 34 34 34 34 34 34 34 34 34 34 34 34 34 34 34 34 34 34 34 34 34 34 34 34 34 34 34 34 34 34 34 34 34 34 34 34 34 34 34 34 34 34 34 34 34 34 34 34 34 34 34 34 34 34 34 34 34 34 34 34 34 34 34 34 34 34 34 34 34 34 34 34 34 34 34 34 34 34 34 34 34 34 34 34 34 34 34 34 34 34 34 34 34 34 34 34 34 33 33 31 29 26 19 6 27 29 0 21 14 38 6 28 16 30 31 3 26 32 19 29 12 18 11 17 28 2 11 5 32 17 34 21 7 10 
9 37 18 1 6 17 34 29 16 20 31 13 33 8 21 39 5 27 19 5 0 31 4 35 7 18 23 26 27 28 29 29 29 29 29 29 29 29 29 29 29 29 29 29 29 29 29 29 29 29 29 29 29 29 29 29 29 29 29 29 29 29 29 29 29 29 29 29 29 29 29 29 29 29 29 29 29 29 29 29 29 29 29 29 29 29 29 29 29 29 29 29 29 29 29 29 29 29 29 29 29 29 29 29 29 29 29 29 29 29 29 29 29 29 29 29 29 29 29 29 29 29 29 29 29 29 29 29 29 29 29 29 29 29 29 29 29 29 29 29 29 29 29 29 29 29 29 29 29 28 27 26 23 18 7 35 4 31 0 5 19 27 5 39 21 8 33 13 31 20 16 29 34 17 6 1 18 37 9 
9 2 0 38 1 34 26 12 19 30 34 29 19 37 31 39 4 26 36 4 9 10 12 12 13 13 13 13 13 13 13 13 13 13 13 13 13 13 13 13 13 13 13 13 13 13 13 13 13 13 13 13 13 13 13 13 13 13 13 13 13 13 13 13 13 13 13 13 13 13 13 13 13 13 13 13 13 13 13 13 13 13 13 13 13 13 13 13 13 13 13 13 13 13 13 13 13 13 13 13 13 13 13 13 13 13 13 13 13 13 13 13 13 13 13 13 13 13 13 13 13 13 13 13 13 13 13 13 13 13 13 13 13 13 13 13 13 13 13 13 13 13 13 13 13 13 13 13 13 13 13 13 13 13 13 12 12 10 9 4 36 26 4 39 31 37 19 29 34 30 19 12 26 34 1 38 0 2 9 
8 25 30 0 18 21 0 25 26 16 14 30 37 3 7 8 10 10 10 11 11 11 11 11 11 11 11 11 11 11 11 11 11 11 11 11 11 11 11 11 11 11 11 11 11 11 11 11 11 11 11 11 11 11 11 11 11 11 11 11 11 11 11 11 11 11 11 11 11 11 11 11 11 11 11 11 11 11 11 11 11 11 11 11 11 11 11 11 11 11 11 11 11 11 11 11 11 11 11 11 11 11 11 11 11 11 11 11 11 11 11 11 11 11 11 11 11 11 11 11 11 11 11 11 11 11 11 11 11 11 11 11 11 11 11 11 11 11 11 11 11 11 11 11 11 11 11 11 11 11 11 11 11 11 11 11 11 11 11 11 10 10 10 8 7 3 37 30 14 16 26 25 0 21 18 0 30 25 8 
7 12 25 2 37 7 12 17 19 20 21 21 21 22 22 22 22 22 22 22 22 22 22 22 22 22 22 22 22 22 22 22 22 22 22 22 22 22 22 22 22 22 22 22 22 22 22 22 22 22 22 22 22 22 22 22 22 22 22 22 22 22 22 22 22 22 22 22 22 22 22 22 22 22 22 22 22 22 22 22 22 22 22 22 22 22 22 22 22 22 22 22 22 22 22 22 22 22 22 22 22 22 22 22 22 22 22 22 22 22 22 22 22 22 22 22 22 22 22 22 22 22 22 22 22 22 22 22 22 22 22 22 22 22 22 22 22 22 22 22 22 22 22 22 22 22 22 22 22 22 22 22 22 22 22 22 22 22 22 22 22 22 22 22 22 22 21 21 21 20 19 17 12 7 37 2 25 12 7 
2 7 8 9 9 10 10 10 10 10 10 10 10 10 10 10 10 10 10 10 10 10 10 10 10 10 10 10 10 10 10 10 10 10 10 10 10 10 10 10 10 10 10 10 10 10 10 10 10 10 10 10 10 10 10 10 10 10 10 10 10 10 10 10 10 10 10 10 10 10 10 10 10 10 10 10 10 10 10 10 10 10 10 10 10 10 10 10 10 10 10 10 10 10 10 10 10 10 10 10 10 10 10 10 10 10 10 10 10 10 10 10 10 10 10 10 10 10 10 10 10 10 10 10 10 10 10 10 10 10 10 10 10 10 10 10 10 10 10 10 10 10 10 10 10 10 10 10 10 10 10 10 10 10 10 10 10 10 10 10 10 10 10 10 10 10 10 10 10 10 10 10 10 10 9 9 8 7 2 
