-1 -1 -1 -1 -1 -1 -1 -1 -1 -1 -1 -1 -1 -1 -1 -1 -1 -1 -1 -1 -1 -1 -1 -1 -1 -1 -1 -1 -1 -1 -1 -1 -1 -1 -1 -1 -1 -1 -1 -1 -1 -1 -1 -1 -1 -1 -1 -1 -1 -1 -1 -1 -1 -1 7 0 7 0 7 -1 -1 -1 -1 -1 -1 -1 -1 -1 -1 -1 -1 -1 -1 -1 -1 -1 -1 -1 -1 -1 -1 -1 -1 -1 -1 -1 -1 -1 -1 -1 -1 -1 -1 -1 -1 -1 -1 -1 -1 -1 -1 -1 -1 -1 -1 -1 -1 -1 -1 -1 -1 -1 -1 
-1 -1 -1 -1 -1 -1 -1 -1 -1 -1 -1 -1 -1 -1 -1 -1 -1 -1 -1 -1 -1 -1 -1 -1 -1 -1 -1 -1 -1 -1 -1 -1 -1 -1 -1 -1 -1 -1 -1 -1 -1 -1 -1 -1 -1 -1 -1 -1 -1 -1 0 -1 0 15 38 1 73 1 38 15 0 -1 0 -1 -1 -1 -1 -1 -1 -1 -1 -1 -1 -1 -1 -1 -1 -1 -1 -1 -1 -1 -1 -1 -1 -1 -1 -1 -1 -1 -1 -1 -1 -1 -1 -1 -1 -1 -1 -1 -1 -1 -1 -1 -1 -1 -1 -1 -1 -1 -1 -1 -1 
-1 -1 -1 -1 -1 -1 -1 -1 -1 -1 -1 -1 -1 -1 -1 -1 -1 -1 -1 -1 -1 -1 -1 -1 -1 -1 -1 -1 -1 -1 -1 -1 -1 -1 -1 -1 -1 -1 -1 -1 -1 -1 -1 -1 -1 -1 -1 -1 -1 1 8 4 33 31 37 37 11 37 37 31 33 4 8 1 -1 -1 -1 -1 -1 -1 -1 -1 -1 -1 -1 -1 -1 -1 -1 -1 -1 -1 -1 -1 -1 -1 -1 -1 -1 -1 -1 -1 -1 -1 -1 -1 -1 -1 -1 -1 -1 -1 -1 -1 -1 -1 -1 -1 -1 -1 -1 -1 -1 
-1 -1 -1 -1 -1 -1 -1 -1 -1 -1 -1 -1 -1 -1 -1 -1 -1 -1 -1 -1 -1 -1 -1 -1 -1 -1 -1 -1 -1 -1 -1 -1 -1 -1 -1 -1 -1 -1 -1 -1 -1 -1 -1 -1 -1 -1 -1 0 46 57 63 1 62 34 2 2 62 2 2 34 62 1 63 57 46 0 -1 -1 -1 -1 -1 -1 -1 -1 -1 -1 -1 -1 -1 -1 -1 -1 -1 -1 -1 -1 -1 -1 -1 -1 -1 -1 -1 -1 -1 -1 -1 -1 -1 -1 -1 -1 -1 -1 -1 -1 -1 -1 -1 -1 -1 -1 -1 
-1 -1 -1 -1 -1 -1 -1 -1 -1 -1 -1 -1 -1 -1 -1 -1 -1 -1 -1 -1 -1 -1 -1 -1 -1 -1 -1 -1 -1 -1 -1 -1 -1 -1 -1 -1 -1 -1 -1 -1 -1 -1 -1 -1 -1 0 22 68 12 69 29 13 3 4 3 30 36 30 3 4 3 13 29 69 12 68 22 0 -1 -1 -1 -1 -1 -1 -1 -1 -1 -1 -1 -1 -1 -1 -1 -1 -1 -1 -1 -1 -1 -1 -1 -1 -1 -1 -1 -1 -1 -1 -1 -1 -1 -1 -1 -1 -1 -1 -1 -1 -1 -1 -1 -1 -1 
-1 -1 -1 -1 -1 -1 -1 -1 -1 -1 -1 -1 -1 -1 -1 -1 -1 -1 -1 -1 -1 -1 -1 -1 -1 -1 -1 -1 -1 -1 -1 -1 -1 -1 -1 -1 -1 -1 -1 -1 -1 -1 -1 0 9 54 72 25 27 23 9 23 22 64 46 20 66 20 46 64 22 23 9 23 27 25 72 54 9 0 -1 -1 -1 -1 -1 -1 -1 -1 -1 -1 -1 -1 -1 -1 -1 -1 -1 -1 -1 -1 -1 -1 -1 -1 -1 -1 -1 -1 -1 -1 -1 -1 -1 -1 -1 -1 -1 -1 -1 -1 -1 -1 -1 
-1 -1 -1 -1 -1 -1 -1 -1 -1 -1 -1 -1 -1 -1 -1 -1 -1 -1 -1 -1 -1 -1 -1 -1 -1 -1 -1 -1 -1 -1 -1 -1 -1 -1 -1 -1 -1 -1 -1 -1 -1 -1 20 14 67 74 61 1 7 9 13 9 30 2 74 61 8 61 74 2 30 9 13 9 7 1 61 74 67 14 20 -1 -1 -1 -1 -1 -1 -1 -1 -1 -1 -1 -1 -1 -1 -1 -1 -1 -1 -1 -1 -1 -1 -1 -1 -1 -1 -1 -1 -1 -1 -1 -1 -1 -1 -1 -1 -1 -1 -1 -1 -1 -1 
-1 -1 -1 -1 -1 -1 -1 -1 -1 -1 -1 -1 -1 -1 -1 -1 -1 -1 -1 -1 -1 -1 -1 -1 -1 -1 -1 -1 -1 -1 -1 -1 -1 -1 -1 -1 -1 -1 -1 -1 -1 78 30 65 41 19 20 13 11 78 46 62 31 2 32 48 68 48 32 2 31 62 46 78 11 13 20 19 41 65 30 78 -1 -1 -1 -1 -1 -1 -1 -1 -1 -1 -1 -1 -1 -1 -1 -1 -1 -1 -1 -1 -1 -1 -1 -1 -1 -1 -1 -1 -1 -1 -1 -1 -1 -1 -1 -1 -1 -1 -1 -1 -1 
-1 -1 -1 -1 -1 -1 -1 -1 -1 -1 -1 -1 -1 -1 -1 -1 -1 -1 -1 -1 -1 -1 -1 -1 -1 -1 -1 -1 -1 -1 -1 -1 -1 -1 -1 -1 -1 -1 -1 2 79 27 77 61 36 76 58 62 20 37 42 1 7 3 5 30 20 30 5 3 7 1 42 37 20 62 58 76 36 61 77 27 79 2 -1 -1 -1 -1 -1 -1 -1 -1 -1 -1 -1 -1 -1 -1 -1 -1 -1 -1 -1 -1 -1 -1 -1 -1 -1 -1 -1 -1 -1 -1 -1 -1 -1 -1 -1 -1 -1 -1 -1 
-1 -1 -1 -1 -1 -1 -1 -1 -1 -1 -1 -1 -1 -1 -1 -1 -1 -1 -1 -1 -1 -1 -1 -1 -1 -1 -1 -1 -1 -1 -1 -1 -1 -1 -1 -1 -1 0 10 73 33 51 4 65 79 29 10 39 7 67 32 75 49 8 29 6 36 6 29 8 49 75 32 67 7 39 10 29 79 65 4 51 33 73 10 0 -1 -1 -1 -1 -1 -1 -1 -1 -1 -1 -1 -1 -1 -1 -1 -1 -1 -1 -1 -1 -1 -1 -1 -1 -1 -1 -1 -1 -1 -1 -1 -1 -1 -1 -1 -1 -1 
-1 -1 -1 -1 -1 -1 -1 -1 -1 -1 -1 -1 -1 -1 -1 -1 -1 -1 -1 -1 -1 -1 -1 -1 -1 -1 -1 -1 -1 -1 -1 -1 -1 -1 -1 -1 1 13 20 9 22 41 35 39 67 25 67 47 63 3 49 73 77 25 68 63 72 63 68 25 77 73 49 3 63 47 67 25 67 39 35 41 22 9 20 13 1 -1 -1 -1 -1 -1 -1 -1 -1 -1 -1 -1 -1 -1 -1 -1 -1 -1 -1 -1 -1 -1 -1 -1 -1 -1 -1 -1 -1 -1 -1 -1 -1 -1 -1 -1 -1 
-1 -1 -1 -1 -1 -1 -1 -1 -1 -1 -1 -1 -1 -1 -1 -1 -1 -1 -1 -1 -1 -1 -1 -1 -1 -1 -1 -1 -1 -1 -1 -1 -1 -1 -1 5 57 78 66 9 79 17 52 60 2 69 6 17 46 74 59 76 78 51 55 23 45 23 55 51 78 76 59 74 46 17 6 69 2 60 52 17 79 9 66 78 57 5 -1 -1 -1 -1 -1 -1 -1 -1 -1 -1 -1 -1 -1 -1 -1 -1 -1 -1 -1 -1 -1 -1 -1 -1 -1 -1 -1 -1 -1 -1 -1 -1 -1 -1 -1 
-1 -1 -1 -1 -1 -1 -1 -1 -1 -1 -1 -1 -1 -1 -1 -1 -1 -1 -1 -1 -1 -1 -1 -1 -1 -1 -1 -1 -1 -1 -1 -1 -1 -1 12 71 50 22 11 17 74 36 8 17 8 72 66 63 51 13 44 44 30 43 62 74 17 74 62 43 30 44 44 13 51 63 66 72 8 17 8 36 74 17 11 22 50 71 12 -1 -1 -1 -1 -1 -1 -1 -1 -1 -1 -1 -1 -1 -1 -1 -1 -1 -1 -1 -1 -1 -1 -1 -1 -1 -1 -1 -1 -1 -1 -1 -1 -1 -1 
-1 -1 -1 -1 -1 -1 -1 -1 -1 -1 -1 -1 -1 -1 -1 -1 -1 -1 -1 -1 -1 -1 -1 -1 -1 -1 -1 -1 -1 -1 -1 -1 -1 19 21 14 10 21 77 9 62 71 9 78 56 64 63 39 52 13 17 77 70 43 77 13 65 13 77 43 70 77 17 13 52 39 63 64 56 78 9 71 62 9 77 21 10 14 21 19 -1 -1 -1 -1 -1 -1 -1 -1 -1 -1 -1 -1 -1 -1 -1 -1 -1 -1 -1 -1 -1 -1 -1 -1 -1 -1 -1 -1 -1 -1 -1 -1 -1 
-1 -1 -1 -1 -1 -1 -1 -1 -1 -1 -1 -1 -1 -1 -1 -1 -1 -1 -1 -1 -1 -1 -1 -1 -1 -1 -1 -1 -1 -1 -1 1 36 0 70 5 25 60 7 78 10 13 76 43 67 14 55 28 57 59 67 53 13 20 63 3 62 3 63 20 13 53 67 59 57 28 55 14 67 43 76 13 10 78 7 60 25 5 70 0 36 1 -1 -1 -1 -1 -1 -1 -1 -1 -1 -1 -1 -1 -1 -1 -1 -1 -1 -1 -1 -1 -1 -1 -1 -1 -1 -1 -1 -1 -1 -1 -1 
-1 -1 -1 -1 -1 -1 -1 -1 -1 -1 -1 -1 -1 -1 -1 -1 -1 -1 -1 -1 -1 -1 -1 -1 -1 -1 -1 -1 -1 -1 5 34 72 71 22 63 69 8 20 76 9 43 58 78 15 1 3 62 59 38 15 33 76 73 42 4 51 4 42 73 76 33 15 38 59 62 3 1 15 78 58 43 9 76 20 8 69 63 22 71 72 34 5 -1 -1 -1 -1 -1 -1 -1 -1 -1 -1 -1 -1 -1 -1 -1 -1 -1 -1 -1 -1 -1 -1 -1 -1 -1 -1 -1 -1 -1 -1 
-1 -1 -1 -1 -1 -1 -1 -1 -1 -1 -1 -1 -1 -1 -1 -1 -1 -1 -1 -1 -1 -1 -1 -1 -1 -1 -1 -1 -1 24 48 4 67 23 64 59 20 8 74 48 40 12 57 50 56 12 12 6 73 4 5 35 4 32 55 36 15 36 55 32 4 35 5 4 73 6 12 12 56 50 57 12 40 48 74 8 20 59 64 23 67 4 48 24 -1 -1 -1 -1 -1 -1 -1 -1 -1 -1 -1 -1 -1 -1 -1 -1 -1 -1 -1 -1 -1 -1 -1 -1 -1 -1 -1 -1 -1 
-1 -1 -1 -1 -1 -1 -1 -1 -1 -1 -1 -1 -1 -1 -1 -1 -1 -1 -1 -1 -1 -1 -1 -1 -1 -1 -1 0 48 64 45 13 33 48 77 42 66 24 25 57 74 51 54 41 50 79 35 56 4 32 18 79 20 78 19 25 61 25 19 78 20 79 18 32 4 56 35 79 50 41 54 51 74 57 25 24 66 42 77 48 33 13 45 64 48 0 -1 -1 -1 -1 -1 -1 -1 -1 -1 -1 -1 -1 -1 -1 -1 -1 -1 -1 -1 -1 -1 -1 -1 -1 -1 -1 -1 
-1 -1 -1 -1 -1 -1 -1 -1 -1 -1 -1 -1 -1 -1 -1 -1 -1 -1 -1 -1 -1 -1 -1 -1 -1 -1 2 22 35 29 67 72 79 19 63 66 77 4 64 41 6 15 13 43 42 22 17 55 63 5 63 53 3 63 71 33 0 33 71 63 3 53 63 5 63 55 17 22 42 43 13 15 6 41 64 4 77 66 63 19 79 72 67 29 35 22 2 -1 -1 -1 -1 -1 -1 -1 -1 -1 -1 -1 -1 -1 -1 -1 -1 -1 -1 -1 -1 -1 -1 -1 -1 -1 -1 
-1 -1 -1 -1 -1 -1 -1 -1 -1 -1 -1 -1 -1 -1 -1 -1 -1 -1 -1 -1 -1 -1 -1 -1 -1 7 43 36 45 42 38 49 12 6 76 70 78 13 33 31 34 33 29 57 19 24 47 42 48 28 79 19 71 57 2 65 60 65 2 57 71 19 79 28 48 42 47 24 19 57 29 33 34 31 33 13 78 70 76 6 12 49 38 42 45 36 43 7 -1 -1 -1 -1 -1 -1 -1 -1 -1 -1 -1 -1 -1 -1 -1 -1 -1 -1 -1 -1 -1 -1 -1 -1 -1 
-1 -1 -1 -1 -1 -1 -1 -1 -1 -1 -1 -1 -1 -1 -1 -1 -1 -1 -1 -1 -1 -1 -1 -1 11 57 60 20 73 44 17 79 74 21 0 12 42 69 29 29 33 0 9 70 76 25 4 79 39 47 73 23 70 35 27 40 59 40 27 35 70 23 73 47 39 79 4 25 76 70 9 0 33 29 29 69 42 12 0 21 74 79 17 44 73 20 60 57 11 -1 -1 -1 -1 -1 -1 -1 -1 -1 -1 -1 -1 -1 -1 -1 -1 -1 -1 -1 -1 -1 -1 -1 -1 
-1 -1 -1 -1 -1 -1 -1 -1 -1 -1 -1 -1 -1 -1 -1 -1 -1 -1 -1 -1 -1 -1 -1 19 20 17 53 56 39 36 5 36 50 18 3 48 48 65 56 48 56 75 39 52 40 56 42 5 21 37 25 38 15 50 33 38 70 38 33 50 15 38 25 37 21 5 42 56 40 52 39 75 56 48 56 65 48 48 3 18 50 36 5 36 39 56 53 17 20 19 -1 -1 -1 -1 -1 -1 -1 -1 -1 -1 -1 -1 -1 -1 -1 -1 -1 -1 -1 -1 -1 -1 -1 
-1 -1 -1 -1 -1 -1 -1 -1 -1 -1 -1 -1 -1 -1 -1 -1 -1 -1 -1 -1 -1 -1 18 53 5 52 51 35 47 77 51 22 0 31 23 1 44 37 33 58 64 77 14 77 28 77 38 68 3 70 55 28 36 70 14 4 79 4 14 70 36 28 55 70 3 68 38 77 28 77 14 77 64 58 33 37 44 1 23 31 0 22 51 77 47 35 51 52 5 53 18 -1 -1 -1 -1 -1 -1 -1 -1 -1 -1 -1 -1 -1 -1 -1 -1 -1 -1 -1 -1 -1 -1 
-1 -1 -1 -1 -1 -1 -1 -1 -1 -1 -1 -1 -1 -1 -1 -1 -1 -1 -1 -1 -1 19 53 4 63 14 61 15 65 45 48 33 64 9 59 14 48 5 19 78 48 5 24 21 4 37 14 76 36 50 40 75 44 77 15 76 75 76 15 77 44 75 40 50 36 76 14 37 4 21 24 5 48 78 19 5 48 14 59 9 64 33 48 45 65 15 61 14 63 4 53 19 -1 -1 -1 -1 -1 -1 -1 -1 -1 -1 -1 -1 -1 -1 -1 -1 -1 -1 -1 -1 -1 
-1 -1 -1 -1 -1 -1 -1 -1 -1 -1 -1 -1 -1 -1 -1 -1 -1 -1 -1 -1 11 20 5 63 64 51 48 77 68 5 76 78 15 0 47 28 8 11 73 51 46 58 77 6 79 61 6 5 57 78 32 47 39 41 27 1 30 1 27 41 39 47 32 78 57 5 6 61 79 6 77 58 46 51 73 11 8 28 47 0 15 78 76 5 68 77 48 51 64 63 5 20 11 -1 -1 -1 -1 -1 -1 -1 -1 -1 -1 -1 -1 -1 -1 -1 -1 -1 -1 -1 -1 
-1 -1 -1 -1 -1 -1 -1 -1 -1 -1 -1 -1 -1 -1 -1 -1 -1 -1 -1 7 57 17 52 14 51 14 2 74 0 70 71 8 73 48 13 16 24 5 21 42 63 20 23 68 74 0 37 28 30 39 30 61 10 21 46 73 4 73 46 21 10 61 30 39 30 28 37 0 74 68 23 20 63 42 21 5 24 16 13 48 73 8 71 70 0 74 2 14 51 14 52 17 57 7 -1 -1 -1 -1 -1 -1 -1 -1 -1 -1 -1 -1 -1 -1 -1 -1 -1 -1 -1 
-1 -1 -1 -1 -1 -1 -1 -1 -1 -1 -1 -1 -1 -1 -1 -1 -1 -1 2 43 60 53 51 61 48 2 48 6 42 44 6 41 71 59 71 78 46 68 29 62 70 64 7 62 22 8 9 11 52 16 37 63 60 13 32 41 21 41 32 13 60 63 37 16 52 11 9 8 22 62 7 64 70 62 29 68 46 78 71 59 71 41 6 44 42 6 48 2 48 61 51 53 60 43 2 -1 -1 -1 -1 -1 -1 -1 -1 -1 -1 -1 -1 -1 -1 -1 -1 -1 -1 
-1 -1 -1 -1 -1 -1 -1 -1 -1 -1 -1 -1 -1 -1 -1 -1 -1 0 22 36 20 56 35 15 77 74 6 32 45 40 44 15 75 31 0 54 37 77 55 33 40 59 36 63 68 1 41 31 72 30 57 19 57 47 58 66 30 66 58 47 57 19 57 30 72 31 41 1 68 63 36 59 40 33 55 77 37 54 0 31 75 15 44 40 45 32 6 74 77 15 35 56 20 36 22 0 -1 -1 -1 -1 -1 -1 -1 -1 -1 -1 -1 -1 -1 -1 -1 -1 -1 
-1 -1 -1 -1 -1 -1 -1 -1 -1 -1 -1 -1 -1 -1 -1 -1 -1 48 35 45 73 39 47 65 68 0 42 45 16 27 31 41 20 78 5 19 61 19 28 20 4 13 54 72 25 15 33 20 71 38 9 47 0 69 10 69 10 69 10 69 0 47 9 38 71 20 33 15 25 72 54 13 4 20 28 19 61 19 5 78 20 41 31 27 16 45 42 0 68 65 47 39 73 45 35 48 -1 -1 -1 -1 -1 -1 -1 -1 -1 -1 -1 -1 -1 -1 -1 -1 -1 
-1 -1 -1 -1 -1 -1 -1 -1 -1 -1 -1 -1 -1 -1 -1 -1 24 64 29 42 44 36 77 45 5 70 44 40 27 52 38 11 4 71 12 1 59 36 75 72 8 7 64 38 70 37 58 40 26 21 27 64 18 6 47 11 30 11 47 6 18 64 27 21 26 40 58 37 70 38 64 7 8 72 75 36 59 1 12 71 4 11 38 52 27 40 44 70 5 45 77 36 44 42 29 64 24 -1 -1 -1 -1 -1 -1 -1 -1 -1 -1 -1 -1 -1 -1 -1 -1 
-1 -1 -1 -1 -1 -1 -1 -1 -1 -1 -1 -1 -1 -1 -1 5 48 45 67 38 17 5 51 48 76 71 6 44 31 38 0 64 33 1 61 38 44 49 6 55 6 61 22 2 32 76 35 5 10 40 66 7 52 27 69 27 72 27 69 27 52 7 66 40 10 5 35 76 32 2 22 61 6 55 6 49 44 38 61 1 33 64 0 38 31 44 6 71 76 48 51 5 17 38 67 45 48 5 -1 -1 -1 -1 -1 -1 -1 -1 -1 -1 -1 -1 -1 -1 -1 
-1 -1 -1 -1 -1 -1 -1 -1 -1 -1 -1 -1 -1 -1 1 34 4 13 72 49 79 36 22 33 78 8 41 15 41 11 64 22 8 47 52 26 70 39 12 42 42 68 33 61 29 69 8 11 72 16 15 51 53 17 70 41 29 41 70 17 53 51 15 16 72 11 8 69 29 61 33 68 42 42 12 39 70 26 52 47 8 22 64 11 41 15 41 8 78 33 22 36 79 49 72 13 4 34 1 -1 -1 -1 -1 -1 -1 -1 -1 -1 -1 -1 -1 -1 -1 
-1 -1 -1 -1 -1 -1 -1 -1 -1 -1 -1 -1 -1 -1 36 72 67 33 79 12 74 50 0 64 15 73 71 75 20 4 33 8 64 19 35 72 79 24 69 69 43 53 1 61 67 38 18 78 6 7 40 44 21 30 24 73 55 73 24 30 21 44 40 7 6 78 18 38 67 61 1 53 43 69 69 24 79 72 35 19 64 8 33 4 20 75 71 73 15 64 0 50 74 12 79 33 67 72 36 -1 -1 -1 -1 -1 -1 -1 -1 -1 -1 -1 -1 -1 -1 
-1 -1 -1 -1 -1 -1 -1 -1 -1 -1 -1 -1 -1 19 0 71 23 48 19 6 21 18 31 9 0 48 59 31 78 71 1 47 19 24 14 52 9 31 2 1 40 73 74 73 1 64 52 59 41 77 34 53 61 51 16 45 71 45 16 51 61 53 34 77 41 59 52 64 1 73 74 73 40 1 2 31 9 52 14 24 19 47 1 71 78 31 59 48 0 9 31 18 21 6 19 48 23 71 0 19 -1 -1 -1 -1 -1 -1 -1 -1 -1 -1 -1 -1 -1 
-1 -1 -1 -1 -1 -1 -1 -1 -1 -1 -1 -1 12 21 70 22 64 77 63 76 0 3 23 59 47 13 71 0 5 12 61 52 35 14 46 15 14 4 27 12 24 67 66 49 16 46 42 78 47 41 23 31 57 35 66 43 36 43 66 35 57 31 23 41 47 78 42 46 16 49 66 67 24 12 27 4 14 15 46 14 35 52 61 12 5 0 71 13 47 59 23 3 0 76 63 77 64 22 70 21 12 -1 -1 -1 -1 -1 -1 -1 -1 -1 -1 -1 -1 
-1 -1 -1 -1 -1 -1 -1 -1 -1 -1 -1 5 71 14 5 63 59 42 66 70 12 48 1 14 28 16 78 54 19 1 38 26 72 52 15 76 2 4 67 76 11 9 46 39 68 47 38 29 46 2 18 16 37 59 39 47 8 47 39 59 37 16 18 2 46 29 38 47 68 39 46 9 11 76 67 4 2 76 15 52 72 26 38 1 19 54 78 16 28 14 1 48 12 70 66 42 59 63 5 14 71 5 -1 -1 -1 -1 -1 -1 -1 -1 -1 -1 -1 
-1 -1 -1 -1 -1 -1 -1 -1 -1 -1 1 57 50 10 25 69 20 66 77 78 42 48 44 48 8 24 46 37 61 59 44 70 79 9 14 2 60 10 68 61 15 70 39 2 32 23 32 5 15 52 22 1 51 13 8 60 56 60 8 13 51 1 22 52 15 5 32 23 32 2 39 70 15 61 68 10 60 2 14 9 79 70 44 59 61 37 46 24 8 48 44 48 42 78 77 66 20 69 25 10 50 57 1 -1 -1 -1 -1 -1 -1 -1 -1 -1 -1 
-1 -1 -1 -1 -1 -1 -1 -1 -1 0 13 78 22 21 60 8 8 24 4 13 69 65 37 5 11 5 68 77 19 36 49 39 24 31 4 4 10 42 34 28 12 70 3 39 78 72 17 58 36 67 68 13 4 69 42 15 50 15 42 69 4 13 68 67 36 58 17 72 78 39 3 70 12 28 34 42 10 4 4 31 24 39 49 36 19 77 68 5 11 5 37 65 69 13 4 24 8 8 60 21 22 78 13 0 -1 -1 -1 -1 -1 -1 -1 -1 -1 
-1 -1 -1 -1 -1 -1 -1 -1 -1 10 20 66 11 77 7 20 74 25 64 33 29 56 33 19 73 21 29 55 28 75 6 12 69 2 27 67 68 34 72 71 61 0 47 12 67 32 68 5 31 39 72 41 7 67 13 17 77 17 13 67 7 41 72 39 31 5 68 32 67 12 47 0 61 71 72 34 68 67 27 2 69 12 6 75 28 55 29 21 73 19 33 56 29 33 64 25 74 20 7 77 11 66 20 10 -1 -1 -1 -1 -1 -1 -1 -1 -1 
-1 -1 -1 -1 -1 -1 -1 -1 2 73 9 9 17 9 78 76 48 57 41 31 29 48 58 78 51 42 62 33 20 72 55 42 69 1 12 76 61 28 71 54 43 52 48 20 29 36 3 57 41 18 20 27 4 58 27 24 49 24 27 58 4 27 20 18 41 57 3 36 29 20 48 52 43 54 71 28 61 76 12 1 69 42 55 72 20 33 62 42 51 78 58 48 29 31 41 57 48 76 78 9 17 9 9 73 2 -1 -1 -1 -1 -1 -1 -1 -1 
-1 -1 -1 -1 -1 -1 -1 -1 79 33 22 79 74 62 10 9 40 74 6 34 33 56 64 48 46 63 70 40 4 8 6 42 43 40 24 11 15 12 61 43 38 8 6 75 56 14 25 36 12 48 18 7 30 36 42 51 42 51 42 36 30 7 18 48 12 36 25 14 56 75 6 8 38 43 61 12 15 11 24 40 43 42 6 8 4 40 70 63 46 48 64 56 33 34 6 74 40 9 10 62 74 79 22 33 79 -1 -1 -1 -1 -1 -1 -1 -1 
-1 -1 -1 -1 -1 -1 -1 78 27 51 41 17 36 71 13 43 12 51 15 33 0 75 77 5 58 20 64 59 13 7 61 68 53 73 67 9 70 70 0 52 8 2 53 2 33 10 29 24 17 51 60 45 57 19 28 54 24 54 28 19 57 45 60 51 17 24 29 10 33 2 53 2 8 52 0 70 70 9 67 73 53 68 61 7 13 59 64 20 58 5 77 75 0 33 15 51 12 43 13 71 36 17 41 51 27 78 -1 -1 -1 -1 -1 -1 -1 
-1 -1 -1 -1 -1 -1 20 30 77 4 35 52 8 9 76 58 57 54 13 29 9 39 14 24 77 23 7 36 54 64 22 33 1 74 66 46 39 3 47 48 6 53 56 30 74 13 56 4 61 57 63 43 52 53 60 34 71 34 60 53 52 43 63 57 61 4 56 13 74 30 56 53 6 48 47 3 39 46 66 74 1 33 22 64 54 36 7 23 77 24 14 39 9 29 13 54 57 58 76 9 8 52 35 4 77 30 20 -1 -1 -1 -1 -1 -1 
-1 -1 -1 -1 -1 0 14 65 61 65 39 60 17 78 43 78 50 41 43 57 70 52 77 21 6 68 62 63 72 38 2 61 61 73 49 39 2 39 12 20 75 2 30 10 0 57 73 62 54 3 69 32 10 21 34 78 57 78 34 21 10 32 69 3 54 62 73 57 0 10 30 2 75 20 12 39 2 39 49 73 61 61 2 38 72 63 62 68 6 21 77 52 70 57 43 41 50 78 43 78 17 60 39 65 61 65 14 0 -1 -1 -1 -1 -1 
-1 -1 -1 -1 -1 9 67 41 36 79 67 2 8 56 67 15 56 50 42 19 76 40 28 4 79 74 22 68 25 70 32 29 67 1 16 68 32 78 67 29 56 33 74 0 10 74 21 74 67 60 50 62 46 61 49 26 18 26 49 61 46 62 50 60 67 74 21 74 10 0 74 33 56 29 67 78 32 68 16 1 67 29 32 70 25 68 22 74 79 4 28 40 76 19 42 50 56 15 67 56 8 2 67 79 36 41 67 9 -1 -1 -1 -1 -1 
-1 -1 -1 -1 0 54 74 19 76 29 25 69 72 64 14 1 12 79 22 24 25 56 77 37 61 0 8 1 15 37 76 69 38 64 46 47 23 72 32 36 14 10 13 57 74 16 29 69 39 35 30 58 21 48 15 39 76 39 15 48 21 58 30 35 39 69 29 16 74 57 13 10 14 36 32 72 23 47 46 64 38 69 76 37 15 1 8 0 61 37 77 56 25 24 22 79 12 1 14 64 72 69 25 29 76 19 74 54 0 -1 -1 -1 -1 
-1 -1 -1 -1 22 72 61 20 58 10 67 6 66 63 55 3 12 35 17 47 4 42 38 14 6 37 9 41 33 58 35 8 18 52 42 38 32 17 68 3 25 29 56 73 21 29 24 45 73 62 67 75 53 35 33 50 0 50 33 35 53 75 67 62 73 45 24 29 21 73 56 29 25 3 68 17 32 38 42 52 18 8 35 58 33 41 9 37 6 14 38 42 4 47 17 35 12 3 55 63 66 6 67 10 58 20 61 72 22 -1 -1 -1 -1 
-1 -1 -1 0 68 25 1 13 62 39 47 17 63 39 28 62 6 56 55 42 79 5 68 76 5 28 11 31 20 40 5 11 78 59 78 29 5 58 5 57 36 24 4 62 74 69 45 0 42 78 4 47 62 45 26 15 68 15 26 45 62 47 4 78 42 0 45 69 74 62 4 24 36 57 5 58 5 29 78 59 78 11 5 40 20 31 11 28 5 76 68 5 79 42 55 56 6 62 28 39 63 17 47 39 62 13 1 25 68 0 -1 -1 -1 
-1 -1 -1 46 12 27 7 11 20 7 63 46 51 52 57 59 73 4 63 48 39 21 3 36 57 30 52 72 71 26 10 72 6 41 47 46 15 36 31 41 12 17 61 54 67 39 73 42 34 67 3 6 54 61 57 78 43 78 57 61 54 6 3 67 34 42 73 39 67 54 61 17 12 41 31 36 15 46 47 41 6 72 10 26 71 72 52 30 57 36 3 21 39 48 63 4 73 59 57 52 51 46 63 7 20 11 7 27 12 46 -1 -1 -1 
-1 -1 1 57 69 23 9 78 37 67 3 74 13 13 59 38 4 32 5 28 47 37 70 50 78 39 16 30 38 21 40 16 7 77 41 2 52 67 39 18 48 51 57 3 60 35 62 78 67 26 30 15 58 6 72 56 42 56 72 6 58 15 30 26 67 78 62 35 60 3 57 51 48 18 39 67 52 2 41 77 7 16 40 21 38 30 16 39 78 50 70 37 47 28 5 32 4 38 59 13 13 74 3 67 37 78 9 23 69 57 1 -1 -1 
-1 0 8 63 29 9 13 46 42 32 49 59 44 17 67 15 5 18 63 79 73 25 55 40 32 30 37 57 9 27 66 15 40 34 23 18 22 68 72 20 18 60 63 69 50 30 67 4 3 30 72 43 19 55 43 40 3 40 43 55 19 43 72 30 3 4 67 30 50 69 63 60 18 20 72 68 22 18 23 34 40 15 66 27 9 57 37 30 32 40 55 25 73 79 63 18 5 15 67 17 44 59 49 32 42 46 13 9 29 63 8 0 -1 
-1 -1 4 1 13 23 9 62 1 75 73 76 44 77 53 33 35 79 53 19 23 38 28 75 47 61 63 19 47 64 7 51 44 53 31 16 1 13 41 27 7 45 43 32 62 58 75 47 6 15 43 22 33 9 11 22 32 22 11 9 33 22 43 15 6 47 75 58 62 32 43 45 7 27 41 13 1 16 31 53 44 51 7 64 47 19 63 61 47 75 28 38 23 19 53 79 35 33 53 77 44 76 73 75 1 62 9 23 13 1 4 -1 -1 
-1 0 33 62 3 22 30 31 7 49 77 78 30 70 13 76 4 20 3 71 70 15 36 44 39 10 60 57 0 18 52 53 21 61 57 37 51 4 7 4 30 57 52 10 46 21 53 62 54 58 19 33 16 24 48 17 60 17 48 24 16 33 19 58 54 62 53 21 46 10 52 57 30 4 7 4 51 37 57 61 21 53 52 18 0 57 60 10 39 44 36 15 70 71 3 20 4 76 13 70 30 78 77 49 7 31 30 22 3 62 33 0 -1 
-1 15 31 34 4 64 2 2 3 8 25 51 43 43 20 73 32 78 63 57 35 50 70 77 41 21 13 47 69 6 27 17 30 51 35 59 13 69 67 58 36 19 53 21 61 48 35 45 61 6 55 9 24 76 57 16 32 16 57 76 24 9 55 6 61 45 35 48 61 21 53 19 36 58 67 69 13 59 35 51 30 17 27 6 69 47 13 21 41 77 70 50 35 57 63 78 32 73 20 43 43 51 25 8 3 2 2 64 4 34 31 15 -1 
7 38 37 2 3 46 74 32 5 29 68 55 62 77 63 42 55 19 71 2 27 33 14 15 27 46 32 58 10 47 69 70 24 16 66 39 8 42 13 27 42 28 60 34 49 15 33 26 57 72 43 11 48 57 22 63 74 63 22 57 48 11 43 72 57 26 33 15 49 34 60 28 42 27 13 42 8 39 66 16 24 70 69 47 10 58 32 46 27 15 14 33 27 2 71 19 55 42 63 77 62 55 68 29 5 32 74 46 3 2 37 38 7 
0 1 37 2 30 20 61 48 30 6 63 23 74 13 3 4 36 25 33 65 40 38 4 76 1 73 41 66 69 11 27 41 73 45 43 47 60 15 17 24 51 54 34 78 26 39 50 15 78 56 40 22 17 16 63 36 17 36 63 16 17 22 40 56 78 15 50 39 26 78 34 54 51 24 17 15 60 47 43 45 73 41 27 11 69 66 41 73 1 76 4 38 40 65 33 25 36 4 3 13 74 23 63 6 30 48 61 20 30 2 37 1 0 
7 73 11 62 36 66 8 68 20 36 72 45 17 65 62 51 15 61 0 60 59 70 79 75 30 4 21 30 10 30 72 29 55 71 36 8 56 50 77 49 42 24 71 57 18 76 0 68 43 42 3 32 60 32 74 17 76 17 74 32 60 32 3 42 43 68 0 76 18 57 71 24 42 49 77 50 56 8 36 71 55 29 72 30 10 30 21 4 30 75 79 70 59 60 0 61 15 51 62 65 17 45 72 36 20 68 8 66 36 62 11 73 7 
0 1 37 2 30 20 61 48 30 6 63 23 74 13 3 4 36 25 33 65 40 38 4 76 1 73 41 66 69 11 27 41 73 45 43 47 60 15 17 24 51 54 34 78 26 39 50 15 78 56 40 22 17 16 63 36 17 36 63 16 17 22 40 56 78 15 50 39 26 78 34 54 51 24 17 15 60 47 43 45 73 41 27 11 69 66 41 73 1 76 4 38 40 65 33 25 36 4 3 13 74 23 63 6 30 48 61 20 30 2 37 1 0 
7 38 37 2 3 46 74 32 5 29 68 55 62 77 63 42 55 19 71 2 27 33 14 15 27 46 32 58 10 47 69 70 24 16 66 39 8 42 13 27 42 28 60 34 49 15 33 26 57 72 43 11 48 57 22 63 74 63 22 57 48 11 43 72 57 26 33 15 49 34 60 28 42 27 13 42 8 39 66 16 24 70 69 47 10 58 32 46 27 15 14 33 27 2 71 19 55 42 63 77 62 55 68 29 5 32 74 46 3 2 37 38 7 
-1 15 31 34 4 64 2 2 3 8 25 51 43 43 20 73 32 78 63 57 35 50 70 77 41 21 13 47 69 6 27 17 30 51 35 59 13 69 67 58 36 19 53 21 61 48 35 45 61 6 55 9 24 76 57 16 32 16 57 76 24 9 55 6 61 45 35 48 61 21 53 19 36 58 67 69 13 59 35 51 30 17 27 6 69 47 13 21 41 77 70 50 35 57 63 78 32 73 20 43 43 51 25 8 3 2 2 64 4 34 31 15 -1 
-1 0 33 62 3 22 30 31 7 49 77 78 30 70 13 76 4 20 3 71 70 15 36 44 39 10 60 57 0 18 52 53 21 61 57 37 51 4 7 4 30 57 52 10 46 21 53 62 54 58 19 33 16 24 48 17 60 17 48 24 16 33 19 58 54 62 53 21 46 10 52 57 30 4 7 4 51 37 57 61 21 53 52 18 0 57 60 10 39 44 36 15 70 71 3 20 4 76 13 70 30 78 77 49 7 31 30 22 3 62 33 0 -1 
-1 -1 4 1 13 23 9 62 1 75 73 76 44 77 53 33 35 79 53 19 23 38 28 75 47 61 63 19 47 64 7 51 44 53 31 16 1 13 41 27 7 45 43 32 62 58 75 47 6 15 43 22 33 9 11 22 32 22 11 9 33 22 43 15 6 47 75 58 62 32 43 45 7 27 41 13 1 16 31 53 44 51 7 64 47 19 63 61 47 75 28 38 23 19 53 79 35 33 53 77 44 76 73 75 1 62 9 23 13 1 4 -1 -1 
-1 0 8 63 29 9 13 46 42 32 49 59 44 17 67 15 5 18 63 79 73 25 55 40 32 30 37 57 9 27 66 15 40 34 23 18 22 68 72 20 18 60 63 69 50 30 67 4 3 30 72 43 19 55 43 40 3 40 43 55 19 43 72 30 3 4 67 30 50 69 63 60 18 20 72 68 22 18 23 34 40 15 66 27 9 57 37 30 32 40 55 25 73 79 63 18 5 15 67 17 44 59 49 32 42 46 13 9 29 63 8 0 -1 
-1 -1 1 57 69 23 9 78 37 67 3 74 13 13 59 38 4 32 5 28 47 37 70 50 78 39 16 30 38 21 40 16 7 77 41 2 52 67 39 18 48 51 57 3 60 35 62 78 67 26 30 15 58 6 72 56 42 56 72 6 58 15 30 26 67 78 62 35 60 3 57 51 48 18 39 67 52 2 41 77 7 16 40 21 38 30 16 39 78 50 70 37 47 28 5 32 4 38 59 13 13 74 3 67 37 78 9 23 69 57 1 -1 -1 
-1 -1 -1 46 12 27 7 11 20 7 63 46 51 52 57 59 73 4 63 48 39 21 3 36 57 30 52 72 71 26 10 72 6 41 47 46 15 36 31 41 12 17 61 54 67 39 73 42 34 67 3 6 54 61 57 78 43 78 57 61 54 6 3 67 34 42 73 39 67 54 61 17 12 41 31 36 15 46 47 41 6 72 10 26 71 72 52 30 57 36 3 21 39 48 63 4 73 59 57 52 51 46 63 7 20 11 7 27 12 46 -1 -1 -1 
-1 -1 -1 0 68 25 1 13 62 39 47 17 63 39 28 62 6 56 55 42 79 5 68 76 5 28 11 31 20 40 5 11 78 59 78 29 5 58 5 57 36 24 4 62 74 69 45 0 42 78 4 47 62 45 26 15 68 15 26 45 62 47 4 78 42 0 45 69 74 62 4 24 36 57 5 58 5 29 78 59 78 11 5 40 20 31 11 28 5 76 68 5 79 42 55 56 6 62 28 39 63 17 47 39 62 13 1 25 68 0 -1 -1 -1 
-1 -1 -1 -1 22 72 61 20 58 10 67 6 66 63 55 3 12 35 17 47 4 42 38 14 6 37 9 41 33 58 35 8 18 52 42 38 32 17 68 3 25 29 56 73 21 29 24 45 73 62 67 75 53 35 33 50 0 50 33 35 53 75 67 62 73 45 24 29 21 73 56 29 25 3 68 17 32 38 42 52 18 8 35 58 33 41 9 37 6 14 38 42 4 47 17 35 12 3 55 63 66 6 67 10 58 20 61 72 22 -1 -1 -1 -1 
-1 -1 -1 -1 0 54 74 19 76 29 25 69 72 64 14 1 12 79 22 24 25 56 77 37 61 0 8 1 15 37 76 69 38 64 46 47 23 72 32 36 14 10 13 57 74 16 29 69 39 35 30 58 21 48 15 39 76 39 15 48 21 58 30 35 39 69 29 16 74 57 13 10 14 36 32 72 23 47 46 64 38 69 76 37 15 1 8 0 61 37 77 56 25 24 22 79 12 1 14 64 72 69 25 29 76 19 74 54 0 -1 -1 -1 -1 
-1 -1 -1 -1 -1 9 67 41 36 79 67 2 8 56 67 15 56 50 42 19 76 40 28 4 79 74 22 68 25 70 32 29 67 1 16 68 32 78 67 29 56 33 74 0 10 74 21 74 67 60 50 62 46 61 49 26 18 26 49 61 46 62 50 60 67 74 21 74 10 0 74 33 56 29 67 78 32 68 16 1 67 29 32 70 25 68 22 74 79 4 28 40 76 19 42 50 56 15 67 56 8 2 67 79 36 41 67 9 -1 -1 -1 -1 -1 
-1 -1 -1 -1 -1 0 14 65 61 65 39 60 17 78 43 78 50 41 43 57 70 52 77 21 6 68 62 63 72 38 2 61 61 73 49 39 2 39 12 20 75 2 30 10 0 57 73 62 54 3 69 32 10 21 34 78 57 78 34 21 10 32 69 3 54 62 73 57 0 10 30 2 75 20 12 39 2 39 49 73 61 61 2 38 72 63 62 68 6 21 77 52 70 57 43 41 50 78 43 78 17 60 39 65 61 65 14 0 -1 -1 -1 -1 -1 
-1 -1 -1 -1 -1 -1 20 30 77 4 35 52 8 9 76 58 57 54 13 29 9 39 14 24 77 23 7 36 54 64 22 33 1 74 66 46 39 3 47 48 6 53 56 30 74 13 56 4 61 57 63 43 52 53 60 34 71 34 60 53 52 43 63 57 61 4 56 13 74 30 56 53 6 48 47 3 39 46 66 74 1 33 22 64 54 36 7 23 77 24 14 39 9 29 13 54 57 58 76 9 8 52 35 4 77 30 20 -1 -1 -1 -1 -1 -1 
-1 -1 -1 -1 -1 -1 -1 78 27 51 41 17 36 71 13 43 12 51 15 33 0 75 77 5 58 20 64 59 13 7 61 68 53 73 67 9 70 70 0 52 8 2 53 2 33 10 29 24 17 51 60 45 57 19 28 54 24 54 28 19 57 45 60 51 17 24 29 10 33 2 53 2 8 52 0 70 70 9 67 73 53 68 61 7 13 59 64 20 58 5 77 75 0 33 15 51 12 43 13 71 36 17 41 51 27 78 -1 -1 -1 -1 -1 -1 -1 
-1 -1 -1 -1 -1 -1 -1 -1 79 33 22 79 74 62 10 9 40 74 6 34 33 56 64 48 46 63 70 40 4 8 6 42 43 40 24 11 15 12 61 43 38 8 6 75 56 14 25 36 12 48 18 7 30 36 42 51 42 51 42 36 30 7 18 48 12 36 25 14 56 75 6 8 38 43 61 12 15 11 24 40 43 42 6 8 4 40 70 63 46 48 64 56 33 34 6 74 40 9 10 62 74 79 22 33 79 -1 -1 -1 -1 -1 -1 -1 -1 
-1 -1 -1 -1 -1 -1 -1 -1 2 73 9 9 17 9 78 76 48 57 41 31 29 48 58 78 51 42 62 33 20 72 55 42 69 1 12 76 61 28 71 54 43 52 48 20 29 36 3 57 41 18 20 27 4 58 27 24 49 24 27 58 4 27 20 18 41 57 3 36 29 20 48 52 43 54 71 28 61 76 12 1 69 42 55 72 20 33 62 42 51 78 58 48 29 31 41 57 48 76 78 9 17 9 9 73 2 -1 -1 -1 -1 -1 -1 -1 -1 
-1 -1 -1 -1 -1 -1 -1 -1 -1 10 20 66 11 77 7 20 74 25 64 33 29 56 33 19 73 21 29 55 28 75 6 12 69 2 27 67 68 34 72 71 61 0 47 12 67 32 68 5 31 39 72 41 7 67 13 17 77 17 13 67 7 41 72 39 31 5 68 32 67 12 47 0 61 71 72 34 68 67 27 2 69 12 6 75 28 55 29 21 73 19 33 56 29 33 64 25 74 20 7 77 11 66 20 10 -1 -1 -1 -1 -1 -1 -1 -1 -1 
-1 -1 -1 -1 -1 -1 -1 -1 -1 0 13 78 22 21 60 8 8 24 4 13 69 65 37 5 11 5 68 77 19 36 49 39 24 31 4 4 10 42 34 28 12 70 3 39 78 72 17 58 36 67 68 13 4 69 42 15 50 15 42 69 4 13 68 67 36 58 17 72 78 39 3 70 12 28 34 42 10 4 4 31 24 39 49 36 19 77 68 5 11 5 37 65 69 13 4 24 8 8 60 21 22 78 13 0 -1 -1 -1 -1 -1 -1 -1 -1 -1 
-1 -1 -1 -1 -1 -1 -1 -1 -1 -1 1 57 50 10 25 69 20 66 77 78 42 48 44 48 8 24 46 37 61 59 44 70 79 9 14 2 60 10 68 61 15 70 39 2 32 23 32 5 15 52 22 1 51 13 8 60 56 60 8 13 51 1 22 52 15 5 32 23 32 2 39 70 15 61 68 10 60 2 14 9 79 70 44 59 61 37 46 24 8 48 44 48 42 78 77 66 20 69 25 10 50 57 1 -1 -1 -1 -1 -1 -1 -1 -1 -1 -1 
-1 -1 -1 -1 -1 -1 -1 -1 -1 -1 -1 5 71 14 5 63 59 42 66 70 12 48 1 14 28 16 78 54 19 1 38 26 72 52 15 76 2 4 67 76 11 9 46 39 68 47 38 29 46 2 18 16 37 59 39 47 8 47 39 59 37 16 18 2 46 29 38 47 68 39 46 9 11 76 67 4 2 76 15 52 72 26 38 1 19 54 78 16 28 14 1 48 12 70 66 42 59 63 5 14 71 5 -1 -1 -1 -1 -1 -1 -1 -1 -1 -1 -1 
-1 -1 -1 -1 -1 -1 -1 -1 -1 -1 -1 -1 12 21 70 22 64 77 63 76 0 3 23 59 47 13 71 0 5 12 61 52 35 14 46 15 14 4 27 12 24 67 66 49 16 46 42 78 47 41 23 31 57 35 66 43 36 43 66 35 57 31 23 41 47 78 42 46 16 49 66 67 24 12 27 4 14 15 46 14 35 52 61 12 5 0 71 13 47 59 23 3 0 76 63 77 64 22 70 21 12 -1 -1 -1 -1 -1 -1 -1 -1 -1 -1 -1 -1 
-1 -1 -1 -1 -1 -1 -1 -1 -1 -1 -1 -1 -1 19 0 71 23 48 19 6 21 18 31 9 0 48 59 31 78 71 1 47 19 24 14 52 9 31 2 1 40 73 74 73 1 64 52 59 41 77 34 53 61 51 16 45 71 45 16 51 61 53 34 77 41 59 52 64 1 73 74 73 40 1 2 31 9 52 14 24 19 47 1 71 78 31 59 48 0 9 31 18 21 6 19 48 23 71 0 19 -1 -1 -1 -1 -1 -1 -1 -1 -1 -1 -1 -1 -1 
-1 -1 -1 -1 -1 -1 -1 -1 -1 -1 -1 -1 -1 -1 36 72 67 33 79 12 74 50 0 64 15 73 71 75 20 4 33 8 64 19 35 72 79 24 69 69 43 53 1 61 67 38 18 78 6 7 40 44 21 30 24 73 55 73 24 30 21 44 40 7 6 78 18 38 67 61 1 53 43 69 69 24 79 72 35 19 64 8 33 4 20 75 71 73 15 64 0 50 74 12 79 33 67 72 36 -1 -1 -1 -1 -1 -1 -1 -1 -1 -1 -1 -1 -1 -1 
-1 -1 -1 -1 -1 -1 -1 -1 -1 -1 -1 -1 -1 -1 1 34 4 13 72 49 79 36 22 33 78 8 41 15 41 11 64 22 8 47 52 26 70 39 12 42 42 68 33 61 29 69 8 11 72 16 15 51 53 17 70 41 29 41 70 17 53 51 15 16 72 11 8 69 29 61 33 68 42 42 12 39 70 26 52 47 8 22 64 11 41 15 41 8 78 33 22 36 79 49 72 13 4 34 1 -1 -1 -1 -1 -1 -1 -1 -1 -1 -1 -1 -1 -1 -1 
-1 -1 -1 -1 -1 -1 -1 -1 -1 -1 -1 -1 -1 -1 -1 5 48 45 67 38 17 5 51 48 76 71 6 44 31 38 0 64 33 1 61 38 44 49 6 55 6 61 22 2 32 76 35 5 10 40 66 7 52 27 69 27 72 27 69 27 52 7 66 40 10 5 35 76 32 2 22 61 6 55 6 49 44 38 61 1 33 64 0 38 31 44 6 71 76 48 51 5 17 38 67 45 48 5 -1 -1 -1 -1 -1 -1 -1 -1 -1 -1 -1 -1 -1 -1 -1 
-1 -1 -1 -1 -1 -1 -1 -1 -1 -1 -1 -1 -1 -1 -1 -1 24 64 29 42 44 36 77 45 5 70 44 40 27 52 38 11 4 71 12 1 59 36 75 72 8 7 64 38 70 37 58 40 26 21 27 64 18 6 47 11 30 11 47 6 18 64 27 21 26 40 58 37 70 38 64 7 8 72 75 36 59 1 12 71 4 11 38 52 27 40 44 70 5 45 77 36 44 42 29 64 24 -1 -1 -1 -1 -1 -1 -1 -1 -1 -1 -1 -1 -1 -1 -1 -1 
-1 -1 -1 -1 -1 -1 -1 -1 -1 -1 -1 -1 -1 -1 -1 -1 -1 48 35 45 73 39 47 65 68 0 42 45 16 27 31 41 20 78 5 19 61 19 28 20 4 13 54 72 25 15 33 20 71 38 9 47 0 69 10 69 10 69 10 69 0 47 9 38 71 20 33 15 25 72 54 13 4 20 28 19 61 19 5 78 20 41 31 27 16 45 42 0 68 65 47 39 73 45 35 48 -1 -1 -1 -1 -1 -1 -1 -1 -1 -1 -1 -1 -1 -1 -1 -1 -1 
-1 -1 -1 -1 -1 -1 -1 -1 -1 -1 -1 -1 -1 -1 -1 -1 -1 0 22 36 20 56 35 15 77 74 6 32 45 40 44 15 75 31 0 54 37 77 55 33 40 59 36 63 68 1 41 31 72 30 57 19 57 47 58 66 30 66 58 47 57 19 57 30 72 31 41 1 68 63 36 59 40 33 55 77 37 54 0 31 75 15 44 40 45 32 6 74 77 15 35 56 20 36 22 0 -1 -1 -1 -1 -1 -1 -1 -1 -1 -1 -1 -1 -1 -1 -1 -1 -1 
-1 -1 -1 -1 -1 -1 -1 -1 -1 -1 -1 -1 -1 -1 -1 -1 -1 -1 2 43 60 53 51 61 48 2 48 6 42 44 6 41 71 59 71 78 46 68 29 62 70 64 7 62 22 8 9 11 52 16 37 63 60 13 32 41 21 41 32 13 60 63 37 16 52 11 9 8 22 62 7 64 70 62 29 68 46 78 71 59 71 41 6 44 42 6 48 2 48 61 51 53 60 43 2 -1 -1 -1 -1 -1 -1 -1 -1 -1 -1 -1 -1 -1 -1 -1 -1 -1 -1 
-1 -1 -1 -1 -1 -1 -1 -1 -1 -1 -1 -1 -1 -1 -1 -1 -1 -1 -1 7 57 17 52 14 51 14 2 74 0 70 71 8 73 48 13 16 24 5 21 42 63 20 23 68 74 0 37 28 30 39 30 61 10 21 46 73 4 73 46 21 10 61 30 39 30 28 37 0 74 68 23 20 63 42 21 5 24 16 13 48 73 8 71 70 0 74 2 14 51 14 52 17 57 7 -1 -1 -1 -1 -1 -1 -1 -1 -1 -1 -1 -1 -1 -1 -1 -1 -1 -1 -1 
-1 -1 -1 -1 -1 -1 -1 -1 -1 -1 -1 -1 -1 -1 -1 -1 -1 -1 -1 -1 11 20 5 63 64 51 48 77 68 5 76 78 15 0 47 28 8 11 73 51 46 58 77 6 79 61 6 5 57 78 32 47 39 41 27 1 30 1 27 41 39 47 32 78 57 5 6 61 79 6 77 58 46 51 73 11 8 28 47 0 15 78 76 5 68 77 48 51 64 63 5 20 11 -1 -1 -1 -1 -1 -1 -1 -1 -1 -1 -1 -1 -1 -1 -1 -1 -1 -1 -1 -1 
-1 -1 -1 -1 -1 -1 -1 -1 -1 -1 -1 -1 -1 -1 -1 -1 -1 -1 -1 -1 -1 19 53 4 63 14 61 15 65 45 48 33 64 9 59 14 48 5 19 78 48 5 24 21 4 37 14 76 36 50 40 75 44 77 15 76 75 76 15 77 44 75 40 50 36 76 14 37 4 21 24 5 48 78 19 5 48 14 59 9 64 33 48 45 65 15 61 14 63 4 53 19 -1 -1 -1 -1 -1 -1 -1 -1 -1 -1 -1 -1 -1 -1 -1 -1 -1 -1 -1 -1 -1 
-1 -1 -1 -1 -1 -1 -1 -1 -1 -1 -1 -1 -1 -1 -1 -1 -1 -1 -1 -1 -1 -1 18 53 5 52 51 35 47 77 51 22 0 31 23 1 44 37 33 58 64 77 14 77 28 77 38 68 3 70 55 28 36 70 14 4 79 4 14 70 36 28 55 70 3 68 38 77 28 77 14 77 64 58 33 37 44 1 23 31 0 22 51 77 47 35 51 52 5 53 18 -1 -1 -1 -1 -1 -1 -1 -1 -1 -1 -1 -1 -1 -1 -1 -1 -1 -1 -1 -1 -1 -1 
-1 -1 -1 -1 -1 -1 -1 -1 -1 -1 -1 -1 -1 -1 -1 -1 -1 -1 -1 -1 -1 -1 -1 19 20 17 53 56 39 36 5 36 50 18 3 48 48 65 56 48 56 75 39 52 40 56 42 5 21 37 25 38 15 50 33 38 70 38 33 50 15 38 25 37 21 5 42 56 40 52 39 75 56 48 56 65 48 48 3 18 50 36 5 36 39 56 53 17 20 19 -1 -1 -1 -1 -1 -1 -1 -1 -1 -1 -1 -1 -1 -1 -1 -1 -1 -1 -1 -1 -1 -1 -1 
-1 -1 -1 -1 -1 -1 -1 -1 -1 -1 -1 -1 -1 -1 -1 -1 -1 -1 -1 -1 -1 -1 -1 -1 11 57 60 20 73 44 17 79 74 21 0 12 42 69 29 29 33 0 9 70 76 25 4 79 39 47 73 23 70 35 27 40 59 40 27 35 70 23 73 47 39 79 4 25 76 70 9 0 33 29 29 69 42 12 0 21 74 79 17 44 73 20 60 57 11 -1 -1 -1 -1 -1 -1 -1 -1 -1 -1 -1 -1 -1 -1 -1 -1 -1 -1 -1 -1 -1 -1 -1 -1 
-1 -1 -1 -1 -1 -1 -1 -1 -1 -1 -1 -1 -1 -1 -1 -1 -1 -1 -1 -1 -1 -1 -1 -1 -1 7 43 36 45 42 38 49 12 6 76 70 78 13 33 31 34 33 29 57 19 24 47 42 48 28 79 19 71 57 2 65 60 65 2 57 71 19 79 28 48 42 47 24 19 57 29 33 34 31 33 13 78 70 76 6 12 49 38 42 45 36 43 7 -1 -1 -1 -1 -1 -1 -1 -1 -1 -1 -1 -1 -1 -1 -1 -1 -1 -1 -1 -1 -1 -1 -1 -1 -1 
-1 -1 -1 -1 -1 -1 -1 -1 -1 -1 -1 -1 -1 -1 -1 -1 -1 -1 -1 -1 -1 -1 -1 -1 -1 -1 2 22 35 29 67 72 79 19 63 66 77 4 64 41 6 15 13 43 42 22 17 55 63 5 63 53 3 63 71 33 0 33 71 63 3 53 63 5 63 55 17 22 42 43 13 15 6 41 64 4 77 66 63 19 79 72 67 29 35 22 2 -1 -1 -1 -1 -1 -1 -1 -1 -1 -1 -1 -1 -1 -1 -1 -1 -1 -1 -1 -1 -1 -1 -1 -1 -1 -1 
-1 -1 -1 -1 -1 -1 -1 -1 -1 -1 -1 -1 -1 -1 -1 -1 -1 -1 -1 -1 -1 -1 -1 -1 -1 -1 -1 0 48 64 45 13 33 48 77 42 66 24 25 57 74 51 54 41 50 79 35 56 4 32 18 79 20 78 19 25 61 25 19 78 20 79 18 32 4 56 35 79 50 41 54 51 74 57 25 24 66 42 77 48 33 13 45 64 48 0 -1 -1 -1 -1 -1 -1 -1 -1 -1 -1 -1 -1 -1 -1 -1 -1 -1 -1 -1 -1 -1 -1 -1 -1 -1 -1 -1 
-1 -1 -1 -1 -1 -1 -1 -1 -1 -1 -1 -1 -1 -1 -1 -1 -1 -1 -1 -1 -1 -1 -1 -1 -1 -1 -1 -1 -1 24 48 4 67 23 64 59 20 8 74 48 40 12 57 50 56 12 12 6 73 4 5 35 4 32 55 36 15 36 55 32 4 35 5 4 73 6 12 12 56 50 57 12 40 48 74 8 20 59 64 23 67 4 48 24 -1 -1 -1 -1 -1 -1 -1 -1 -1 -1 -1 -1 -1 -1 -1 -1 -1 -1 -1 -1 -1 -1 -1 -1 -1 -1 -1 -1 -1 
-1 -1 -1 -1 -1 -1 -1 -1 -1 -1 -1 -1 -1 -1 -1 -1 -1 -1 -1 -1 -1 -1 -1 -1 -1 -1 -1 -1 -1 -1 5 34 72 71 22 63 69 8 20 76 9 43 58 78 15 1 3 62 59 38 15 33 76 73 42 4 51 4 42 73 76 33 15 38 59 62 3 1 15 78 58 43 9 76 20 8 69 63 22 71 72 34 5 -1 -1 -1 -1 -1 -1 -1 -1 -1 -1 -1 -1 -1 -1 -1 -1 -1 -1 -1 -1 -1 -1 -1 -1 -1 -1 -1 -1 -1 -1 
-1 -1 -1 -1 -1 -1 -1 -1 -1 -1 -1 -1 -1 -1 -1 -1 -1 -1 -1 -1 -1 -1 -1 -1 -1 -1 -1 -1 -1 -1 -1 1 36 0 70 5 25 60 7 78 10 13 76 43 67 14 55 28 57 59 67 53 13 20 63 3 62 3 63 20 13 53 67 59 57 28 55 14 67 43 76 13 10 78 7 60 25 5 70 0 36 1 -1 -1 -1 -1 -1 -1 -1 -1 -1 -1 -1 -1 -1 -1 -1 -1 -1 -1 -1 -1 -1 -1 -1 -1 -1 -1 -1 -1 -1 -1 -1 
-1 -1 -1 -1 -1 -1 -1 -1 -1 -1 -1 -1 -1 -1 -1 -1 -1 -1 -1 -1 -1 -1 -1 -1 -1 -1 -1 -1 -1 -1 -1 -1 -1 19 21 14 10 21 77 9 62 71 9 78 56 64 63 39 52 13 17 77 70 43 77 13 65 13 77 43 70 77 17 13 52 39 63 64 56 78 9 71 62 9 77 21 10 14 21 19 -1 -1 -1 -1 -1 -1 -1 -1 -1 -1 -1 -1 -1 -1 -1 -1 -1 -1 -1 -1 -1 -1 -1 -1 -1 -1 -1 -1 -1 -1 -1 -1 -1 
-1 -1 -1 -1 -1 -1 -1 -1 -1 -1 -1 -1 -1 -1 -1 -1 -1 -1 -1 -1 -1 -1 -1 -1 -1 -1 -1 -1 -1 -1 -1 -1 -1 -1 12 71 50 22 11 17 74 36 8 17 8 72 66 63 51 13 44 44 30 43 62 74 17 74 62 43 30 44 44 13 51 63 66 72 8 17 8 36 74 17 11 22 50 71 12 -1 -1 -1 -1 -1 -1 -1 -1 -1 -1 -1 -1 -1 -1 -1 -1 -1 -1 -1 -1 -1 -1 -1 -1 -1 -1 -1 -1 -1 -1 -1 -1 -1 -1 
-1 -1 -1 -1 -1 -1 -1 -1 -1 -1 -1 -1 -1 -1 -1 -1 -1 -1 -1 -1 -1 -1 -1 -1 -1 -1 -1 -1 -1 -1 -1 -1 -1 -1 -1 5 57 78 66 9 79 17 52 60 2 69 6 17 46 74 59 76 78 51 55 23 45 23 55 51 78 76 59 74 46 17 6 69 2 60 52 17 79 9 66 78 57 5 -1 -1 -1 -1 -1 -1 -1 -1 -1 -1 -1 -1 -1 -1 -1 -1 -1 -1 -1 -1 -1 -1 -1 -1 -1 -1 -1 -1 -1 -1 -1 -1 -1 -1 -1 
-1 -1 -1 -1 -1 -1 -1 -1 -1 -1 -1 -1 -1 -1 -1 -1 -1 -1 -1 -1 -1 -1 -1 -1 -1 -1 -1 -1 -1 -1 -1 -1 -1 -1 -1 -1 1 13 20 9 22 41 35 39 67 25 67 47 63 3 49 73 77 25 68 63 72 63 68 25 77 73 49 3 63 47 67 25 67 39 35 41 22 9 20 13 1 -1 -1 -1 -1 -1 -1 -1 -1 -1 -1 -1 -1 -1 -1 -1 -1 -1 -1 -1 -1 -1 -1 -1 -1 -1 -1 -1 -1 -1 -1 -1 -1 -1 -1 -1 -1 
-1 -1 -1 -1 -1 -1 -1 -1 -1 -1 -1 -1 -1 -1 -1 -1 -1 -1 -1 -1 -1 -1 -1 -1 -1 -1 -1 -1 -1 -1 -1 -1 -1 -1 -1 -1 -1 0 10 73 33 51 4 65 79 29 10 39 7 67 32 75 49 8 29 6 36 6 29 8 49 75 32 67 7 39 10 29 79 65 4 51 33 73 10 0 -1 -1 -1 -1 -1 -1 -1 -1 -1 -1 -1 -1 -1 -1 -1 -1 -1 -1 -1 -1 -1 -1 -1 -1 -1 -1 -1 -1 -1 -1 -1 -1 -1 -1 -1 -1 -1 
-1 -1 -1 -1 -1 -1 -1 -1 -1 -1 -1 -1 -1 -1 -1 -1 -1 -1 -1 -1 -1 -1 -1 -1 -1 -1 -1 -1 -1 -1 -1 -1 -1 -1 -1 -1 -1 -1 -1 2 79 27 77 61 36 76 58 62 20 37 42 1 7 3 5 30 20 30 5 3 7 1 42 37 20 62 58 76 36 61 77 27 79 2 -1 -1 -1 -1 -1 -1 -1 -1 -1 -1 -1 -1 -1 -1 -1 -1 -1 -1 -1 -1 -1 -1 -1 -1 -1 -1 -1 -1 -1 -1 -1 -1 -1 -1 -1 -1 -1 -1 -1 
-1 -1 -1 -1 -1 -1 -1 -1 -1 -1 -1 -1 -1 -1 -1 -1 -1 -1 -1 -1 -1 -1 -1 -1 -1 -1 -1 -1 -1 -1 -1 -1 -1 -1 -1 -1 -1 -1 -1 -1 -1 78 30 65 41 19 20 13 11 78 46 62 31 2 32 48 68 48 32 2 31 62 46 78 11 13 20 19 41 65 30 78 -1 -1 -1 -1 -1 -1 -1 -1 -1 -1 -1 -1 -1 -1 -1 -1 -1 -1 -1 -1 -1 -1 -1 -1 -1 -1 -1 -1 -1 -1 -1 -1 -1 -1 -1 -1 -1 -1 -1 -1 -1 
-1 -1 -1 -1 -1 -1 -1 -1 -1 -1 -1 -1 -1 -1 -1 -1 -1 -1 -1 -1 -1 -1 -1 -1 -1 -1 -1 -1 -1 -1 -1 -1 -1 -1 -1 -1 -1 -1 -1 -1 -1 -1 20 14 67 74 61 1 7 9 13 9 30 2 74 61 8 61 74 2 30 9 13 9 7 1 61 74 67 14 20 -1 -1 -1 -1 -1 -1 -1 -1 -1 -1 -1 -1 -1 -1 -1 -1 -1 -1 -1 -1 -1 -1 -1 -1 -1 -1 -1 -1 -1 -1 -1 -1 -1 -1 -1 -1 -1 -1 -1 -1 -1 -1 
-1 -1 -1 -1 -1 -1 -1 -1 -1 -1 -1 -1 -1 -1 -1 -1 -1 -1 -1 -1 -1 -1 -1 -1 -1 -1 -1 -1 -1 -1 -1 -1 -1 -1 -1 -1 -1 -1 -1 -1 -1 -1 -1 0 9 54 72 25 27 23 9 23 22 64 46 20 66 20 46 64 22 23 9 23 27 25 72 54 9 0 -1 -1 -1 -1 -1 -1 -1 -1 -1 -1 -1 -1 -1 -1 -1 -1 -1 -1 -1 -1 -1 -1 -1 -1 -1 -1 -1 -1 -1 -1 -1 -1 -1 -1 -1 -1 -1 -1 -1 -1 -1 -1 -1 
-1 -1 -1 -1 -1 -1 -1 -1 -1 -1 -1 -1 -1 -1 -1 -1 -1 -1 -1 -1 -1 -1 -1 -1 -1 -1 -1 -1 -1 -1 -1 -1 -1 -1 -1 -1 -1 -1 -1 -1 -1 -1 -1 -1 -1 0 22 68 12 69 29 13 3 4 3 30 36 30 3 4 3 13 29 69 12 68 22 0 -1 -1 -1 -1 -1 -1 -1 -1 -1 -1 -1 -1 -1 -1 -1 -1 -1 -1 -1 -1 -1 -1 -1 -1 -1 -1 -1 -1 -1 -1 -1 -1 -1 -1 -1 -1 -1 -1 -1 -1 -1 -1 -1 -1 -1 
-1 -1 -1 -1 -1 -1 -1 -1 -1 -1 -1 -1 -1 -1 -1 -1 -1 -1 -1 -1 -1 -1 -1 -1 -1 -1 -1 -1 -1 -1 -1 -1 -1 -1 -1 -1 -1 -1 -1 -1 -1 -1 -1 -1 -1 -1 -1 0 46 57 63 1 62 34 2 2 62 2 2 34 62 1 63 57 46 0 -1 -1 -1 -1 -1 -1 -1 -1 -1 -1 -1 -1 -1 -1 -1 -1 -1 -1 -1 -1 -1 -1 -1 -1 -1 -1 -1 -1 -1 -1 -1 -1 -1 -1 -1 -1 -1 -1 -1 -1 -1 -1 -1 -1 -1 -1 -1 
-1 -1 -1 -1 -1 -1 -1 -1 -1 -1 -1 -1 -1 -1 -1 -1 -1 -1 -1 -1 -1 -1 -1 -1 -1 -1 -1 -1 -1 -1 -1 -1 -1 -1 -1 -1 -1 -1 -1 -1 -1 -1 -1 -1 -1 -1 -1 -1 -1 1 8 4 33 31 37 37 11 37 37 31 33 4 8 1 -1 -1 -1 -1 -1 -1 -1 -1 -1 -1 -1 -1 -1 -1 -1 -1 -1 -1 -1 -1 -1 -1 -1 -1 -1 -1 -1 -1 -1 -1 -1 -1 -1 -1 -1 -1 -1 -1 -1 -1 -1 -1 -1 -1 -1 -1 -1 -1 -1 
-1 -1 -1 -1 -1 -1 -1 -1 -1 -1 -1 -1 -1 -1 -1 -1 -1 -1 -1 -1 -1 -1 -1 -1 -1 -1 -1 -1 -1 -1 -1 -1 -1 -1 -1 -1 -1 -1 -1 -1 -1 -1 -1 -1 -1 -1 -1 -1 -1 -1 0 -1 0 15 38 1 73 1 38 15 0 -1 0 -1 -1 -1 -1 -1 -1 -1 -1 -1 -1 -1 -1 -1 -1 -1 -1 -1 -1 -1 -1 -1 -1 -1 -1 -1 -1 -1 -1 -1 -1 -1 -1 -1 -1 -1 -1 -1 -1 -1 -1 -1 -1 -1 -1 -1 -1 -1 -1 -1 -1 
-1 -1 -1 -1 -1 -1 -1 -1 -1 -1 -1 -1 -1 -1 -1 -1 -1 -1 -1 -1 -1 -1 -1 -1 -1 -1 -1 -1 -1 -1 -1 -1 -1 -1 -1 -1 -1 -1 -1 -1 -1 -1 -1 -1 -1 -1 -1 -1 -1 -1 -1 -1 -1 -1 7 0 7 0 7 -1 -1 -1 -1 -1 -1 -1 -1 -1 -1 -1 -1 -1 -1 -1 -1 -1 -1 -1 -1 -1 -1 -1 -1 -1 -1 -1 -1 -1 -1 -1 -1 -1 -1 -1 -1 -1 -1 -1 -1 -1 -1 -1 -1 -1 -1 -1 -1 -1 -1 -1 -1 -1 -1 
