1 2 2 3 3 4 4 4 4 4 5 5 5 5 5 5 5 4 4 4 4 4 3 3 2 2 1 
2 3.96 6.96 1.92 7.92 1.88 3.88 5.88 6.88 7.88 0.84 2.84 3.84 3.84 3.84 2.84 0.84 7.88 6.88 5.88 3.88 1.88 7.92 1.92 6.96 3.96 2 
2 6.96 5.92 7.8 2.64 1.56 6.52 1.44 1.4 7.4 6.36 4.32 1.28 4.28 1.28 4.32 6.36 7.4 1.4 1.44 6.52 1.56 2.64 7.8 5.92 6.96 2 
3 1.92 7.8 3 6.12 5.76 3.4 2.04 0.8 7.64 4.44 7.28 4.12 1.04 4.12 7.28 4.44 7.64 0.8 2.04 3.4 5.76 6.12 3 7.8 1.92 3 
3 7.92 2.64 6.12 0.24 3.68 1.64 4.48 7.16 7.04 3.92 1.92 1.04 1.6 1.04 1.92 3.92 7.04 7.16 4.48 1.64 3.68 0.24 6.12 2.64 7.92 3 
4 1.88 1.56 5.76 3.68 6.28 7.04 3.28 2.08 1.68 4.12 5.32 1.88 4.84 1.88 5.32 4.12 1.68 2.08 3.28 7.04 6.28 3.68 5.76 1.56 1.88 4 
4 3.88 6.52 3.4 1.64 7.04 7.8 2.92 7.56 5.59908e-12 4.48 6.8 5.92 7.2 5.92 6.8 4.48 5.59908e-12 7.56 2.92 7.8 7.04 1.64 3.4 6.52 3.88 4 
4 5.88 1.44 2.04 4.48 3.28 2.92 0.88 7 3.64 4.52 3.84 1.32 1.84 1.32 3.84 4.52 3.64 7 0.88 2.92 3.28 4.48 2.04 1.44 5.88 4 
4 6.88 1.4 0.8 7.16 2.08 7.56 7 3.08 5.44 5.36 6.6 3.12 4.64 3.12 6.6 5.36 5.44 3.08 7 7.56 2.08 7.16 0.8 1.4 6.88 4 
4 7.88 7.4 7.64 7.04 1.68 5.59908e-12 3.64 5.44 7.12 3.16 0.08 6.52 0.76 6.52 0.08 3.16 7.12 5.44 3.64 5.67013e-12 1.68 7.04 7.64 7.4 7.88 4 
5 0.84 6.36 4.44 3.92 4.12 4.48 4.52 5.36 3.16 3.28 2.96 0.48 6.92 0.48 2.96 3.28 3.16 5.36 4.52 4.48 4.12 3.92 4.44 6.36 0.84 5 
5 2.84 4.32 7.28 1.92 5.32 6.8 3.84 6.6 0.08 2.96 6.52 4.44 3.76 4.44 6.52 2.96 0.08 6.6 3.84 6.8 5.32 1.92 7.28 4.32 2.84 5 
5 3.84 1.28 4.12 1.04 1.88 5.92 1.32 3.12 6.52 0.48 4.44 4.04 2.96 4.04 4.44 0.48 6.52 3.12 1.32 5.92 1.88 1.04 4.12 1.28 3.84 5 
5 3.84 4.28 1.04 1.6 4.84 7.2 1.84 4.64 0.76 6.92 3.76 2.96 0.200001 2.96 3.76 6.92 0.76 4.64 1.84 7.2 4.84 1.6 1.04 4.28 3.84 5 
5 3.84 1.28 4.12 1.04 1.88 5.92 1.32 3.12 6.52 0.48 4.44 4.04 2.96 4.04 4.44 0.48 6.52 3.12 1.32 5.92 1.88 1.04 4.12 1.28 3.84 5 
5 2.84 4.32 7.28 1.92 5.32 6.8 3.84 6.6 0.08 2.96 6.52 4.44 3.76 4.44 6.52 2.96 0.08 6.6 3.84 6.8 5.32 1.92 7.28 4.32 2.84 5 
5 0.84 6.36 4.44 3.92 4.12 4.48 4.52 5.36 3.16 3.28 2.96 0.48 6.92 0.48 2.96 3.28 3.16 5.36 4.52 4.48 4.12 3.92 4.44 6.36 0.84 5 
4 7.88 7.4 7.64 7.04 1.68 5.59908e-12 3.64 5.44 7.12 3.16 0.08 6.52 0.76 6.52 0.08 3.16 7.12 5.44 3.64 5.67013e-12 1.68 7.04 7.64 7.4 7.88 4 
4 6.88 1.4 0.8 7.16 2.08 7.56 7 3.08 5.44 5.36 6.6 3.12 4.64 3.12 6.6 5.36 5.44 3.08 7 7.56 2.08 7.16 0.8 1.4 6.88 4 
4 5.88 1.44 2.04 4.48 3.28 2.92 0.88 7 3.64 4.52 3.84 1.32 1.84 1.32 3.84 4.52 3.64 7 0.88 2.92 3.28 4.48 2.04 1.44 5.88 4 
4 3.88 6.52 3.4 1.64 7.04 7.8 2.92 7.56 5.67013e-12 4.48 6.8 5.92 7.2 5.92 6.8 4.48 5.67013e-12 7.56 2.92 7.8 7.04 1.64 3.4 6.52 3.88 4 
4 1.88 1.56 5.76 3.68 6.28 7.04 3.28 2.08 1.68 4.12 5.32 1.88 4.84 1.88 5.32 4.12 1.68 2.08 3.28 7.04 6.28 3.68 5.76 1.56 1.88 4 
3 7.92 2.64 6.12 0.24 3.68 1.64 4.48 7.16 7.04 3.92 1.92 1.04 1.6 1.04 1.92 3.92 7.04 7.16 4.48 1.64 3.68 0.24 6.12 2.64 7.92 3 
3 1.92 7.8 3 6.12 5.76 3.4 2.04 0.8 7.64 4.44 7.28 4.12 1.04 4.12 7.28 4.44 7.64 0.8 2.04 3.4 5.76 6.12 3 7.8 1.92 3 
2 6.96 5.92 7.8 2.64 1.56 6.52 1.44 1.4 7.4 6.36 4.32 1.28 4.28 1.28 4.32 6.36 7.4 1.4 1.44 6.52 1.56 2.64 7.8 5.92 6.96 2 
2 3.96 6.96 1.92 7.92 1.88 3.88 5.88 6.88 7.88 0.84 2.84 3.84 3.84 3.84 2.84 0.84 7.88 6.88 5.88 3.88 1.88 7.92 1.92 6.96 3.96 2 
1 2 2 3 3 4 4 4 4 4 5 5 5 5 5 5 5 4 4 4 4 4 3 3 2 2 1 
