0 0 0 0 0 0 0 0 0 0 0 0 0 0 0 0 0 0 0 0 0 0 0 0 0 
0 0 0 0 0 0 0 0 0 4 4 4 4 4 4 4 0 0 0 0 0 0 0 0 0 
0 0 0 0 0 0 0 4 8 12 16 20 20 20 16 12 8 4 0 0 0 0 0 0 0 
0 0 0 0 0 4 8 16 24 32 40 44 48 44 40 32 24 16 8 4 0 0 0 0 0 
0 0 0 0 4 12 24 36 48 60 72 80 84 80 72 60 48 36 24 12 4 0 0 0 0 
0 0 0 4 12 24 40 60 80 100 120 132 136 132 120 100 80 60 40 24 12 4 0 0 0 
0 0 0 8 24 40 64 92 124 152 180 200 208 200 180 152 124 92 64 40 24 8 0 0 0 
0 0 4 16 36 60 92 132 176 216 256 288 300 288 256 216 176 132 92 60 36 16 4 0 0 
0 0 8 24 48 80 124 176 232 292 352 400 420 400 352 292 232 176 124 80 48 24 8 0 0 
0 4 12 32 60 100 152 216 292 380 472 552 592 552 472 380 292 216 152 100 60 32 12 4 0 
0 4 16 40 72 120 180 256 352 472 612 756 848 756 612 472 352 256 180 120 72 40 16 4 0 
0 4 20 44 80 132 200 288 400 552 756 1024 1296 1024 756 552 400 288 200 132 80 44 20 4 0 
0 4 20 48 84 136 208 300 420 592 848 1296 2296 1296 848 592 420 300 208 136 84 48 20 4 0 
0 4 20 44 80 132 200 288 400 552 756 1024 1296 1024 756 552 400 288 200 132 80 44 20 4 0 
0 4 16 40 72 120 180 256 352 472 612 756 848 756 612 472 352 256 180 120 72 40 16 4 0 
0 4 12 32 60 100 152 216 292 380 472 552 592 552 472 380 292 216 152 100 60 32 12 4 0 
0 0 8 24 48 80 124 176 232 292 352 400 420 400 352 292 232 176 124 80 48 24 8 0 0 
0 0 4 16 36 60 92 132 176 216 256 288 300 288 256 216 176 132 92 60 36 16 4 0 0 
0 0 0 8 24 40 64 92 124 152 180 200 208 200 180 152 124 92 64 40 24 8 0 0 0 
0 0 0 4 12 24 40 60 80 100 120 132 136 132 120 100 80 60 40 24 12 4 0 0 0 
0 0 0 0 4 12 24 36 48 60 72 80 84 80 72 60 48 36 24 12 4 0 0 0 0 
0 0 0 0 0 4 8 16 24 32 40 44 48 44 40 32 24 16 8 4 0 0 0 0 0 
0 0 0 0 0 0 0 4 8 12 16 20 20 20 16 12 8 4 0 0 0 0 0 0 0 
0 0 0 0 0 0 0 0 0 4 4 4 4 4 4 4 0 0 0 0 0 0 0 0 0 
0 0 0 0 0 0 0 0 0 0 0 0 0 0 0 0 0 0 0 0 0 0 0 0 0 
