0 0 0 0 0 0 0 0 0 0 0 0 0 0 0 0 0 0 0 0 0 0 0 0 0 0 0 0 0 0 0 0 0 0 0 0 0 0 0 0 0 0 0 0 0 0 0 0 0 0 0 0 0 0 0 0 0 0 0 0 0 0 0 0 0 0 0 0 0 0 0 0 0 0 0 0 0 0 0 0 0 0 0 0 0 0 0 0 0 0 0 0 0 0 0 0 0 0 0 0 0 0 0 0 0 0 0 0 0 0 0 0 0 0 0 0 0 0 0 0 0 0 0 0 0 0 0 0 0 0 0 0 0 0 0 0 0 0 0 0 0 0 0 0 0 0 0 0 0 0 0 0 0 0 0 0 0 0 0 0 0 0 0 0 0 0 0 0 0 0 0 0 0 0 0 0 0 0 0 0 0 0 0 0 0 0 0 0 0 0 0 0 0 
0 0 0 0 0 0 0 0 0 0 0 0 0 0 0 0 0 0 0 0 0 0 0 0 0 0 0 0 0 0 0 0 0 0 0 0 0 0 0 0 0 0 0 0 0 0 0 0 0 0 0 0 0 0 0 0 0 0 0 0 0 0 0 0 0 0 0 0 0 0 0 0 0 0 0 0 0 0 0 0 0 0 0 0 0 0 0 0 0 0 0 0 3 3 3 3 3 3 3 3 3 3 3 3 3 3 3 3 3 3 3 3 3 3 3 3 3 3 3 3 3 3 3 3 3 3 3 3 3 3 3 3 3 3 3 3 3 3 3 3 3 3 3 3 3 3 3 3 3 3 3 3 3 3 3 3 3 3 3 3 3 3 0 0 0 0 0 0 0 0 0 0 0 0 0 0 0 0 0 0 0 0 0 0 0 0 0 0 0 0 0 0 0 
0 0 0 0 0 0 0 0 0 0 0 0 0 0 0 0 0 0 0 0 0 0 0 0 0 0 0 0 0 0 0 0 0 0 0 0 0 0 0 0 0 0 0 0 0 0 0 0 0 0 0 0 0 0 0 0 0 0 0 0 0 0 0 0 0 0 0 0 0 0 0 0 0 0 0 0 0 0 0 0 0 0 0 3 3 3 3 3 3 3 3 6 9 9 9 9 9 9 9 9 12 12 12 12 12 12 12 12 12 12 12 12 12 12 12 12 12 12 12 12 12 12 12 12 12 12 12 12 12 12 12 12 12 12 12 12 12 12 12 12 12 12 12 12 12 12 12 12 12 12 12 12 12 12 12 12 12 12 12 12 9 6 6 6 6 6 6 3 3 3 3 3 0 0 0 0 0 0 0 0 0 0 0 0 0 0 0 0 0 0 0 0 0 
0 0 0 0 0 0 0 0 0 0 0 0 0 0 0 0 0 0 0 0 0 0 0 0 0 0 0 0 0 0 0 0 0 0 0 0 0 0 0 0 0 0 0 0 0 0 0 0 0 0 0 0 0 0 0 0 0 0 0 0 0 0 0 0 0 0 0 0 0 0 0 0 0 0 0 3 3 3 3 3 3 3 6 9 9 9 9 9 9 9 12 15 18 18 18 18 18 18 18 21 24 24 24 24 24 24 24 24 27 27 27 27 27 27 27 27 27 27 27 27 27 27 27 27 27 27 27 27 27 27 27 27 27 27 27 27 27 27 27 27 27 27 27 27 27 27 27 27 27 27 27 27 27 27 27 27 27 27 24 21 18 18 18 18 18 15 12 12 12 12 9 6 6 6 3 3 3 0 0 0 0 0 0 0 0 0 0 0 0 0 0 0 0 
0 0 0 0 0 0 0 0 0 0 0 0 0 0 0 0 0 0 0 0 0 0 0 0 0 0 0 0 0 0 0 0 0 0 0 0 0 0 0 0 0 0 0 0 0 0 0 0 0 0 0 0 0 0 0 0 0 0 0 0 0 0 0 0 0 0 0 0 3 3 3 3 3 3 6 9 9 9 9 9 9 12 15 18 18 18 18 18 18 21 24 27 30 30 30 30 30 30 33 36 39 39 39 39 39 39 39 42 45 45 45 45 45 45 45 48 48 48 48 48 48 48 48 48 48 48 48 48 48 48 48 48 48 48 48 48 48 48 48 48 48 48 48 48 48 48 48 48 48 48 48 48 48 48 48 48 45 42 39 36 36 36 36 33 30 27 27 27 24 21 18 18 15 12 12 9 6 6 3 3 0 0 0 0 0 0 0 0 0 0 0 0 0 
0 0 0 0 0 0 0 0 0 0 0 0 0 0 0 0 0 0 0 0 0 0 0 0 0 0 0 0 0 0 0 0 0 0 0 0 0 0 0 0 0 0 0 0 0 0 0 0 0 0 0 0 0 0 0 0 0 0 0 0 0 3 3 3 3 3 3 6 9 9 9 9 9 12 15 18 18 18 18 18 21 24 27 30 30 30 30 30 33 36 39 42 45 45 45 45 45 48 51 54 57 57 57 57 57 57 60 63 66 66 66 66 66 66 69 72 72 72 72 72 72 75 75 75 75 75 75 75 75 75 75 75 75 75 75 75 75 75 75 75 75 75 75 75 75 75 75 75 75 75 75 75 75 75 72 69 66 63 60 60 60 57 54 51 48 48 45 42 39 36 33 30 27 24 21 18 15 12 9 6 6 3 3 0 0 0 0 0 0 0 0 0 0 
0 0 0 0 0 0 0 0 0 0 0 0 0 0 0 0 0 0 0 0 0 0 0 0 0 0 0 0 0 0 0 0 0 0 0 0 0 0 0 0 0 0 0 0 0 0 0 0 0 0 0 0 0 0 0 3 3 3 3 3 6 9 9 9 9 9 12 15 18 18 18 18 21 24 27 30 30 30 30 33 36 39 42 45 45 45 45 48 51 54 57 60 63 63 63 63 66 69 72 75 78 78 78 78 78 81 84 87 90 90 90 90 90 93 96 99 99 99 99 99 102 105 105 105 105 105 105 108 108 108 108 108 108 108 108 108 108 108 108 108 108 108 108 108 108 108 108 108 108 108 108 108 105 102 99 96 93 90 90 87 84 81 78 75 72 69 66 63 60 54 51 48 42 39 36 30 27 21 18 15 12 9 6 6 3 3 0 0 0 0 0 0 0 
0 0 0 0 0 0 0 0 0 0 0 0 0 0 0 0 0 0 0 0 0 0 0 0 0 0 0 0 0 0 0 0 0 0 0 0 0 0 0 0 0 0 0 0 0 0 0 0 0 3 3 3 3 3 6 9 9 9 9 12 15 18 18 18 18 21 24 27 30 30 30 33 36 39 42 45 45 45 48 51 54 57 60 63 63 63 66 69 72 75 78 81 84 84 84 87 90 93 96 99 102 102 102 102 105 108 111 114 117 117 117 117 120 123 126 129 129 129 129 132 135 138 138 138 138 138 141 144 144 144 144 144 144 144 144 144 144 144 144 144 144 144 144 144 144 144 144 144 144 144 144 141 138 135 132 129 126 123 120 117 114 111 108 105 102 99 96 90 84 81 75 69 66 60 54 48 42 39 33 27 24 18 15 12 9 6 3 3 0 0 0 0 0 
0 0 0 0 0 0 0 0 0 0 0 0 0 0 0 0 0 0 0 0 0 0 0 0 0 0 0 0 0 0 0 0 0 0 0 0 0 0 0 0 0 0 0 0 3 3 3 3 6 9 9 9 9 12 15 18 18 18 21 24 27 30 30 30 33 36 39 42 45 45 48 51 54 57 60 63 63 66 69 72 75 78 81 84 84 87 90 93 96 99 102 105 108 108 111 114 117 120 123 126 129 129 129 132 135 138 141 144 147 147 147 150 153 156 159 162 162 162 165 168 171 174 174 174 174 177 180 183 183 183 183 183 186 186 186 186 186 186 186 186 186 186 186 186 186 186 186 186 186 186 183 180 177 174 171 168 165 162 159 156 153 150 147 144 141 135 129 123 117 111 105 99 93 87 78 72 66 60 51 45 39 33 27 21 15 12 9 6 3 0 0 0 0 
0 0 0 0 0 0 0 0 0 0 0 0 0 0 0 0 0 0 0 0 0 0 0 0 0 0 0 0 0 0 0 0 0 0 0 0 0 0 0 3 3 3 3 6 9 9 9 12 15 18 18 18 21 24 27 30 30 33 36 39 42 45 45 48 51 54 57 60 63 66 69 72 75 78 81 84 87 90 93 96 99 102 105 108 111 114 117 120 123 126 129 132 135 138 141 144 147 150 153 156 159 159 162 165 168 171 174 177 180 180 183 186 189 192 195 198 198 201 204 207 210 213 213 213 216 219 222 225 225 225 225 228 231 231 231 231 234 234 234 234 234 234 234 234 234 234 234 234 234 234 231 228 225 222 219 216 213 210 207 204 201 198 195 189 183 177 171 165 159 153 144 138 129 120 114 105 96 87 78 69 60 51 42 33 27 21 15 9 6 3 0 0 0 
0 0 0 0 0 0 0 0 0 0 0 0 0 0 0 0 0 0 0 0 0 0 0 0 0 0 0 0 0 0 0 0 0 0 0 3 3 3 6 9 9 9 12 15 18 18 21 24 27 30 30 33 36 39 42 45 48 51 54 57 60 63 66 69 72 75 78 81 87 90 93 96 99 102 105 108 111 117 120 123 126 129 132 135 138 144 147 150 153 156 159 162 168 171 174 177 180 183 186 189 192 195 198 201 204 207 210 213 216 219 222 225 228 231 234 237 240 243 246 249 252 255 255 258 261 264 267 270 270 270 273 276 279 279 279 282 285 285 285 288 288 288 288 288 288 288 288 288 288 288 285 282 282 279 276 273 270 267 264 261 258 255 249 243 237 231 225 219 210 201 192 183 174 165 156 144 135 123 111 99 87 75 63 54 42 33 24 18 12 6 3 0 0 
0 0 0 0 0 0 0 0 0 0 0 0 0 0 0 0 0 0 0 0 0 0 0 0 0 0 0 0 0 0 0 3 3 3 6 9 9 12 15 18 18 21 24 27 30 33 36 39 42 45 48 51 54 57 60 63 66 69 75 78 81 84 87 90 93 96 99 105 111 114 117 120 123 126 129 132 138 144 147 150 153 156 159 162 168 174 177 180 183 186 189 195 201 204 207 210 213 216 222 225 228 231 234 237 243 246 249 252 255 261 264 267 270 273 279 282 285 288 291 294 297 300 303 306 309 312 315 318 318 321 324 327 330 330 333 336 339 339 342 345 345 345 348 348 348 348 348 348 348 348 345 345 345 342 339 339 336 333 330 327 324 318 312 306 300 294 288 279 270 261 252 243 231 219 207 195 183 168 153 138 123 108 93 78 63 51 39 27 18 12 6 3 0 
0 0 0 0 0 0 0 0 0 0 0 0 0 0 0 0 0 0 0 0 0 0 0 0 0 0 0 0 3 3 6 9 9 12 15 18 21 24 27 30 33 36 39 42 45 48 51 54 60 63 66 69 72 75 78 81 84 90 96 99 102 105 108 111 114 117 123 129 135 138 141 144 147 150 153 159 165 171 174 177 180 183 186 192 198 204 207 210 213 216 222 228 234 237 240 243 246 252 258 261 264 267 270 276 282 285 288 291 297 303 306 309 312 318 324 327 330 333 339 342 345 348 354 357 360 363 366 369 372 375 378 381 384 387 390 393 396 399 402 405 405 408 411 411 411 414 414 414 414 414 414 414 414 411 411 411 408 408 405 402 396 393 387 381 375 369 363 354 345 336 324 312 300 288 273 258 243 225 207 189 171 153 132 111 93 75 57 42 30 18 9 3 0 
0 0 0 0 0 0 0 0 0 0 0 0 0 0 0 0 0 0 0 0 0 0 0 0 0 3 3 6 9 12 15 18 21 24 27 30 33 36 42 45 48 51 54 57 60 63 66 72 78 81 84 87 90 93 96 99 105 111 117 120 123 126 129 132 135 141 147 153 159 162 165 168 171 174 180 186 192 198 201 204 207 210 216 222 228 234 237 240 243 249 255 261 267 270 273 276 282 288 294 297 300 303 309 315 321 324 327 333 339 345 348 351 357 363 369 372 375 381 387 390 393 399 405 408 411 414 420 423 426 432 435 438 444 447 450 456 459 462 465 468 471 474 477 477 480 483 483 486 486 489 489 489 489 489 489 489 489 489 486 483 480 477 471 468 462 456 450 441 432 423 411 399 384 369 354 336 318 300 279 258 234 210 183 159 132 108 84 63 42 27 15 6 0 
0 0 0 0 0 0 0 0 0 0 0 0 0 0 0 0 0 0 0 0 0 0 3 3 6 9 12 15 21 24 27 30 33 36 39 42 45 51 57 60 63 66 69 72 75 78 84 90 96 99 102 105 108 111 114 120 126 132 138 141 144 147 150 153 159 165 171 177 183 186 189 192 195 201 207 213 219 225 228 231 234 240 246 252 258 264 267 270 276 282 288 294 300 303 306 312 318 324 330 333 336 342 348 354 360 363 369 375 381 387 390 396 402 408 414 417 423 429 435 438 444 450 456 459 462 468 474 477 483 489 492 498 504 507 513 519 522 528 531 537 540 543 546 549 552 555 558 561 564 567 567 570 573 573 576 576 576 576 576 576 573 570 567 564 561 555 549 543 534 525 513 501 486 471 453 435 417 396 372 345 315 285 252 219 186 153 120 87 60 36 18 6 0 
0 0 0 0 0 0 0 0 0 0 0 0 0 0 0 0 0 0 0 3 3 6 9 12 15 18 21 27 33 36 39 42 45 48 51 54 60 66 72 75 78 81 84 87 90 96 102 108 114 117 120 123 126 129 135 141 147 153 159 162 165 168 171 177 183 189 195 201 207 210 213 216 222 228 234 240 246 252 255 258 264 270 276 282 288 294 297 303 309 315 321 327 333 336 342 348 354 360 366 369 375 381 387 393 399 405 411 417 423 429 435 441 447 453 459 465 471 477 483 489 495 501 507 510 516 522 528 534 540 546 552 558 564 570 576 582 588 594 600 606 609 615 618 624 627 633 636 642 645 648 654 657 660 663 666 669 672 675 675 675 675 675 675 675 672 669 663 657 651 642 633 621 609 594 576 558 537 513 486 456 423 384 345 303 258 210 162 117 78 45 21 6 0 
0 0 0 0 0 0 0 0 0 0 0 0 0 0 0 0 0 3 6 9 12 15 18 21 24 27 33 39 45 48 51 54 57 60 63 69 75 81 87 90 93 96 99 102 108 114 120 126 132 135 138 141 144 150 156 162 168 174 180 183 186 189 195 201 207 213 219 225 231 234 237 243 249 255 261 267 273 279 282 288 294 300 306 312 318 324 330 336 342 348 354 360 366 372 378 384 390 396 402 408 414 420 426 435 441 447 453 459 465 474 480 486 492 498 507 513 519 525 534 540 546 552 558 564 570 579 585 591 600 606 612 621 627 633 642 648 657 663 669 675 681 687 693 699 705 711 717 723 729 735 741 747 753 756 762 768 774 780 783 786 789 792 795 795 795 795 792 789 786 780 774 765 753 741 726 708 687 663 633 600 561 519 468 411 351 285 219 156 99 51 18 3 0 
0 0 0 0 0 0 0 0 0 0 0 0 0 0 0 3 6 9 15 18 21 24 27 30 33 39 45 51 57 60 63 66 69 72 78 84 90 96 102 105 108 111 114 120 126 132 138 144 150 153 156 159 165 171 177 183 189 195 201 204 207 213 219 225 231 237 243 249 255 258 264 270 276 282 288 294 300 306 312 318 324 330 336 342 348 354 360 366 372 381 387 393 399 405 411 417 426 432 438 444 450 456 465 474 480 486 492 498 507 516 522 528 534 543 552 558 564 573 582 588 594 603 609 615 624 633 639 648 657 663 672 681 687 696 705 714 723 729 738 744 753 759 768 777 783 792 801 807 816 825 834 840 846 855 864 873 882 891 897 903 909 915 921 927 930 933 936 936 936 936 933 930 924 918 906 891 873 849 822 786 744 693 630 561 480 390 297 204 120 51 12 0 0 
0 0 0 0 0 0 0 0 0 0 0 0 0 3 6 9 12 18 24 27 30 33 36 39 45 51 57 63 69 72 75 78 81 87 93 99 105 111 117 120 123 126 132 138 144 150 156 162 168 171 174 180 186 192 198 204 210 216 222 225 231 237 243 249 255 261 267 273 279 285 291 297 303 309 315 321 327 333 339 345 351 357 363 369 375 381 387 393 402 411 417 423 429 435 441 450 459 465 471 477 483 492 501 510 516 522 528 537 546 555 561 567 576 585 594 600 609 618 627 633 642 651 657 666 675 684 693 702 711 720 729 738 747 759 768 777 786 795 804 813 822 834 843 852 864 873 882 894 906 915 924 933 945 957 969 981 993 1005 1014 1026 1035 1047 1056 1065 1074 1083 1092 1098 1104 1110 1116 1119 1122 1122 1116 1110 1098 1080 1056 1023 981 924 855 768 660 537 399 258 129 39 0 0 0 
0 0 0 0 0 0 0 0 0 0 0 3 6 9 12 15 21 27 33 36 39 42 45 51 57 63 69 75 81 84 87 90 96 102 108 114 120 126 132 135 138 144 150 156 162 168 174 180 186 189 195 201 207 213 219 225 231 237 243 249 255 261 267 273 279 285 291 297 303 309 315 321 327 333 339 345 351 357 363 369 375 381 387 393 399 405 411 420 429 438 444 450 456 462 471 480 489 495 501 507 516 525 534 543 549 555 564 573 582 591 597 606 615 624 633 642 651 660 669 678 687 696 705 714 723 735 744 753 762 774 783 792 804 816 825 837 846 858 867 879 891 903 915 927 939 951 966 978 990 1002 1014 1029 1044 1059 1074 1089 1104 1119 1134 1149 1167 1182 1197 1212 1227 1242 1257 1272 1287 1302 1317 1332 1344 1353 1362 1368 1368 1362 1350 1329 1293 1239 1164 1059 918 741 531 303 105 0 0 0 0 
0 0 0 0 0 0 0 0 0 0 6 9 12 15 18 24 30 36 42 45 48 51 57 63 69 75 81 87 93 96 99 105 111 117 123 129 135 141 147 150 156 162 168 174 180 186 192 198 204 210 216 222 228 234 240 246 252 258 264 270 276 282 288 294 300 306 312 318 324 330 336 342 348 354 360 366 372 378 384 390 396 402 408 414 420 426 435 444 453 462 468 474 480 489 498 507 516 522 528 537 546 555 564 573 579 588 597 606 615 624 633 642 651 660 669 681 690 699 708 717 729 738 747 756 768 780 789 798 810 822 831 843 855 867 879 891 903 915 930 942 957 969 984 996 1011 1026 1041 1056 1071 1086 1104 1122 1140 1158 1176 1194 1212 1233 1251 1272 1293 1314 1335 1359 1380 1404 1428 1455 1479 1506 1533 1560 1587 1614 1641 1665 1686 1704 1716 1719 1704 1668 1599 1482 1299 1032 675 282 0 0 0 0 0 
0 0 0 0 0 0 0 0 0 6 12 15 18 21 27 33 39 45 51 54 57 63 69 75 81 87 93 99 105 108 114 120 126 132 138 144 150 156 162 168 174 180 186 192 198 204 210 216 222 228 234 240 246 252 258 264 270 276 282 288 294 300 306 312 318 324 330 336 342 348 354 360 366 372 378 384 390 396 402 408 414 420 426 432 438 447 456 465 474 483 489 495 504 513 522 531 540 546 555 564 573 582 591 600 609 618 627 636 645 654 663 672 681 690 702 714 723 732 741 753 765 774 783 795 807 819 828 840 852 864 876 888 903 915 927 942 954 969 984 999 1014 1029 1044 1059 1077 1092 1110 1128 1146 1167 1185 1206 1227 1248 1269 1290 1314 1338 1362 1386 1413 1440 1470 1500 1530 1563 1599 1635 1674 1713 1755 1800 1845 1893 1944 1998 2052 2106 2160 2208 2247 2262 2235 2130 1893 1443 744 0 0 0 0 0 0 
0 0 0 0 0 0 0 0 6 12 18 21 24 30 36 42 48 54 60 63 69 75 81 87 93 99 105 111 117 123 129 135 141 147 153 159 165 171 177 183 189 195 201 207 213 219 225 231 237 243 249 255 261 267 273 279 285 291 297 303 309 315 321 327 333 339 345 351 357 363 369 375 381 387 393 399 405 411 417 423 429 435 441 447 456 465 474 483 492 501 507 516 525 534 543 552 561 570 579 588 597 606 615 624 633 642 651 660 669 678 687 696 705 717 729 741 750 759 771 783 795 804 816 828 840 852 864 876 888 900 912 927 942 954 969 984 999 1014 1032 1047 1062 1080 1095 1113 1131 1152 1170 1191 1212 1233 1254 1278 1299 1323 1347 1374 1401 1428 1458 1488 1521 1554 1590 1629 1668 1710 1755 1803 1854 1908 1968 2031 2100 2175 2256 2346 2445 2556 2679 2811 2952 3093 3204 3207 2916 1953 0 0 0 0 0 0 0 
0 0 0 0 0 0 0 6 12 18 24 27 33 39 45 51 57 63 69 75 81 87 93 99 105 111 117 123 129 135 141 147 153 159 165 171 177 183 189 195 201 207 213 219 225 231 237 243 249 255 261 267 273 279 285 291 297 303 309 315 321 327 333 339 345 351 357 363 369 375 381 387 393 399 405 411 417 423 429 435 441 447 453 462 471 480 489 498 507 516 525 534 543 552 561 570 579 588 597 606 615 624 633 642 651 660 669 678 687 696 705 714 726 738 750 762 771 783 795 807 819 831 843 855 867 879 891 903 915 927 942 957 972 987 1002 1017 1032 1050 1068 1083 1101 1119 1137 1155 1176 1197 1218 1239 1263 1284 1308 1332 1356 1383 1413 1440 1470 1503 1536 1572 1608 1647 1689 1734 1782 1833 1887 1944 2007 2076 2151 2235 2328 2430 2547 2679 2835 3018 3237 3507 3846 4278 4818 5358 5121 0 0 0 0 0 0 0 0 
0 0 0 0 0 0 6 12 18 24 30 36 42 48 54 60 66 72 78 84 90 96 102 108 114 120 126 132 138 144 150 156 162 168 174 180 186 192 198 204 210 216 222 228 234 240 246 252 258 264 270 276 282 288 294 300 306 312 318 324 330 336 342 348 354 360 366 372 378 384 390 396 402 408 414 420 426 432 438 444 450 456 465 474 483 492 501 510 519 528 537 546 555 564 573 582 591 600 609 618 627 636 645 654 663 672 681 690 699 708 717 729 741 753 765 777 789 801 813 825 837 849 861 873 885 897 909 921 933 948 963 978 993 1008 1023 1038 1056 1074 1092 1110 1128 1146 1164 1185 1206 1227 1248 1272 1296 1320 1344 1368 1395 1425 1455 1485 1518 1554 1590 1626 1668 1710 1758 1806 1860 1917 1977 2043 2115 2193 2283 2382 2493 2619 2763 2937 3144 3399 3726 4167 4815 5892 8043 13413 0 0 0 0 0 0 0 0 0 
0 0 0 0 0 6 12 18 24 27 33 39 45 51 57 63 69 75 81 87 93 99 105 111 117 123 129 135 141 147 153 159 165 171 177 183 189 195 201 207 213 219 225 231 237 243 249 255 261 267 273 279 285 291 297 303 309 315 321 327 333 339 345 351 357 363 369 375 381 387 393 399 405 411 417 423 429 435 441 447 453 462 471 480 489 498 507 516 525 534 543 552 561 570 579 588 597 606 615 624 633 642 651 660 669 678 687 696 705 714 726 738 750 762 771 783 795 807 819 831 843 855 867 879 891 903 915 927 942 957 972 987 1002 1017 1032 1050 1068 1083 1101 1119 1137 1155 1176 1197 1218 1239 1263 1284 1308 1332 1356 1383 1413 1440 1470 1503 1536 1572 1608 1647 1689 1734 1782 1833 1887 1944 2007 2076 2151 2235 2328 2430 2547 2679 2835 3018 3237 3507 3846 4278 4818 5358 5121 0 0 0 0 0 0 0 0 0 0 
0 0 0 0 6 12 18 21 24 30 36 42 48 54 60 63 69 75 81 87 93 99 105 111 117 123 129 135 141 147 153 159 165 171 177 183 189 195 201 207 213 219 225 231 237 243 249 255 261 267 273 279 285 291 297 303 309 315 321 327 333 339 345 351 357 363 369 375 381 387 393 399 405 411 417 423 429 435 441 447 456 465 474 483 492 501 507 516 525 534 543 552 561 570 579 588 597 606 615 624 633 642 651 660 669 678 687 696 705 717 729 741 750 759 771 783 795 804 816 828 840 852 864 876 888 900 912 927 942 954 969 984 999 1014 1032 1047 1062 1080 1095 1113 1131 1152 1170 1191 1212 1233 1254 1278 1299 1323 1347 1374 1401 1428 1458 1488 1521 1554 1590 1629 1668 1710 1755 1803 1854 1908 1968 2031 2100 2175 2256 2346 2445 2556 2679 2811 2952 3093 3204 3207 2916 1953 0 0 0 0 0 0 0 0 0 0 0 
0 0 0 6 12 15 18 21 27 33 39 45 51 54 57 63 69 75 81 87 93 99 105 108 114 120 126 132 138 144 150 156 162 168 174 180 186 192 198 204 210 216 222 228 234 240 246 252 258 264 270 276 282 288 294 300 306 312 318 324 330 336 342 348 354 360 366 372 378 384 390 396 402 408 414 420 426 432 438 447 456 465 474 483 489 495 504 513 522 531 540 546 555 564 573 582 591 600 609 618 627 636 645 654 663 672 681 690 702 714 723 732 741 753 765 774 783 795 807 819 828 840 852 864 876 888 903 915 927 942 954 969 984 999 1014 1029 1044 1059 1077 1092 1110 1128 1146 1167 1185 1206 1227 1248 1269 1290 1314 1338 1362 1386 1413 1440 1470 1500 1530 1563 1599 1635 1674 1713 1755 1800 1845 1893 1944 1998 2052 2106 2160 2208 2247 2262 2235 2130 1893 1443 744 0 0 0 0 0 0 0 0 0 0 0 0 
0 0 6 9 12 15 18 24 30 36 42 45 48 51 57 63 69 75 81 87 93 96 99 105 111 117 123 129 135 141 147 150 156 162 168 174 180 186 192 198 204 210 216 222 228 234 240 246 252 258 264 270 276 282 288 294 300 306 312 318 324 330 336 342 348 354 360 366 372 378 384 390 396 402 408 414 420 426 435 444 453 462 468 474 480 489 498 507 516 522 528 537 546 555 564 573 579 588 597 606 615 624 633 642 651 660 669 681 690 699 708 717 729 738 747 756 768 780 789 798 810 822 831 843 855 867 879 891 903 915 930 942 957 969 984 996 1011 1026 1041 1056 1071 1086 1104 1122 1140 1158 1176 1194 1212 1233 1251 1272 1293 1314 1335 1359 1380 1404 1428 1455 1479 1506 1533 1560 1587 1614 1641 1665 1686 1704 1716 1719 1704 1668 1599 1482 1299 1032 675 282 0 0 0 0 0 0 0 0 0 0 0 0 0 
0 3 6 9 12 15 21 27 33 36 39 42 45 51 57 63 69 75 81 84 87 90 96 102 108 114 120 126 132 135 138 144 150 156 162 168 174 180 186 189 195 201 207 213 219 225 231 237 243 249 255 261 267 273 279 285 291 297 303 309 315 321 327 333 339 345 351 357 363 369 375 381 387 393 399 405 411 420 429 438 444 450 456 462 471 480 489 495 501 507 516 525 534 543 549 555 564 573 582 591 597 606 615 624 633 642 651 660 669 678 687 696 705 714 723 735 744 753 762 774 783 792 804 816 825 837 846 858 867 879 891 903 915 927 939 951 966 978 990 1002 1014 1029 1044 1059 1074 1089 1104 1119 1134 1149 1167 1182 1197 1212 1227 1242 1257 1272 1287 1302 1317 1332 1344 1353 1362 1368 1368 1362 1350 1329 1293 1239 1164 1059 918 741 531 303 105 0 0 0 0 0 0 0 0 0 0 0 0 0 0 
0 3 6 9 12 18 24 27 30 33 36 39 45 51 57 63 69 72 75 78 81 87 93 99 105 111 117 120 123 126 132 138 144 150 156 162 168 171 174 180 186 192 198 204 210 216 222 225 231 237 243 249 255 261 267 273 279 285 291 297 303 309 315 321 327 333 339 345 351 357 363 369 375 381 387 393 402 411 417 423 429 435 441 450 459 465 471 477 483 492 501 510 516 522 528 537 546 555 561 567 576 585 594 600 609 618 627 633 642 651 657 666 675 684 693 702 711 720 729 738 747 759 768 777 786 795 804 813 822 834 843 852 864 873 882 894 906 915 924 933 945 957 969 981 993 1005 1014 1026 1035 1047 1056 1065 1074 1083 1092 1098 1104 1110 1116 1119 1122 1122 1116 1110 1098 1080 1056 1023 981 924 855 768 660 537 399 258 129 39 0 0 0 0 0 0 0 0 0 0 0 0 0 0 0 
0 3 6 9 15 18 21 24 27 30 33 39 45 51 57 60 63 66 69 72 78 84 90 96 102 105 108 111 114 120 126 132 138 144 150 153 156 159 165 171 177 183 189 195 201 204 207 213 219 225 231 237 243 249 255 258 264 270 276 282 288 294 300 306 312 318 324 330 336 342 348 354 360 366 372 381 387 393 399 405 411 417 426 432 438 444 450 456 465 474 480 486 492 498 507 516 522 528 534 543 552 558 564 573 582 588 594 603 609 615 624 633 639 648 657 663 672 681 687 696 705 714 723 729 738 744 753 759 768 777 783 792 801 807 816 825 834 840 846 855 864 873 882 891 897 903 909 915 921 927 930 933 936 936 936 936 933 930 924 918 906 891 873 849 822 786 744 693 630 561 480 390 297 204 120 51 12 0 0 0 0 0 0 0 0 0 0 0 0 0 0 0 0 
0 3 6 9 12 15 18 21 24 27 33 39 45 48 51 54 57 60 63 69 75 81 87 90 93 96 99 102 108 114 120 126 132 135 138 141 144 150 156 162 168 174 180 183 186 189 195 201 207 213 219 225 231 234 237 243 249 255 261 267 273 279 282 288 294 300 306 312 318 324 330 336 342 348 354 360 366 372 378 384 390 396 402 408 414 420 426 435 441 447 453 459 465 474 480 486 492 498 507 513 519 525 534 540 546 552 558 564 570 579 585 591 600 606 612 621 627 633 642 648 657 663 669 675 681 687 693 699 705 711 717 723 729 735 741 747 753 756 762 768 774 780 783 786 789 792 795 795 795 795 792 789 786 780 774 765 753 741 726 708 687 663 633 600 561 519 468 411 351 285 219 156 99 51 18 3 0 0 0 0 0 0 0 0 0 0 0 0 0 0 0 0 0 
0 3 3 6 9 12 15 18 21 27 33 36 39 42 45 48 51 54 60 66 72 75 78 81 84 87 90 96 102 108 114 117 120 123 126 129 135 141 147 153 159 162 165 168 171 177 183 189 195 201 207 210 213 216 222 228 234 240 246 252 255 258 264 270 276 282 288 294 297 303 309 315 321 327 333 336 342 348 354 360 366 369 375 381 387 393 399 405 411 417 423 429 435 441 447 453 459 465 471 477 483 489 495 501 507 510 516 522 528 534 540 546 552 558 564 570 576 582 588 594 600 606 609 615 618 624 627 633 636 642 645 648 654 657 660 663 666 669 672 675 675 675 675 675 675 675 672 669 663 657 651 642 633 621 609 594 576 558 537 513 486 456 423 384 345 303 258 210 162 117 78 45 21 6 0 0 0 0 0 0 0 0 0 0 0 0 0 0 0 0 0 0 0 
0 0 3 3 6 9 12 15 21 24 27 30 33 36 39 42 45 51 57 60 63 66 69 72 75 78 84 90 96 99 102 105 108 111 114 120 126 132 138 141 144 147 150 153 159 165 171 177 183 186 189 192 195 201 207 213 219 225 228 231 234 240 246 252 258 264 267 270 276 282 288 294 300 303 306 312 318 324 330 333 336 342 348 354 360 363 369 375 381 387 390 396 402 408 414 417 423 429 435 438 444 450 456 459 462 468 474 477 483 489 492 498 504 507 513 519 522 528 531 537 540 543 546 549 552 555 558 561 564 567 567 570 573 573 576 576 576 576 576 576 573 570 567 564 561 555 549 543 534 525 513 501 486 471 453 435 417 396 372 345 315 285 252 219 186 153 120 87 60 36 18 6 0 0 0 0 0 0 0 0 0 0 0 0 0 0 0 0 0 0 0 0 0 
0 0 0 3 3 6 9 12 15 18 21 24 27 30 33 36 42 45 48 51 54 57 60 63 66 72 78 81 84 87 90 93 96 99 105 111 117 120 123 126 129 132 135 141 147 153 159 162 165 168 171 174 180 186 192 198 201 204 207 210 216 222 228 234 237 240 243 249 255 261 267 270 273 276 282 288 294 297 300 303 309 315 321 324 327 333 339 345 348 351 357 363 369 372 375 381 387 390 393 399 405 408 411 414 420 423 426 432 435 438 444 447 450 456 459 462 465 468 471 474 477 477 480 483 483 486 486 489 489 489 489 489 489 489 489 489 486 483 480 477 471 468 462 456 450 441 432 423 411 399 384 369 354 336 318 300 279 258 234 210 183 159 132 108 84 63 42 27 15 6 0 0 0 0 0 0 0 0 0 0 0 0 0 0 0 0 0 0 0 0 0 0 0 
0 0 0 0 3 3 6 9 9 12 15 18 21 24 27 30 33 36 39 42 45 48 51 54 60 63 66 69 72 75 78 81 84 90 96 99 102 105 108 111 114 117 123 129 135 138 141 144 147 150 153 159 165 171 174 177 180 183 186 192 198 204 207 210 213 216 222 228 234 237 240 243 246 252 258 261 264 267 270 276 282 285 288 291 297 303 306 309 312 318 324 327 330 333 339 342 345 348 354 357 360 363 366 369 372 375 378 381 384 387 390 393 396 399 402 405 405 408 411 411 411 414 414 414 414 414 414 414 414 411 411 411 408 408 405 402 396 393 387 381 375 369 363 354 345 336 324 312 300 288 273 258 243 225 207 189 171 153 132 111 93 75 57 42 30 18 9 3 0 0 0 0 0 0 0 0 0 0 0 0 0 0 0 0 0 0 0 0 0 0 0 0 0 
0 0 0 0 0 3 3 3 6 9 9 12 15 18 18 21 24 27 30 33 36 39 42 45 48 51 54 57 60 63 66 69 75 78 81 84 87 90 93 96 99 105 111 114 117 120 123 126 129 132 138 144 147 150 153 156 159 162 168 174 177 180 183 186 189 195 201 204 207 210 213 216 222 225 228 231 234 237 243 246 249 252 255 261 264 267 270 273 279 282 285 288 291 294 297 300 303 306 309 312 315 318 318 321 324 327 330 330 333 336 339 339 342 345 345 345 348 348 348 348 348 348 348 348 345 345 345 342 339 339 336 333 330 327 324 318 312 306 300 294 288 279 270 261 252 243 231 219 207 195 183 168 153 138 123 108 93 78 63 51 39 27 18 12 6 3 0 0 0 0 0 0 0 0 0 0 0 0 0 0 0 0 0 0 0 0 0 0 0 0 0 0 0 
0 0 0 0 0 0 0 3 3 3 6 9 9 9 12 15 18 18 21 24 27 30 30 33 36 39 42 45 48 51 54 57 60 63 66 69 72 75 78 81 87 90 93 96 99 102 105 108 111 117 120 123 126 129 132 135 138 144 147 150 153 156 159 162 168 171 174 177 180 183 186 189 192 195 198 201 204 207 210 213 216 219 222 225 228 231 234 237 240 243 246 249 252 255 255 258 261 264 267 270 270 270 273 276 279 279 279 282 285 285 285 288 288 288 288 288 288 288 288 288 288 288 285 282 282 279 276 273 270 267 264 261 258 255 249 243 237 231 225 219 210 201 192 183 174 165 156 144 135 123 111 99 87 75 63 54 42 33 24 18 12 6 3 0 0 0 0 0 0 0 0 0 0 0 0 0 0 0 0 0 0 0 0 0 0 0 0 0 0 0 0 0 0 
0 0 0 0 0 0 0 0 0 3 3 3 3 6 9 9 9 12 15 18 18 18 21 24 27 30 30 33 36 39 42 45 45 48 51 54 57 60 63 66 69 72 75 78 81 84 87 90 93 96 99 102 105 108 111 114 117 120 123 126 129 132 135 138 141 144 147 150 153 156 159 159 162 165 168 171 174 177 180 180 183 186 189 192 195 198 198 201 204 207 210 213 213 213 216 219 222 225 225 225 225 228 231 231 231 231 234 234 234 234 234 234 234 234 234 234 234 234 234 234 231 228 225 222 219 216 213 210 207 204 201 198 195 189 183 177 171 165 159 153 144 138 129 120 114 105 96 87 78 69 60 51 42 33 27 21 15 9 6 3 0 0 0 0 0 0 0 0 0 0 0 0 0 0 0 0 0 0 0 0 0 0 0 0 0 0 0 0 0 0 0 0 0 
0 0 0 0 0 0 0 0 0 0 0 0 3 3 3 3 6 9 9 9 9 12 15 18 18 18 21 24 27 30 30 30 33 36 39 42 45 45 48 51 54 57 60 63 63 66 69 72 75 78 81 84 84 87 90 93 96 99 102 105 108 108 111 114 117 120 123 126 129 129 129 132 135 138 141 144 147 147 147 150 153 156 159 162 162 162 165 168 171 174 174 174 174 177 180 183 183 183 183 183 186 186 186 186 186 186 186 186 186 186 186 186 186 186 186 186 186 186 183 180 177 174 171 168 165 162 159 156 153 150 147 144 141 135 129 123 117 111 105 99 93 87 78 72 66 60 51 45 39 33 27 21 15 12 9 6 3 0 0 0 0 0 0 0 0 0 0 0 0 0 0 0 0 0 0 0 0 0 0 0 0 0 0 0 0 0 0 0 0 0 0 0 0 
0 0 0 0 0 0 0 0 0 0 0 0 0 0 0 3 3 3 3 3 6 9 9 9 9 12 15 18 18 18 18 21 24 27 30 30 30 33 36 39 42 45 45 45 48 51 54 57 60 63 63 63 66 69 72 75 78 81 84 84 84 87 90 93 96 99 102 102 102 102 105 108 111 114 117 117 117 117 120 123 126 129 129 129 129 132 135 138 138 138 138 138 141 144 144 144 144 144 144 144 144 144 144 144 144 144 144 144 144 144 144 144 144 144 144 144 144 141 138 135 132 129 126 123 120 117 114 111 108 105 102 99 96 90 84 81 75 69 66 60 54 48 42 39 33 27 24 18 15 12 9 6 3 3 0 0 0 0 0 0 0 0 0 0 0 0 0 0 0 0 0 0 0 0 0 0 0 0 0 0 0 0 0 0 0 0 0 0 0 0 0 0 0 
0 0 0 0 0 0 0 0 0 0 0 0 0 0 0 0 0 0 0 3 3 3 3 3 6 9 9 9 9 9 12 15 18 18 18 18 21 24 27 30 30 30 30 33 36 39 42 45 45 45 45 48 51 54 57 60 63 63 63 63 66 69 72 75 78 78 78 78 78 81 84 87 90 90 90 90 90 93 96 99 99 99 99 99 102 105 105 105 105 105 105 108 108 108 108 108 108 108 108 108 108 108 108 108 108 108 108 108 108 108 108 108 108 108 108 108 105 102 99 96 93 90 90 87 84 81 78 75 72 69 66 63 60 54 51 48 42 39 36 30 27 21 18 15 12 9 6 6 3 3 0 0 0 0 0 0 0 0 0 0 0 0 0 0 0 0 0 0 0 0 0 0 0 0 0 0 0 0 0 0 0 0 0 0 0 0 0 0 0 0 0 0 0 
0 0 0 0 0 0 0 0 0 0 0 0 0 0 0 0 0 0 0 0 0 0 0 3 3 3 3 3 3 6 9 9 9 9 9 12 15 18 18 18 18 18 21 24 27 30 30 30 30 30 33 36 39 42 45 45 45 45 45 48 51 54 57 57 57 57 57 57 60 63 66 66 66 66 66 66 69 72 72 72 72 72 72 75 75 75 75 75 75 75 75 75 75 75 75 75 75 75 75 75 75 75 75 75 75 75 75 75 75 75 75 75 75 75 75 75 72 69 66 63 60 60 60 57 54 51 48 48 45 42 39 36 33 30 27 24 21 18 15 12 9 6 6 3 3 0 0 0 0 0 0 0 0 0 0 0 0 0 0 0 0 0 0 0 0 0 0 0 0 0 0 0 0 0 0 0 0 0 0 0 0 0 0 0 0 0 0 0 0 0 0 0 0 
0 0 0 0 0 0 0 0 0 0 0 0 0 0 0 0 0 0 0 0 0 0 0 0 0 0 0 0 3 3 3 3 3 3 6 9 9 9 9 9 9 12 15 18 18 18 18 18 18 21 24 27 30 30 30 30 30 30 33 36 39 39 39 39 39 39 39 42 45 45 45 45 45 45 45 48 48 48 48 48 48 48 48 48 48 48 48 48 48 48 48 48 48 48 48 48 48 48 48 48 48 48 48 48 48 48 48 48 48 48 48 48 48 48 48 48 45 42 39 36 36 36 36 33 30 27 27 27 24 21 18 18 15 12 12 9 6 6 3 3 0 0 0 0 0 0 0 0 0 0 0 0 0 0 0 0 0 0 0 0 0 0 0 0 0 0 0 0 0 0 0 0 0 0 0 0 0 0 0 0 0 0 0 0 0 0 0 0 0 0 0 0 0 
0 0 0 0 0 0 0 0 0 0 0 0 0 0 0 0 0 0 0 0 0 0 0 0 0 0 0 0 0 0 0 0 0 3 3 3 3 3 3 3 6 9 9 9 9 9 9 9 12 15 18 18 18 18 18 18 18 21 24 24 24 24 24 24 24 24 27 27 27 27 27 27 27 27 27 27 27 27 27 27 27 27 27 27 27 27 27 27 27 27 27 27 27 27 27 27 27 27 27 27 27 27 27 27 27 27 27 27 27 27 27 27 27 27 27 27 24 21 18 18 18 18 18 15 12 12 12 12 9 6 6 6 3 3 3 0 0 0 0 0 0 0 0 0 0 0 0 0 0 0 0 0 0 0 0 0 0 0 0 0 0 0 0 0 0 0 0 0 0 0 0 0 0 0 0 0 0 0 0 0 0 0 0 0 0 0 0 0 0 0 0 0 0 
0 0 0 0 0 0 0 0 0 0 0 0 0 0 0 0 0 0 0 0 0 0 0 0 0 0 0 0 0 0 0 0 0 0 0 0 0 0 0 3 3 3 3 3 3 3 3 6 9 9 9 9 9 9 9 9 12 12 12 12 12 12 12 12 12 12 12 12 12 12 12 12 12 12 12 12 12 12 12 12 12 12 12 12 12 12 12 12 12 12 12 12 12 12 12 12 12 12 12 12 12 12 12 12 12 12 12 12 12 12 12 12 12 12 12 12 9 6 6 6 6 6 6 3 3 3 3 3 0 0 0 0 0 0 0 0 0 0 0 0 0 0 0 0 0 0 0 0 0 0 0 0 0 0 0 0 0 0 0 0 0 0 0 0 0 0 0 0 0 0 0 0 0 0 0 0 0 0 0 0 0 0 0 0 0 0 0 0 0 0 0 0 0 
0 0 0 0 0 0 0 0 0 0 0 0 0 0 0 0 0 0 0 0 0 0 0 0 0 0 0 0 0 0 0 0 0 0 0 0 0 0 0 0 0 0 0 0 0 0 3 3 3 3 3 3 3 3 3 3 3 3 3 3 3 3 3 3 3 3 3 3 3 3 3 3 3 3 3 3 3 3 3 3 3 3 3 3 3 3 3 3 3 3 3 3 3 3 3 3 3 3 3 3 3 3 3 3 3 3 3 3 3 3 3 3 3 3 3 3 0 0 0 0 0 0 0 0 0 0 0 0 0 0 0 0 0 0 0 0 0 0 0 0 0 0 0 0 0 0 0 0 0 0 0 0 0 0 0 0 0 0 0 0 0 0 0 0 0 0 0 0 0 0 0 0 0 0 0 0 0 0 0 0 0 0 0 0 0 0 0 0 0 0 0 0 0 
0 0 0 0 0 0 0 0 0 0 0 0 0 0 0 0 0 0 0 0 0 0 0 0 0 0 0 0 0 0 0 0 0 0 0 0 0 0 0 0 0 0 0 0 0 0 0 0 0 0 0 0 0 0 0 0 0 0 0 0 0 0 0 0 0 0 0 0 0 0 0 0 0 0 0 0 0 0 0 0 0 0 0 0 0 0 0 0 0 0 0 0 0 0 0 0 0 0 0 0 0 0 0 0 0 0 0 0 0 0 0 0 0 0 0 0 0 0 0 0 0 0 0 0 0 0 0 0 0 0 0 0 0 0 0 0 0 0 0 0 0 0 0 0 0 0 0 0 0 0 0 0 0 0 0 0 0 0 0 0 0 0 0 0 0 0 0 0 0 0 0 0 0 0 0 0 0 0 0 0 0 0 0 0 0 0 0 0 0 0 0 0 0 
