3 4 4 4 4 4 4 4 4 4 4 4 4 4 4 4 4 4 4 4 4 4 4 4 4 4 4 4 4 4 4 4 4 4 4 4 4 4 4 4 4 4 4 4 4 4 4 4 4 4 4 4 4 4 4 4 4 4 4 4 4 4 4 4 4 4 4 4 4 4 3 
4 0.96 2.96 2.96 2.96 2.96 2.96 3.96 3.96 3.96 3.96 3.96 3.96 3.96 3.96 3.96 3.96 3.96 3.96 3.96 3.96 3.96 3.96 3.96 3.96 3.96 3.96 3.96 3.96 3.96 3.96 3.96 3.96 3.96 3.96 3.96 3.96 3.96 3.96 3.96 3.96 3.96 3.96 3.96 3.96 3.96 3.96 3.96 3.96 3.96 3.96 3.96 3.96 3.96 3.96 3.96 3.96 3.96 3.96 3.96 3.96 3.96 3.96 3.96 2.96 2.96 2.96 2.96 2.96 0.96 4 
4 2.96 0.92 2.92 2.92 2.92 3.92 0.88 2.88 2.88 2.88 2.88 3.88 3.88 3.88 3.88 3.88 3.88 3.88 3.88 3.88 3.88 3.88 3.88 3.88 3.88 3.88 3.88 3.88 3.88 3.88 3.88 3.88 3.88 3.88 3.88 3.88 3.88 3.88 3.88 3.88 3.88 3.88 3.88 3.88 3.88 3.88 3.88 3.88 3.88 3.88 3.88 3.88 3.88 3.88 3.88 3.88 3.88 3.88 2.88 2.88 2.88 2.88 0.88 3.92 2.92 2.92 2.92 0.92 2.96 4 
4 2.96 2.92 0.88 2.88 2.88 3.88 2.84 0.8 2.8 2.8 3.8 0.76 2.76 2.76 2.76 3.76 3.76 3.76 3.76 3.76 3.76 3.76 3.76 3.76 3.76 3.76 3.76 3.76 3.76 3.76 3.76 3.76 3.76 3.76 3.76 3.76 3.76 3.76 3.76 3.76 3.76 3.76 3.76 3.76 3.76 3.76 3.76 3.76 3.76 3.76 3.76 3.76 3.76 3.76 2.76 2.76 2.76 0.76 3.8 2.8 2.8 0.8 2.84 3.88 2.88 2.88 0.88 2.92 2.96 4 
4 2.96 2.92 2.88 0.84 2.84 3.84 2.8 2.76 0.72 2.72 3.72 2.68 0.64 2.64 3.64 0.6 2.6 2.6 3.6 3.6 3.6 3.6 3.6 3.6 3.6 3.6 3.6 3.6 3.6 3.6 3.6 3.6 3.6 3.6 3.6 3.6 3.6 3.6 3.6 3.6 3.6 3.6 3.6 3.6 3.6 3.6 3.6 3.6 3.6 3.6 3.6 2.6 2.6 0.6 3.64 2.64 0.64 2.68 3.72 2.72 0.72 2.76 2.8 3.84 2.84 0.84 2.88 2.92 2.96 4 
4 2.96 2.92 2.88 2.84 0.8 3.8 2.76 2.72 2.68 0.64 3.64 2.6 2.56 0.52 3.52 2.48 0.44 3.44 0.4 2.4 2.4 3.4 3.4 3.4 3.4 3.4 3.4 3.4 3.4 3.4 3.4 3.4 3.4 3.4 3.4 3.4 3.4 3.4 3.4 3.4 3.4 3.4 3.4 3.4 3.4 3.4 3.4 3.4 2.4 2.4 0.4 3.44 0.44 2.48 3.52 0.52 2.56 2.6 3.64 0.64 2.68 2.72 2.76 3.8 0.8 2.84 2.88 2.92 2.96 4 
4 2.96 3.92 3.88 3.84 3.8 2.76 3.72 3.68 3.64 3.6 2.56 3.52 3.48 3.44 3.4 3.36 3.32 2.28 2.24 0.2 3.2 0.16 2.16 3.16 3.16 3.16 3.16 3.16 3.16 3.16 3.16 3.16 3.16 3.16 3.16 3.16 3.16 3.16 3.16 3.16 3.16 3.16 3.16 3.16 3.16 3.16 2.16 0.16 3.2 0.2 2.24 2.28 3.32 3.36 3.4 3.44 3.48 3.52 2.56 3.6 3.64 3.68 3.72 2.76 3.8 3.84 3.88 3.92 2.96 4 
4 3.96 0.88 2.84 2.8 2.76 3.72 0.64 2.6 2.56 2.52 3.48 0.4 2.36 3.32 0.24 2.2 2.16 2.12 3.08 4.04 3 3.96 2.92 0.88 2.88 3.88 3.88 3.88 3.88 3.88 3.88 3.88 3.88 3.88 3.88 3.88 3.88 3.88 3.88 3.88 3.88 3.88 3.88 3.88 2.88 0.88 2.92 3.96 3 4.04 3.08 2.12 2.16 2.2 0.24 3.32 2.36 0.4 3.48 2.52 2.56 2.6 0.64 3.72 2.76 2.8 2.84 0.88 3.96 4 
4 3.96 2.88 0.8 2.76 2.72 3.68 2.6 0.52 2.48 2.44 3.4 2.32 0.24 3.2 2.12 0.04 2 3.96 2.88 0.8 3.76 0.68 2.64 3.6 2.56 0.52 2.52 2.52 2.52 2.52 2.52 2.52 2.52 2.52 2.52 2.52 2.52 2.52 2.52 2.52 2.52 2.52 2.52 0.52 2.56 3.6 2.64 0.68 3.76 0.8 2.88 3.96 2 0.04 2.12 3.2 0.24 2.32 3.4 2.44 2.48 0.52 2.6 3.68 2.72 2.76 0.8 2.88 3.96 4 
4 3.96 2.88 2.8 0.72 2.68 3.64 2.56 2.48 0.4 2.36 3.32 2.24 2.16 1.08 2 2.92 2.84 3.76 0.64 2.56 2.48 3.4 2.32 0.24 2.2 3.16 1.12 3.12 3.12 3.12 3.12 3.12 3.12 3.12 3.12 3.12 3.12 3.12 3.12 3.12 3.12 3.12 1.12 3.16 2.2 0.24 2.32 3.4 2.48 2.56 0.64 3.76 2.84 2.92 2 1.08 2.16 2.24 3.32 2.36 0.4 2.48 2.56 3.64 2.68 0.72 2.8 2.88 3.96 4 
4 3.96 2.88 2.8 2.72 0.64 3.6 2.52 2.44 2.36 0.28 3.24 2.16 2.08 4 2.88 2.76 2.64 2.52 3.4 3.28 3.16 1.04 2.96 3.88 3.8 1.72 3.68 1.64 3.64 3.64 3.64 3.64 3.64 3.64 3.64 3.64 3.64 3.64 3.64 3.64 3.64 1.64 3.68 1.72 3.8 3.88 2.96 1.04 3.16 3.28 3.4 2.52 2.64 2.76 2.88 4 2.08 2.16 3.24 0.28 2.36 2.44 2.52 3.6 0.64 2.72 2.8 2.88 3.96 4 
4 3.96 2.88 3.8 3.72 3.64 2.56 3.48 3.4 3.32 3.24 2.16 2.08 4 3.88 2.72 2.56 2.4 2.24 3.08 2.92 1.76 3.64 3.52 3.4 1.28 3.2 1.12 3.08 2.04 4.04 4.04 4.04 4.04 4.04 4.04 4.04 4.04 4.04 4.04 4.04 2.04 3.08 1.12 3.2 1.28 3.4 3.52 3.64 1.76 2.92 3.08 2.24 2.4 2.56 2.72 3.88 4 2.08 2.16 3.24 3.32 3.4 3.48 2.56 3.64 3.72 3.8 2.88 3.96 4 
4 3.96 3.88 0.76 2.68 2.6 3.52 0.4 2.32 2.24 2.16 2.08 4 3.88 3.72 2.52 2.32 3.12 3.92 0.68 2.48 1.28 3.12 2.96 1.8 3.68 1.56 3.48 3.4 2.32 1.28 3.28 3.28 3.28 3.28 3.28 3.28 3.28 3.28 3.28 1.28 2.32 3.4 3.48 1.56 3.68 1.8 2.96 3.12 1.28 2.48 0.68 3.92 3.12 2.32 2.52 3.72 3.88 4 2.08 2.16 2.24 2.32 0.4 3.52 2.6 2.68 0.76 3.88 3.96 4 
4 3.96 3.88 2.76 0.64 2.56 3.48 2.36 0.24 2.16 2.08 4 3.88 3.72 3.52 2.28 4.04 0.76 3.52 3.24 1.96 3.72 1.48 3.28 2.08 1.92 3.8 3.68 3.56 0.44 3.4 1.36 3.36 3.36 3.36 3.36 3.36 3.36 3.36 1.36 3.4 0.44 3.56 3.68 3.8 1.92 2.08 3.28 1.48 3.72 1.96 3.24 3.52 0.76 4.04 2.28 3.52 3.72 3.88 4 2.08 2.16 0.24 2.36 3.48 2.56 0.64 2.76 3.88 3.96 4 
4 3.96 3.88 2.76 2.64 0.52 3.44 3.32 3.2 1.08 4 3.88 3.72 3.52 3.28 4 1.68 2.36 4.04 3.68 2.32 2 3.72 2.44 3.2 3 3.84 3.68 1.52 2.4 1.32 3.28 1.24 3.24 3.24 3.24 3.24 3.24 1.24 3.28 1.32 2.4 1.52 3.68 3.84 3 3.2 2.44 3.72 2 2.32 3.68 4.04 2.36 1.68 4 3.28 3.52 3.72 3.88 4 1.08 3.2 3.32 3.44 0.52 2.64 2.76 3.88 3.96 4 
4 3.96 3.88 2.76 3.64 3.52 3.4 0.24 2.12 2 2.88 2.72 2.52 2.28 4 0.64 3.28 3.88 3.44 0.96 1.52 2.12 3.76 2.4 0.08 1.84 3.64 1.44 3.28 1.12 4.04 1.96 3.92 2.88 3.88 3.88 3.88 2.88 3.92 1.96 4.04 1.12 3.28 1.44 3.64 1.84 0.08 2.4 3.76 2.12 1.52 0.96 3.44 3.88 3.28 0.64 4 2.28 2.52 2.72 2.88 2 2.12 0.24 3.4 3.52 3.64 2.76 3.88 3.96 4 
4 3.96 3.88 3.76 0.6 2.48 3.36 2.2 0.04 2.92 2.76 2.56 2.32 4.04 1.68 3.28 1.8 2.28 2.72 2.12 3.56 4.04 3.56 2.12 3.76 2.44 0.16 3.96 3.76 0.56 1.44 3.36 3.28 0.2 3.2 3.2 3.2 0.2 3.28 3.36 1.44 0.56 3.76 3.96 0.16 2.44 3.76 2.12 3.56 4.04 3.56 2.12 2.72 2.28 1.8 3.28 1.68 4.04 2.32 2.56 2.76 2.92 0.04 2.2 3.36 2.48 0.6 3.76 3.88 3.96 4 
4 3.96 3.88 3.76 2.6 0.44 3.32 2.16 2 2.84 2.64 2.4 3.12 0.76 2.36 3.88 2.28 0.6 3.88 2.08 1.32 1.64 2.04 2.52 2.08 3.72 3.4 2.12 1.88 2.68 2.52 3.4 2.28 2.2 2.16 3.16 2.16 2.2 2.28 3.4 2.52 2.68 1.88 2.12 3.4 3.72 2.08 2.52 2.04 1.64 1.32 2.08 3.88 0.6 2.28 3.88 2.36 0.76 3.12 2.4 2.64 2.84 2 2.16 3.32 0.44 2.6 3.76 3.88 3.96 4 
4 3.96 3.88 3.76 2.6 3.44 2.28 2.12 3.96 3.76 2.52 2.24 3.92 3.52 4.04 3.44 2.72 3.88 0.88 3.8 3.8 2.92 2.16 1.52 2 1.56 3.2 3.88 3.6 3.36 3.16 4 0.84 3.76 0.68 3.68 0.68 3.76 0.84 4 3.16 3.36 3.6 3.88 3.2 1.56 2 1.52 2.16 2.92 3.8 3.8 0.88 3.88 2.72 3.44 4.04 3.52 3.92 2.24 2.52 3.76 3.96 2.12 2.28 3.44 2.6 3.76 3.88 3.96 4 
4 3.96 3.88 3.76 3.6 0.4 2.24 3.08 2.88 0.64 3.4 3.08 0.68 3.24 3.68 0.96 2.12 2.08 3.8 3.12 3.8 3.72 1.8 1.04 3.44 2.92 3.48 1.08 2.76 2.48 2.24 2.04 2.88 2.76 2.68 0.64 2.68 2.76 2.88 2.04 2.24 2.48 2.76 1.08 3.48 2.92 3.44 1.04 1.8 3.72 3.8 3.12 3.8 2.08 2.12 0.96 3.68 3.24 0.68 3.08 3.4 0.64 2.88 3.08 2.24 0.4 3.6 3.76 3.88 3.96 4 
4 3.96 3.88 3.76 3.6 2.4 0.2 4.04 0.8 2.56 3.28 2.92 2.48 1.96 2.32 1.52 3.56 1.32 3.8 3.8 0.2 3.96 3.92 2.04 2.32 2.72 2.2 3.76 2.36 4.04 3.76 3.52 3.32 2.16 3.08 2.04 3.08 2.16 3.32 3.52 3.76 4.04 2.36 3.76 2.2 2.72 2.32 2.04 3.92 3.96 0.2 3.8 3.8 1.32 3.56 1.52 2.32 1.96 2.48 2.92 3.28 2.56 0.8 4.04 0.2 2.4 3.6 3.76 3.88 3.96 4 
4 3.96 3.88 3.76 3.6 2.4 3.2 3 3.76 2.48 3.16 1.76 1.28 3.72 2 2.12 4.04 1.64 2.92 3.72 3.96 1.52 2.36 3.4 0.56 2.88 2.28 2.76 1.28 0.88 2.56 3.28 3.04 0.84 3.76 2.72 3.76 0.84 3.04 3.28 2.56 0.88 1.28 2.76 2.28 2.88 0.56 3.4 2.36 1.52 3.96 3.72 2.92 1.64 4.04 2.12 2 3.72 1.28 1.76 3.16 2.48 3.76 3 3.2 2.4 3.6 3.76 3.88 3.96 4 
4 3.96 3.88 3.76 3.6 3.4 0.16 3.96 0.68 3.4 1.04 3.64 3.12 1.48 3.72 3.76 3.56 2.04 2.16 1.8 3.92 2.36 1.08 4.04 3.12 1.32 2.64 4.04 2.48 3 3.6 2.24 3.96 1.72 3.6 3.56 3.6 1.72 3.96 2.24 3.6 3 2.48 4.04 2.64 1.32 3.12 4.04 1.08 2.36 3.92 1.8 2.16 2.04 3.56 3.76 3.72 1.48 3.12 3.64 1.04 3.4 0.68 3.96 0.16 3.4 3.6 3.76 3.88 3.96 4 
4 3.96 3.88 3.76 3.6 3.4 2.16 2.92 2.64 2.32 2.96 3.52 2.96 3.28 2.44 2.4 2.12 2.52 1.52 1.04 2.04 3.4 4.04 2.88 3.88 4 2.2 1.48 2.84 0.24 3.76 3.32 2.96 3.68 0.48 3.44 0.48 3.68 2.96 3.32 3.76 0.24 2.84 1.48 2.2 4 3.88 2.88 4.04 3.4 2.04 1.04 1.52 2.52 2.12 2.4 2.44 3.28 2.96 3.52 2.96 2.32 2.64 2.92 2.16 3.4 3.6 3.76 3.88 3.96 4 
4 3.96 3.88 3.76 3.6 3.4 3.16 0.88 3.6 0.24 3.88 3.4 1.8 2.08 3.2 0.08 3.76 2.08 2 3.44 2.32 0.56 3.12 3.88 0.76 2.8 3.92 2.08 3.32 2.6 1.96 1.4 3.96 3.6 3.36 3.28 3.36 3.6 3.96 1.4 1.96 2.6 3.32 2.08 3.92 2.8 0.76 3.88 3.12 0.56 2.32 3.44 2 2.08 3.76 0.08 3.2 2.08 1.8 3.4 3.88 0.24 3.6 0.88 3.16 3.4 3.6 3.76 3.88 3.96 4 
4 3.96 3.88 3.76 3.6 3.4 3.16 2.88 2.56 2.2 3.8 1.28 3.68 1.92 3 1.84 2.44 3.72 1.56 2.92 2.72 2.88 1.32 4 2.8 2.72 3.72 3.76 2.84 1.96 3.16 2.44 3.84 3.36 3.04 1.92 3.04 3.36 3.84 2.44 3.16 1.96 2.84 3.76 3.72 2.72 2.8 4 1.32 2.88 2.72 2.92 1.56 3.72 2.44 1.84 3 1.92 3.68 1.28 3.8 2.2 2.56 2.88 3.16 3.4 3.6 3.76 3.88 3.96 4 
4 3.96 3.88 3.76 3.6 3.4 3.16 3.88 0.52 3.16 1.72 3.2 1.56 3.8 3.84 3.64 0.16 3.4 3.2 3.48 2.2 2.28 2.64 2.2 3.92 3.72 2.56 2.44 3.36 2.28 0.24 3.32 0.48 2.84 2.4 2.24 2.4 2.84 0.48 3.32 0.24 2.28 3.36 2.44 2.56 3.72 3.92 2.2 2.64 2.28 2.2 3.48 3.2 3.4 0.16 3.64 3.84 3.8 1.56 3.2 1.72 3.16 0.52 3.88 3.16 3.4 3.6 3.76 3.88 3.96 4 
4 3.96 3.88 3.76 3.6 3.4 3.16 3.88 2.52 1.12 3.68 1.12 3.48 3.68 3.68 1.44 3.96 2.12 3.88 1.08 3.76 2.76 4.04 1.48 2.08 3.76 2.44 0.12 3.84 3.52 2.2 2.96 3.84 3.92 2.28 0.04 2.28 3.92 3.84 2.96 2.2 3.52 3.84 0.12 2.44 3.76 2.08 1.48 4.04 2.76 3.76 1.08 3.88 2.12 3.96 1.44 3.68 3.68 3.48 1.12 3.68 1.12 2.52 3.88 3.16 3.4 3.6 3.76 3.88 3.96 4 
4 3.96 3.88 3.76 3.6 3.4 3.16 3.88 2.52 3.12 1.64 3.08 3.4 3.56 1.52 3.28 3.76 1.88 3.6 2.76 2.36 1.28 2.48 2.84 3.32 2.84 3.36 3.84 1.24 1.6 2.92 2.24 3.68 3.36 2.44 3.12 2.44 3.36 3.68 2.24 2.92 1.6 1.24 3.84 3.36 2.84 3.32 2.84 2.48 1.28 2.36 2.76 3.6 1.88 3.76 3.28 1.52 3.56 3.4 3.08 1.64 3.12 2.52 3.88 3.16 3.4 3.6 3.76 3.88 3.96 4 
4 3.96 3.88 3.76 3.6 3.4 3.16 3.88 2.52 3.12 3.64 2.04 2.32 0.44 2.4 1.12 0.56 2.68 3.36 2.48 4.04 0.88 3 0.24 2.6 1.96 2.28 3.52 1.6 3.56 3.36 3.08 0.84 3.92 0.52 4.04 0.52 3.92 0.84 3.08 3.36 3.56 1.6 3.52 2.28 1.96 2.6 0.24 3 0.88 4.04 2.48 3.36 2.68 0.56 1.12 2.4 0.44 2.32 2.04 3.64 3.12 2.52 3.88 3.16 3.4 3.6 3.76 3.88 3.96 4 
4 3.96 3.88 3.76 3.6 3.4 3.16 3.88 2.52 3.12 3.64 4.04 1.28 3.4 1.32 4.04 1.44 2.52 3.16 2.24 3.76 2.56 3.6 3.76 1.96 3.16 0.24 2.2 2.92 3.36 0.48 3.4 1.2 3.28 3.08 2.24 3.08 3.28 1.2 3.4 0.48 3.36 2.92 2.2 0.24 3.16 1.96 3.76 3.6 2.56 3.76 2.24 3.16 2.52 1.44 4.04 1.32 3.4 1.28 4.04 3.64 3.12 2.52 3.88 3.16 3.4 3.6 3.76 3.88 3.96 4 
4 3.96 3.88 3.76 3.6 3.4 3.16 3.88 2.52 3.12 3.64 4.04 3.28 1.36 3.28 1.96 3.36 3.4 4 2.04 3.52 3.28 2.24 3.32 1.4 2.44 3.32 2.96 2.24 3.08 3.4 3.2 2.6 4.04 0.32 3.8 0.32 4.04 2.6 3.2 3.4 3.08 2.24 2.96 3.32 2.44 1.4 3.32 2.24 3.28 3.52 2.04 4 3.4 3.36 1.96 3.28 1.36 3.28 4.04 3.64 3.12 2.52 3.88 3.16 3.4 3.6 3.76 3.88 3.96 4 
4 3.96 3.88 3.76 3.6 3.4 3.16 3.88 2.52 3.12 3.64 4.04 3.28 3.36 1.24 3.92 3.28 2.28 0.84 2.88 3.32 3.04 3.96 2.96 3.96 3.84 0.48 3.84 3.68 0.84 1.2 2.6 4 3.76 3.16 3.92 3.16 3.76 4 2.6 1.2 0.84 3.68 3.84 0.48 3.84 3.96 2.96 3.96 3.04 3.32 2.88 0.84 2.28 3.28 3.92 1.24 3.36 3.28 4.04 3.64 3.12 2.52 3.88 3.16 3.4 3.6 3.76 3.88 3.96 4 
4 3.96 3.88 3.76 3.6 3.4 3.16 3.88 2.52 3.12 3.64 4.04 3.28 3.36 3.24 2.88 0.2 2.2 3.76 2.76 2.16 0.84 1.72 3.68 3.6 3.36 2.84 3.92 3.36 3.92 3.28 4.04 3.76 1.28 3.84 1.6 3.84 1.28 3.76 4.04 3.28 3.92 3.36 3.92 2.84 3.36 3.6 3.68 1.72 0.84 2.16 2.76 3.76 2.2 0.2 2.88 3.24 3.36 3.28 4.04 3.64 3.12 2.52 3.88 3.16 3.4 3.6 3.76 3.88 3.96 4 
4 3.96 3.88 3.76 3.6 3.4 3.16 3.88 2.52 3.12 3.64 4.04 3.28 3.36 3.24 3.88 3.2 2.16 0.68 2.68 3.08 3.76 3.6 0.48 3.36 3.04 2.4 2.28 2.44 0.52 3.08 0.32 3.16 3.84 2.8 4.04 2.8 3.84 3.16 0.32 3.08 0.52 2.44 2.28 2.4 3.04 3.36 0.48 3.6 3.76 3.08 2.68 0.68 2.16 3.2 3.88 3.24 3.36 3.28 4.04 3.64 3.12 2.52 3.88 3.16 3.4 3.6 3.76 3.88 3.96 4 
4 3.96 3.88 3.76 3.6 3.4 3.16 3.88 2.52 3.12 3.64 4.04 3.28 3.36 3.24 3.88 3.2 3.16 3.68 0.64 2.04 2.72 3.56 3.44 3.28 1.92 2.24 0.04 3.12 4.04 2.24 3.8 3.92 1.6 4.04 3.44 4.04 1.6 3.92 3.8 2.24 4.04 3.12 0.04 2.24 1.92 3.28 3.44 3.56 2.72 2.04 0.64 3.68 3.16 3.2 3.88 3.24 3.36 3.28 4.04 3.64 3.12 2.52 3.88 3.16 3.4 3.6 3.76 3.88 3.96 4 
4 3.96 3.88 3.76 3.6 3.4 3.16 3.88 2.52 3.12 3.64 4.04 3.28 3.36 3.24 3.88 3.2 2.16 0.68 2.68 3.08 3.76 3.6 0.48 3.36 3.04 2.4 2.28 2.44 0.52 3.08 0.32 3.16 3.84 2.8 4.04 2.8 3.84 3.16 0.32 3.08 0.52 2.44 2.28 2.4 3.04 3.36 0.48 3.6 3.76 3.08 2.68 0.68 2.16 3.2 3.88 3.24 3.36 3.28 4.04 3.64 3.12 2.52 3.88 3.16 3.4 3.6 3.76 3.88 3.96 4 
4 3.96 3.88 3.76 3.6 3.4 3.16 3.88 2.52 3.12 3.64 4.04 3.28 3.36 3.24 2.88 0.2 2.2 3.76 2.76 2.16 0.84 1.72 3.68 3.6 3.36 2.84 3.92 3.36 3.92 3.28 4.04 3.76 1.28 3.84 1.6 3.84 1.28 3.76 4.04 3.28 3.92 3.36 3.92 2.84 3.36 3.6 3.68 1.72 0.84 2.16 2.76 3.76 2.2 0.2 2.88 3.24 3.36 3.28 4.04 3.64 3.12 2.52 3.88 3.16 3.4 3.6 3.76 3.88 3.96 4 
4 3.96 3.88 3.76 3.6 3.4 3.16 3.88 2.52 3.12 3.64 4.04 3.28 3.36 1.24 3.92 3.28 2.28 0.84 2.88 3.32 3.04 3.96 2.96 3.96 3.84 0.48 3.84 3.68 0.84 1.2 2.6 4 3.76 3.16 3.92 3.16 3.76 4 2.6 1.2 0.84 3.68 3.84 0.48 3.84 3.96 2.96 3.96 3.04 3.32 2.88 0.84 2.28 3.28 3.92 1.24 3.36 3.28 4.04 3.64 3.12 2.52 3.88 3.16 3.4 3.6 3.76 3.88 3.96 4 
4 3.96 3.88 3.76 3.6 3.4 3.16 3.88 2.52 3.12 3.64 4.04 3.28 1.36 3.28 1.96 3.36 3.4 4 2.04 3.52 3.28 2.24 3.32 1.4 2.44 3.32 2.96 2.24 3.08 3.4 3.2 2.6 4.04 0.32 3.8 0.32 4.04 2.6 3.2 3.4 3.08 2.24 2.96 3.32 2.44 1.4 3.32 2.24 3.28 3.52 2.04 4 3.4 3.36 1.96 3.28 1.36 3.28 4.04 3.64 3.12 2.52 3.88 3.16 3.4 3.6 3.76 3.88 3.96 4 
4 3.96 3.88 3.76 3.6 3.4 3.16 3.88 2.52 3.12 3.64 4.04 1.28 3.4 1.32 4.04 1.44 2.52 3.16 2.24 3.76 2.56 3.6 3.76 1.96 3.16 0.24 2.2 2.92 3.36 0.48 3.4 1.2 3.28 3.08 2.24 3.08 3.28 1.2 3.4 0.48 3.36 2.92 2.2 0.24 3.16 1.96 3.76 3.6 2.56 3.76 2.24 3.16 2.52 1.44 4.04 1.32 3.4 1.28 4.04 3.64 3.12 2.52 3.88 3.16 3.4 3.6 3.76 3.88 3.96 4 
4 3.96 3.88 3.76 3.6 3.4 3.16 3.88 2.52 3.12 3.64 2.04 2.32 0.44 2.4 1.12 0.56 2.68 3.36 2.48 4.04 0.88 3 0.24 2.6 1.96 2.28 3.52 1.6 3.56 3.36 3.08 0.84 3.92 0.52 4.04 0.52 3.92 0.84 3.08 3.36 3.56 1.6 3.52 2.28 1.96 2.6 0.24 3 0.88 4.04 2.48 3.36 2.68 0.56 1.12 2.4 0.44 2.32 2.04 3.64 3.12 2.52 3.88 3.16 3.4 3.6 3.76 3.88 3.96 4 
4 3.96 3.88 3.76 3.6 3.4 3.16 3.88 2.52 3.12 1.64 3.08 3.4 3.56 1.52 3.28 3.76 1.88 3.6 2.76 2.36 1.28 2.48 2.84 3.32 2.84 3.36 3.84 1.24 1.6 2.92 2.24 3.68 3.36 2.44 3.12 2.44 3.36 3.68 2.24 2.92 1.6 1.24 3.84 3.36 2.84 3.32 2.84 2.48 1.28 2.36 2.76 3.6 1.88 3.76 3.28 1.52 3.56 3.4 3.08 1.64 3.12 2.52 3.88 3.16 3.4 3.6 3.76 3.88 3.96 4 
4 3.96 3.88 3.76 3.6 3.4 3.16 3.88 2.52 1.12 3.68 1.12 3.48 3.68 3.68 1.44 3.96 2.12 3.88 1.08 3.76 2.76 4.04 1.48 2.08 3.76 2.44 0.12 3.84 3.52 2.2 2.96 3.84 3.92 2.28 0.04 2.28 3.92 3.84 2.96 2.2 3.52 3.84 0.12 2.44 3.76 2.08 1.48 4.04 2.76 3.76 1.08 3.88 2.12 3.96 1.44 3.68 3.68 3.48 1.12 3.68 1.12 2.52 3.88 3.16 3.4 3.6 3.76 3.88 3.96 4 
4 3.96 3.88 3.76 3.6 3.4 3.16 3.88 0.52 3.16 1.72 3.2 1.56 3.8 3.84 3.64 0.16 3.4 3.2 3.48 2.2 2.28 2.64 2.2 3.92 3.72 2.56 2.44 3.36 2.28 0.24 3.32 0.48 2.84 2.4 2.24 2.4 2.84 0.48 3.32 0.24 2.28 3.36 2.44 2.56 3.72 3.92 2.2 2.64 2.28 2.2 3.48 3.2 3.4 0.16 3.64 3.84 3.8 1.56 3.2 1.72 3.16 0.52 3.88 3.16 3.4 3.6 3.76 3.88 3.96 4 
4 3.96 3.88 3.76 3.6 3.4 3.16 2.88 2.56 2.2 3.8 1.28 3.68 1.92 3 1.84 2.44 3.72 1.56 2.92 2.72 2.88 1.32 4 2.8 2.72 3.72 3.76 2.84 1.96 3.16 2.44 3.84 3.36 3.04 1.92 3.04 3.36 3.84 2.44 3.16 1.96 2.84 3.76 3.72 2.72 2.8 4 1.32 2.88 2.72 2.92 1.56 3.72 2.44 1.84 3 1.92 3.68 1.28 3.8 2.2 2.56 2.88 3.16 3.4 3.6 3.76 3.88 3.96 4 
4 3.96 3.88 3.76 3.6 3.4 3.16 0.88 3.6 0.24 3.88 3.4 1.8 2.08 3.2 0.08 3.76 2.08 2 3.44 2.32 0.56 3.12 3.88 0.76 2.8 3.92 2.08 3.32 2.6 1.96 1.4 3.96 3.6 3.36 3.28 3.36 3.6 3.96 1.4 1.96 2.6 3.32 2.08 3.92 2.8 0.76 3.88 3.12 0.56 2.32 3.44 2 2.08 3.76 0.08 3.2 2.08 1.8 3.4 3.88 0.24 3.6 0.88 3.16 3.4 3.6 3.76 3.88 3.96 4 
4 3.96 3.88 3.76 3.6 3.4 2.16 2.92 2.64 2.32 2.96 3.52 2.96 3.28 2.44 2.4 2.12 2.52 1.52 1.04 2.04 3.4 4.04 2.88 3.88 4 2.2 1.48 2.84 0.24 3.76 3.32 2.96 3.68 0.48 3.44 0.48 3.68 2.96 3.32 3.76 0.24 2.84 1.48 2.2 4 3.88 2.88 4.04 3.4 2.04 1.04 1.52 2.52 2.12 2.4 2.44 3.28 2.96 3.52 2.96 2.32 2.64 2.92 2.16 3.4 3.6 3.76 3.88 3.96 4 
4 3.96 3.88 3.76 3.6 3.4 0.16 3.96 0.68 3.4 1.04 3.64 3.12 1.48 3.72 3.76 3.56 2.04 2.16 1.8 3.92 2.36 1.08 4.04 3.12 1.32 2.64 4.04 2.48 3 3.6 2.24 3.96 1.72 3.6 3.56 3.6 1.72 3.96 2.24 3.6 3 2.48 4.04 2.64 1.32 3.12 4.04 1.08 2.36 3.92 1.8 2.16 2.04 3.56 3.76 3.72 1.48 3.12 3.64 1.04 3.4 0.68 3.96 0.16 3.4 3.6 3.76 3.88 3.96 4 
4 3.96 3.88 3.76 3.6 2.4 3.2 3 3.76 2.48 3.16 1.76 1.28 3.72 2 2.12 4.04 1.64 2.92 3.72 3.96 1.52 2.36 3.4 0.56 2.88 2.28 2.76 1.28 0.88 2.56 3.28 3.04 0.84 3.76 2.72 3.76 0.84 3.04 3.28 2.56 0.88 1.28 2.76 2.28 2.88 0.56 3.4 2.36 1.52 3.96 3.72 2.92 1.64 4.04 2.12 2 3.72 1.28 1.76 3.16 2.48 3.76 3 3.2 2.4 3.6 3.76 3.88 3.96 4 
4 3.96 3.88 3.76 3.6 2.4 0.2 4.04 0.8 2.56 3.28 2.92 2.48 1.96 2.32 1.52 3.56 1.32 3.8 3.8 0.2 3.96 3.92 2.04 2.32 2.72 2.2 3.76 2.36 4.04 3.76 3.52 3.32 2.16 3.08 2.04 3.08 2.16 3.32 3.52 3.76 4.04 2.36 3.76 2.2 2.72 2.32 2.04 3.92 3.96 0.2 3.8 3.8 1.32 3.56 1.52 2.32 1.96 2.48 2.92 3.28 2.56 0.8 4.04 0.2 2.4 3.6 3.76 3.88 3.96 4 
4 3.96 3.88 3.76 3.6 0.4 2.24 3.08 2.88 0.64 3.4 3.08 0.68 3.24 3.68 0.96 2.12 2.08 3.8 3.12 3.8 3.72 1.8 1.04 3.44 2.92 3.48 1.08 2.76 2.48 2.24 2.04 2.88 2.76 2.68 0.64 2.68 2.76 2.88 2.04 2.24 2.48 2.76 1.08 3.48 2.92 3.44 1.04 1.8 3.72 3.8 3.12 3.8 2.08 2.12 0.96 3.68 3.24 0.68 3.08 3.4 0.64 2.88 3.08 2.24 0.4 3.6 3.76 3.88 3.96 4 
4 3.96 3.88 3.76 2.6 3.44 2.28 2.12 3.96 3.76 2.52 2.24 3.92 3.52 4.04 3.44 2.72 3.88 0.88 3.8 3.8 2.92 2.16 1.52 2 1.56 3.2 3.88 3.6 3.36 3.16 4 0.84 3.76 0.68 3.68 0.68 3.76 0.84 4 3.16 3.36 3.6 3.88 3.2 1.56 2 1.52 2.16 2.92 3.8 3.8 0.88 3.88 2.72 3.44 4.04 3.52 3.92 2.24 2.52 3.76 3.96 2.12 2.28 3.44 2.6 3.76 3.88 3.96 4 
4 3.96 3.88 3.76 2.6 0.44 3.32 2.16 2 2.84 2.64 2.4 3.12 0.76 2.36 3.88 2.28 0.6 3.88 2.08 1.32 1.64 2.04 2.52 2.08 3.72 3.4 2.12 1.88 2.68 2.52 3.4 2.28 2.2 2.16 3.16 2.16 2.2 2.28 3.4 2.52 2.68 1.88 2.12 3.4 3.72 2.08 2.52 2.04 1.64 1.32 2.08 3.88 0.6 2.28 3.88 2.36 0.76 3.12 2.4 2.64 2.84 2 2.16 3.32 0.44 2.6 3.76 3.88 3.96 4 
4 3.96 3.88 3.76 0.6 2.48 3.36 2.2 0.04 2.92 2.76 2.56 2.32 4.04 1.68 3.28 1.8 2.28 2.72 2.12 3.56 4.04 3.56 2.12 3.76 2.44 0.16 3.96 3.76 0.56 1.44 3.36 3.28 0.2 3.2 3.2 3.2 0.2 3.28 3.36 1.44 0.56 3.76 3.96 0.16 2.44 3.76 2.12 3.56 4.04 3.56 2.12 2.72 2.28 1.8 3.28 1.68 4.04 2.32 2.56 2.76 2.92 0.04 2.2 3.36 2.48 0.6 3.76 3.88 3.96 4 
4 3.96 3.88 2.76 3.64 3.52 3.4 0.24 2.12 2 2.88 2.72 2.52 2.28 4 0.64 3.28 3.88 3.44 0.96 1.52 2.12 3.76 2.4 0.08 1.84 3.64 1.44 3.28 1.12 4.04 1.96 3.92 2.88 3.88 3.88 3.88 2.88 3.92 1.96 4.04 1.12 3.28 1.44 3.64 1.84 0.08 2.4 3.76 2.12 1.52 0.96 3.44 3.88 3.28 0.64 4 2.28 2.52 2.72 2.88 2 2.12 0.24 3.4 3.52 3.64 2.76 3.88 3.96 4 
4 3.96 3.88 2.76 2.64 0.52 3.44 3.32 3.2 1.08 4 3.88 3.72 3.52 3.28 4 1.68 2.36 4.04 3.68 2.32 2 3.72 2.44 3.2 3 3.84 3.68 1.52 2.4 1.32 3.28 1.24 3.24 3.24 3.24 3.24 3.24 1.24 3.28 1.32 2.4 1.52 3.68 3.84 3 3.2 2.44 3.72 2 2.32 3.68 4.04 2.36 1.68 4 3.28 3.52 3.72 3.88 4 1.08 3.2 3.32 3.44 0.52 2.64 2.76 3.88 3.96 4 
4 3.96 3.88 2.76 0.64 2.56 3.48 2.36 0.24 2.16 2.08 4 3.88 3.72 3.52 2.28 4.04 0.76 3.52 3.24 1.96 3.72 1.48 3.28 2.08 1.92 3.8 3.68 3.56 0.44 3.4 1.36 3.36 3.36 3.36 3.36 3.36 3.36 3.36 1.36 3.4 0.44 3.56 3.68 3.8 1.92 2.08 3.28 1.48 3.72 1.96 3.24 3.52 0.76 4.04 2.28 3.52 3.72 3.88 4 2.08 2.16 0.24 2.36 3.48 2.56 0.64 2.76 3.88 3.96 4 
4 3.96 3.88 0.76 2.68 2.6 3.52 0.4 2.32 2.24 2.16 2.08 4 3.88 3.72 2.52 2.32 3.12 3.92 0.68 2.48 1.28 3.12 2.96 1.8 3.68 1.56 3.48 3.4 2.32 1.28 3.28 3.28 3.28 3.28 3.28 3.28 3.28 3.28 3.28 1.28 2.32 3.4 3.48 1.56 3.68 1.8 2.96 3.12 1.28 2.48 0.68 3.92 3.12 2.32 2.52 3.72 3.88 4 2.08 2.16 2.24 2.32 0.4 3.52 2.6 2.68 0.76 3.88 3.96 4 
4 3.96 2.88 3.8 3.72 3.64 2.56 3.48 3.4 3.32 3.24 2.16 2.08 4 3.88 2.72 2.56 2.4 2.24 3.08 2.92 1.76 3.64 3.52 3.4 1.28 3.2 1.12 3.08 2.04 4.04 4.04 4.04 4.04 4.04 4.04 4.04 4.04 4.04 4.04 4.04 2.04 3.08 1.12 3.2 1.28 3.4 3.52 3.64 1.76 2.92 3.08 2.24 2.4 2.56 2.72 3.88 4 2.08 2.16 3.24 3.32 3.4 3.48 2.56 3.64 3.72 3.8 2.88 3.96 4 
4 3.96 2.88 2.8 2.72 0.64 3.6 2.52 2.44 2.36 0.28 3.24 2.16 2.08 4 2.88 2.76 2.64 2.52 3.4 3.28 3.16 1.04 2.96 3.88 3.8 1.72 3.68 1.64 3.64 3.64 3.64 3.64 3.64 3.64 3.64 3.64 3.64 3.64 3.64 3.64 3.64 1.64 3.68 1.72 3.8 3.88 2.96 1.04 3.16 3.28 3.4 2.52 2.64 2.76 2.88 4 2.08 2.16 3.24 0.28 2.36 2.44 2.52 3.6 0.64 2.72 2.8 2.88 3.96 4 
4 3.96 2.88 2.8 0.72 2.68 3.64 2.56 2.48 0.4 2.36 3.32 2.24 2.16 1.08 2 2.92 2.84 3.76 0.64 2.56 2.48 3.4 2.32 0.24 2.2 3.16 1.12 3.12 3.12 3.12 3.12 3.12 3.12 3.12 3.12 3.12 3.12 3.12 3.12 3.12 3.12 3.12 1.12 3.16 2.2 0.24 2.32 3.4 2.48 2.56 0.64 3.76 2.84 2.92 2 1.08 2.16 2.24 3.32 2.36 0.4 2.48 2.56 3.64 2.68 0.72 2.8 2.88 3.96 4 
4 3.96 2.88 0.8 2.76 2.72 3.68 2.6 0.52 2.48 2.44 3.4 2.32 0.24 3.2 2.12 0.04 2 3.96 2.88 0.8 3.76 0.68 2.64 3.6 2.56 0.52 2.52 2.52 2.52 2.52 2.52 2.52 2.52 2.52 2.52 2.52 2.52 2.52 2.52 2.52 2.52 2.52 2.52 0.52 2.56 3.6 2.64 0.68 3.76 0.8 2.88 3.96 2 0.04 2.12 3.2 0.24 2.32 3.4 2.44 2.48 0.52 2.6 3.68 2.72 2.76 0.8 2.88 3.96 4 
4 3.96 0.88 2.84 2.8 2.76 3.72 0.64 2.6 2.56 2.52 3.48 0.4 2.36 3.32 0.24 2.2 2.16 2.12 3.08 4.04 3 3.96 2.92 0.88 2.88 3.88 3.88 3.88 3.88 3.88 3.88 3.88 3.88 3.88 3.88 3.88 3.88 3.88 3.88 3.88 3.88 3.88 3.88 3.88 2.88 0.88 2.92 3.96 3 4.04 3.08 2.12 2.16 2.2 0.24 3.32 2.36 0.4 3.48 2.52 2.56 2.6 0.64 3.72 2.76 2.8 2.84 0.88 3.96 4 
4 2.96 3.92 3.88 3.84 3.8 2.76 3.72 3.68 3.64 3.6 2.56 3.52 3.48 3.44 3.4 3.36 3.32 2.28 2.24 0.2 3.2 0.16 2.16 3.16 3.16 3.16 3.16 3.16 3.16 3.16 3.16 3.16 3.16 3.16 3.16 3.16 3.16 3.16 3.16 3.16 3.16 3.16 3.16 3.16 3.16 3.16 2.16 0.16 3.2 0.2 2.24 2.28 3.32 3.36 3.4 3.44 3.48 3.52 2.56 3.6 3.64 3.68 3.72 2.76 3.8 3.84 3.88 3.92 2.96 4 
4 2.96 2.92 2.88 2.84 0.8 3.8 2.76 2.72 2.68 0.64 3.64 2.6 2.56 0.52 3.52 2.48 0.44 3.44 0.4 2.4 2.4 3.4 3.4 3.4 3.4 3.4 3.4 3.4 3.4 3.4 3.4 3.4 3.4 3.4 3.4 3.4 3.4 3.4 3.4 3.4 3.4 3.4 3.4 3.4 3.4 3.4 3.4 3.4 2.4 2.4 0.4 3.44 0.44 2.48 3.52 0.52 2.56 2.6 3.64 0.64 2.68 2.72 2.76 3.8 0.8 2.84 2.88 2.92 2.96 4 
4 2.96 2.92 2.88 0.84 2.84 3.84 2.8 2.76 0.72 2.72 3.72 2.68 0.64 2.64 3.64 0.6 2.6 2.6 3.6 3.6 3.6 3.6 3.6 3.6 3.6 3.6 3.6 3.6 3.6 3.6 3.6 3.6 3.6 3.6 3.6 3.6 3.6 3.6 3.6 3.6 3.6 3.6 3.6 3.6 3.6 3.6 3.6 3.6 3.6 3.6 3.6 2.6 2.6 0.6 3.64 2.64 0.64 2.68 3.72 2.72 0.72 2.76 2.8 3.84 2.84 0.84 2.88 2.92 2.96 4 
4 2.96 2.92 0.88 2.88 2.88 3.88 2.84 0.8 2.8 2.8 3.8 0.76 2.76 2.76 2.76 3.76 3.76 3.76 3.76 3.76 3.76 3.76 3.76 3.76 3.76 3.76 3.76 3.76 3.76 3.76 3.76 3.76 3.76 3.76 3.76 3.76 3.76 3.76 3.76 3.76 3.76 3.76 3.76 3.76 3.76 3.76 3.76 3.76 3.76 3.76 3.76 3.76 3.76 3.76 2.76 2.76 2.76 0.76 3.8 2.8 2.8 0.8 2.84 3.88 2.88 2.88 0.88 2.92 2.96 4 
4 2.96 0.92 2.92 2.92 2.92 3.92 0.88 2.88 2.88 2.88 2.88 3.88 3.88 3.88 3.88 3.88 3.88 3.88 3.88 3.88 3.88 3.88 3.88 3.88 3.88 3.88 3.88 3.88 3.88 3.88 3.88 3.88 3.88 3.88 3.88 3.88 3.88 3.88 3.88 3.88 3.88 3.88 3.88 3.88 3.88 3.88 3.88 3.88 3.88 3.88 3.88 3.88 3.88 3.88 3.88 3.88 3.88 3.88 2.88 2.88 2.88 2.88 0.88 3.92 2.92 2.92 2.92 0.92 2.96 4 
4 0.96 2.96 2.96 2.96 2.96 2.96 3.96 3.96 3.96 3.96 3.96 3.96 3.96 3.96 3.96 3.96 3.96 3.96 3.96 3.96 3.96 3.96 3.96 3.96 3.96 3.96 3.96 3.96 3.96 3.96 3.96 3.96 3.96 3.96 3.96 3.96 3.96 3.96 3.96 3.96 3.96 3.96 3.96 3.96 3.96 3.96 3.96 3.96 3.96 3.96 3.96 3.96 3.96 3.96 3.96 3.96 3.96 3.96 3.96 3.96 3.96 3.96 3.96 2.96 2.96 2.96 2.96 2.96 0.96 4 
3 4 4 4 4 4 4 4 4 4 4 4 4 4 4 4 4 4 4 4 4 4 4 4 4 4 4 4 4 4 4 4 4 4 4 4 4 4 4 4 4 4 4 4 4 4 4 4 4 4 4 4 4 4 4 4 4 4 4 4 4 4 4 4 4 4 4 4 4 4 3 
