0 0 0 0 0 0 0 0 0 0 0 0 0 0 0 0 0 0 0 0 0 0 0 0 0 0 0 0 0 0 0 0 0 0 0 0 0 0 0 0 0 0 0 0 0 0 0 0 0 0 0 0 0 0 0 0 0 0 0 0 0 0 0 0 0 0 0 0 0 0 0 0 0 0 0 
0 0 0 0 0 0 0 0 0 0 0 0 0 0 0 0 0 0 0 0 0 0 0 0 0 0 4 4 8 8 8 8 8 8 8 8 8 8 8 8 8 8 8 8 8 8 8 4 4 0 0 0 0 0 0 0 0 0 0 0 0 0 0 0 0 0 0 0 0 0 0 0 0 0 0 
0 0 0 0 0 0 0 0 0 0 0 0 0 0 0 0 0 0 0 0 0 0 0 0 4 8 12 16 20 24 28 28 28 28 28 28 28 28 28 28 28 28 28 28 28 24 20 16 12 8 4 0 0 0 0 0 0 0 0 0 0 0 0 0 0 0 0 0 0 0 0 0 0 0 0 
0 0 0 0 0 0 0 0 0 0 0 0 0 0 0 0 0 0 0 0 0 0 4 8 16 24 32 36 44 48 52 56 60 60 60 60 60 60 60 60 60 60 60 56 52 48 44 36 32 24 16 8 4 0 0 0 0 0 0 0 0 0 0 0 0 0 0 0 0 0 0 0 0 0 0 
0 0 0 0 0 0 0 0 0 0 0 0 0 0 0 0 0 0 0 0 4 8 16 24 36 48 56 64 72 80 88 92 96 100 104 104 104 104 104 104 104 100 96 92 88 80 72 64 56 48 36 24 16 8 4 0 0 0 0 0 0 0 0 0 0 0 0 0 0 0 0 0 0 0 0 
0 0 0 0 0 0 0 0 0 0 0 0 0 0 0 0 0 0 4 8 16 24 36 48 64 76 88 100 112 120 128 136 144 152 160 160 160 160 160 160 160 152 144 136 128 120 112 100 88 76 64 48 36 24 16 8 4 0 0 0 0 0 0 0 0 0 0 0 0 0 0 0 0 0 0 
0 0 0 0 0 0 0 0 0 0 0 0 0 0 0 0 0 4 12 24 36 48 64 80 96 112 128 144 156 168 180 192 204 216 224 228 228 228 228 228 224 216 204 192 180 168 156 144 128 112 96 80 64 48 36 24 12 4 0 0 0 0 0 0 0 0 0 0 0 0 0 0 0 0 0 
0 0 0 0 0 0 0 0 0 0 0 0 0 0 0 4 8 16 28 44 64 80 100 120 140 160 180 196 212 228 244 260 276 292 300 308 308 308 308 308 300 292 276 260 244 228 212 196 180 160 140 120 100 80 64 44 28 16 8 4 0 0 0 0 0 0 0 0 0 0 0 0 0 0 0 
0 0 0 0 0 0 0 0 0 0 0 0 0 0 4 12 24 36 52 72 96 120 144 168 192 216 240 260 280 300 320 340 360 376 388 396 400 400 400 396 388 376 360 340 320 300 280 260 240 216 192 168 144 120 96 72 52 36 24 12 4 0 0 0 0 0 0 0 0 0 0 0 0 0 0 
0 0 0 0 0 0 0 0 0 0 0 0 4 8 16 28 44 64 84 108 136 168 196 224 252 280 308 336 360 384 408 432 456 472 488 496 504 504 504 496 488 472 456 432 408 384 360 336 308 280 252 224 196 168 136 108 84 64 44 28 16 8 4 0 0 0 0 0 0 0 0 0 0 0 0 
0 0 0 0 0 0 0 0 0 0 0 4 12 24 36 52 72 96 124 152 184 220 256 288 324 356 388 420 452 480 508 536 560 580 596 608 616 620 616 608 596 580 560 536 508 480 452 420 388 356 324 288 256 220 184 152 124 96 72 52 36 24 12 4 0 0 0 0 0 0 0 0 0 0 0 
0 0 0 0 0 0 0 0 0 0 4 12 24 40 60 80 108 136 168 204 240 280 320 360 400 440 480 516 552 588 620 652 680 704 720 732 740 744 740 732 720 704 680 652 620 588 552 516 480 440 400 360 320 280 240 204 168 136 108 80 60 40 24 12 4 0 0 0 0 0 0 0 0 0 0 
0 0 0 0 0 0 0 0 0 4 12 24 40 60 84 112 144 180 220 260 304 348 396 440 488 532 576 620 664 708 744 780 812 836 856 872 880 884 880 872 856 836 812 780 744 708 664 620 576 532 488 440 396 348 304 260 220 180 144 112 84 60 40 24 12 4 0 0 0 0 0 0 0 0 0 
0 0 0 0 0 0 0 0 0 8 24 40 60 88 116 152 188 228 272 320 368 420 476 528 580 632 684 736 788 836 880 920 956 984 1008 1028 1036 1040 1036 1028 1008 984 956 920 880 836 788 736 684 632 580 528 476 420 368 320 272 228 188 152 116 88 60 40 24 8 0 0 0 0 0 0 0 0 0 
0 0 0 0 0 0 0 0 4 16 36 60 84 116 152 192 236 284 332 384 440 500 564 624 684 744 804 864 924 980 1032 1076 1116 1148 1176 1196 1208 1212 1208 1196 1176 1148 1116 1076 1032 980 924 864 804 744 684 624 564 500 440 384 332 284 236 192 152 116 84 60 36 16 4 0 0 0 0 0 0 0 0 
0 0 0 0 0 0 0 4 12 28 52 80 112 152 192 240 288 340 396 456 520 588 660 732 800 868 936 1004 1072 1136 1192 1244 1292 1328 1360 1380 1392 1396 1392 1380 1360 1328 1292 1244 1192 1136 1072 1004 936 868 800 732 660 588 520 456 396 340 288 240 192 152 112 80 52 28 12 4 0 0 0 0 0 0 0 
0 0 0 0 0 0 0 8 24 44 72 108 144 188 236 288 344 404 468 536 608 684 764 844 924 1004 1080 1156 1232 1304 1368 1428 1480 1524 1556 1580 1596 1600 1596 1580 1556 1524 1480 1428 1368 1304 1232 1156 1080 1004 924 844 764 684 608 536 468 404 344 288 236 188 144 108 72 44 24 8 0 0 0 0 0 0 0 
0 0 0 0 0 0 4 16 36 64 96 136 180 228 284 340 404 476 548 624 704 788 876 968 1056 1144 1232 1320 1404 1484 1560 1628 1688 1736 1772 1800 1820 1824 1820 1800 1772 1736 1688 1628 1560 1484 1404 1320 1232 1144 1056 968 876 788 704 624 548 476 404 340 284 228 180 136 96 64 36 16 4 0 0 0 0 0 0 
0 0 0 0 0 4 12 28 52 84 124 168 220 272 332 396 468 548 632 716 808 900 996 1096 1196 1296 1396 1496 1592 1680 1764 1840 1908 1964 2008 2040 2060 2068 2060 2040 2008 1964 1908 1840 1764 1680 1592 1496 1396 1296 1196 1096 996 900 808 716 632 548 468 396 332 272 220 168 124 84 52 28 12 4 0 0 0 0 0 
0 0 0 0 0 8 24 44 72 108 152 204 260 320 384 456 536 624 716 812 912 1016 1124 1236 1348 1460 1572 1684 1792 1892 1988 2072 2148 2212 2264 2304 2324 2332 2324 2304 2264 2212 2148 2072 1988 1892 1792 1684 1572 1460 1348 1236 1124 1016 912 812 716 624 536 456 384 320 260 204 152 108 72 44 24 8 0 0 0 0 0 
0 0 0 0 4 16 36 64 96 136 184 240 304 368 440 520 608 704 808 912 1024 1140 1260 1384 1508 1636 1760 1884 2004 2120 2228 2324 2412 2484 2544 2588 2612 2620 2612 2588 2544 2484 2412 2324 2228 2120 2004 1884 1760 1636 1508 1384 1260 1140 1024 912 808 704 608 520 440 368 304 240 184 136 96 64 36 16 4 0 0 0 0 
0 0 0 0 8 24 48 80 120 168 220 280 348 420 500 588 684 788 900 1016 1140 1272 1404 1540 1676 1816 1956 2096 2232 2364 2484 2596 2696 2780 2848 2896 2928 2936 2928 2896 2848 2780 2696 2596 2484 2364 2232 2096 1956 1816 1676 1540 1404 1272 1140 1016 900 788 684 588 500 420 348 280 220 168 120 80 48 24 8 0 0 0 0 
0 0 0 4 16 36 64 100 144 196 256 320 396 476 564 660 764 876 996 1124 1260 1404 1552 1700 1852 2008 2164 2320 2472 2620 2760 2888 3000 3096 3176 3232 3268 3280 3268 3232 3176 3096 3000 2888 2760 2620 2472 2320 2164 2008 1852 1700 1552 1404 1260 1124 996 876 764 660 564 476 396 320 256 196 144 100 64 36 16 4 0 0 0 
0 0 0 8 24 48 80 120 168 224 288 360 440 528 624 732 844 968 1096 1236 1384 1540 1700 1868 2036 2208 2384 2556 2728 2896 3052 3200 3328 3440 3532 3600 3644 3660 3644 3600 3532 3440 3328 3200 3052 2896 2728 2556 2384 2208 2036 1868 1700 1540 1384 1236 1096 968 844 732 624 528 440 360 288 224 168 120 80 48 24 8 0 0 0 
0 0 4 16 36 64 96 140 192 252 324 400 488 580 684 800 924 1056 1196 1348 1508 1676 1852 2036 2224 2416 2612 2804 2996 3184 3364 3532 3684 3816 3924 4004 4056 4072 4056 4004 3924 3816 3684 3532 3364 3184 2996 2804 2612 2416 2224 2036 1852 1676 1508 1348 1196 1056 924 800 684 580 488 400 324 252 192 140 96 64 36 16 4 0 0 
0 0 8 24 48 76 112 160 216 280 356 440 532 632 744 868 1004 1144 1296 1460 1636 1816 2008 2208 2416 2628 2844 3064 3280 3492 3700 3892 4068 4224 4352 4448 4508 4528 4508 4448 4352 4224 4068 3892 3700 3492 3280 3064 2844 2628 2416 2208 2008 1816 1636 1460 1296 1144 1004 868 744 632 532 440 356 280 216 160 112 76 48 24 8 0 0 
0 4 12 32 56 88 128 180 240 308 388 480 576 684 804 936 1080 1232 1396 1572 1760 1956 2164 2384 2612 2844 3084 3328 3572 3816 4052 4276 4484 4668 4824 4940 5012 5036 5012 4940 4824 4668 4484 4276 4052 3816 3572 3328 3084 2844 2612 2384 2164 1956 1760 1572 1396 1232 1080 936 804 684 576 480 388 308 240 180 128 88 56 32 12 4 0 
0 4 16 36 64 100 144 196 260 336 420 516 620 736 864 1004 1156 1320 1496 1684 1884 2096 2320 2556 2804 3064 3328 3600 3876 4156 4428 4688 4932 5152 5340 5480 5568 5600 5568 5480 5340 5152 4932 4688 4428 4156 3876 3600 3328 3064 2804 2556 2320 2096 1884 1684 1496 1320 1156 1004 864 736 620 516 420 336 260 196 144 100 64 36 16 4 0 
0 8 20 44 72 112 156 212 280 360 452 552 664 788 924 1072 1232 1404 1592 1792 2004 2232 2472 2728 2996 3280 3572 3876 4188 4504 4820 5128 5416 5680 5908 6084 6192 6232 6192 6084 5908 5680 5416 5128 4820 4504 4188 3876 3572 3280 2996 2728 2472 2232 2004 1792 1592 1404 1232 1072 924 788 664 552 452 360 280 212 156 112 72 44 20 8 0 
0 8 24 48 80 120 168 228 300 384 480 588 708 836 980 1136 1304 1484 1680 1892 2120 2364 2620 2896 3184 3492 3816 4156 4504 4864 5228 5588 5936 6256 6536 6756 6896 6944 6896 6756 6536 6256 5936 5588 5228 4864 4504 4156 3816 3492 3184 2896 2620 2364 2120 1892 1680 1484 1304 1136 980 836 708 588 480 384 300 228 168 120 80 48 24 8 0 
0 8 28 52 88 128 180 244 320 408 508 620 744 880 1032 1192 1368 1560 1764 1988 2228 2484 2760 3052 3364 3700 4052 4428 4820 5228 5648 6072 6492 6884 7236 7516 7700 7764 7700 7516 7236 6884 6492 6072 5648 5228 4820 4428 4052 3700 3364 3052 2760 2484 2228 1988 1764 1560 1368 1192 1032 880 744 620 508 408 320 244 180 128 88 52 28 8 0 
0 8 28 56 92 136 192 260 340 432 536 652 780 920 1076 1244 1428 1628 1840 2072 2324 2596 2888 3200 3532 3892 4276 4688 5128 5588 6072 6572 7076 7564 8012 8384 8636 8724 8636 8384 8012 7564 7076 6572 6072 5588 5128 4688 4276 3892 3532 3200 2888 2596 2324 2072 1840 1628 1428 1244 1076 920 780 652 536 432 340 260 192 136 92 56 28 8 0 
0 8 28 60 96 144 204 276 360 456 560 680 812 956 1116 1292 1480 1688 1908 2148 2412 2696 3000 3328 3684 4068 4484 4932 5416 5936 6492 7076 7684 8296 8876 9380 9736 9868 9736 9380 8876 8296 7684 7076 6492 5936 5416 4932 4484 4068 3684 3328 3000 2696 2412 2148 1908 1688 1480 1292 1116 956 812 680 560 456 360 276 204 144 96 60 28 8 0 
0 8 28 60 100 152 216 292 376 472 580 704 836 984 1148 1328 1524 1736 1964 2212 2484 2780 3096 3440 3816 4224 4668 5152 5680 6256 6884 7564 8296 9060 9828 10536 11072 11288 11072 10536 9828 9060 8296 7564 6884 6256 5680 5152 4668 4224 3816 3440 3096 2780 2484 2212 1964 1736 1524 1328 1148 984 836 704 580 472 376 292 216 152 100 60 28 8 0 
0 8 28 60 104 160 224 300 388 488 596 720 856 1008 1176 1360 1556 1772 2008 2264 2544 2848 3176 3532 3924 4352 4824 5340 5908 6536 7236 8012 8876 9828 10848 11872 12740 13144 12740 11872 10848 9828 8876 8012 7236 6536 5908 5340 4824 4352 3924 3532 3176 2848 2544 2264 2008 1772 1556 1360 1176 1008 856 720 596 488 388 300 224 160 104 60 28 8 0 
0 8 28 60 104 160 228 308 396 496 608 732 872 1028 1196 1380 1580 1800 2040 2304 2588 2896 3232 3600 4004 4448 4940 5480 6084 6756 7516 8384 9380 10536 11872 13376 14880 15808 14880 13376 11872 10536 9380 8384 7516 6756 6084 5480 4940 4448 4004 3600 3232 2896 2588 2304 2040 1800 1580 1380 1196 1028 872 732 608 496 396 308 228 160 104 60 28 8 0 
0 8 28 60 104 160 228 308 400 504 616 740 880 1036 1208 1392 1596 1820 2060 2324 2612 2928 3268 3644 4056 4508 5012 5568 6192 6896 7700 8636 9736 11072 12740 14880 17608 20340 17608 14880 12740 11072 9736 8636 7700 6896 6192 5568 5012 4508 4056 3644 3268 2928 2612 2324 2060 1820 1596 1392 1208 1036 880 740 616 504 400 308 228 160 104 60 28 8 0 
0 8 28 60 104 160 228 308 400 504 620 744 884 1040 1212 1396 1600 1824 2068 2332 2620 2936 3280 3660 4072 4528 5036 5600 6232 6944 7764 8724 9868 11288 13144 15808 20340 30340 20340 15808 13144 11288 9868 8724 7764 6944 6232 5600 5036 4528 4072 3660 3280 2936 2620 2332 2068 1824 1600 1396 1212 1040 884 744 620 504 400 308 228 160 104 60 28 8 0 
0 8 28 60 104 160 228 308 400 504 616 740 880 1036 1208 1392 1596 1820 2060 2324 2612 2928 3268 3644 4056 4508 5012 5568 6192 6896 7700 8636 9736 11072 12740 14880 17608 20340 17608 14880 12740 11072 9736 8636 7700 6896 6192 5568 5012 4508 4056 3644 3268 2928 2612 2324 2060 1820 1596 1392 1208 1036 880 740 616 504 400 308 228 160 104 60 28 8 0 
0 8 28 60 104 160 228 308 396 496 608 732 872 1028 1196 1380 1580 1800 2040 2304 2588 2896 3232 3600 4004 4448 4940 5480 6084 6756 7516 8384 9380 10536 11872 13376 14880 15808 14880 13376 11872 10536 9380 8384 7516 6756 6084 5480 4940 4448 4004 3600 3232 2896 2588 2304 2040 1800 1580 1380 1196 1028 872 732 608 496 396 308 228 160 104 60 28 8 0 
0 8 28 60 104 160 224 300 388 488 596 720 856 1008 1176 1360 1556 1772 2008 2264 2544 2848 3176 3532 3924 4352 4824 5340 5908 6536 7236 8012 8876 9828 10848 11872 12740 13144 12740 11872 10848 9828 8876 8012 7236 6536 5908 5340 4824 4352 3924 3532 3176 2848 2544 2264 2008 1772 1556 1360 1176 1008 856 720 596 488 388 300 224 160 104 60 28 8 0 
0 8 28 60 100 152 216 292 376 472 580 704 836 984 1148 1328 1524 1736 1964 2212 2484 2780 3096 3440 3816 4224 4668 5152 5680 6256 6884 7564 8296 9060 9828 10536 11072 11288 11072 10536 9828 9060 8296 7564 6884 6256 5680 5152 4668 4224 3816 3440 3096 2780 2484 2212 1964 1736 1524 1328 1148 984 836 704 580 472 376 292 216 152 100 60 28 8 0 
0 8 28 60 96 144 204 276 360 456 560 680 812 956 1116 1292 1480 1688 1908 2148 2412 2696 3000 3328 3684 4068 4484 4932 5416 5936 6492 7076 7684 8296 8876 9380 9736 9868 9736 9380 8876 8296 7684 7076 6492 5936 5416 4932 4484 4068 3684 3328 3000 2696 2412 2148 1908 1688 1480 1292 1116 956 812 680 560 456 360 276 204 144 96 60 28 8 0 
0 8 28 56 92 136 192 260 340 432 536 652 780 920 1076 1244 1428 1628 1840 2072 2324 2596 2888 3200 3532 3892 4276 4688 5128 5588 6072 6572 7076 7564 8012 8384 8636 8724 8636 8384 8012 7564 7076 6572 6072 5588 5128 4688 4276 3892 3532 3200 2888 2596 2324 2072 1840 1628 1428 1244 1076 920 780 652 536 432 340 260 192 136 92 56 28 8 0 
0 8 28 52 88 128 180 244 320 408 508 620 744 880 1032 1192 1368 1560 1764 1988 2228 2484 2760 3052 3364 3700 4052 4428 4820 5228 5648 6072 6492 6884 7236 7516 7700 7764 7700 7516 7236 6884 6492 6072 5648 5228 4820 4428 4052 3700 3364 3052 2760 2484 2228 1988 1764 1560 1368 1192 1032 880 744 620 508 408 320 244 180 128 88 52 28 8 0 
0 8 24 48 80 120 168 228 300 384 480 588 708 836 980 1136 1304 1484 1680 1892 2120 2364 2620 2896 3184 3492 3816 4156 4504 4864 5228 5588 5936 6256 6536 6756 6896 6944 6896 6756 6536 6256 5936 5588 5228 4864 4504 4156 3816 3492 3184 2896 2620 2364 2120 1892 1680 1484 1304 1136 980 836 708 588 480 384 300 228 168 120 80 48 24 8 0 
0 8 20 44 72 112 156 212 280 360 452 552 664 788 924 1072 1232 1404 1592 1792 2004 2232 2472 2728 2996 3280 3572 3876 4188 4504 4820 5128 5416 5680 5908 6084 6192 6232 6192 6084 5908 5680 5416 5128 4820 4504 4188 3876 3572 3280 2996 2728 2472 2232 2004 1792 1592 1404 1232 1072 924 788 664 552 452 360 280 212 156 112 72 44 20 8 0 
0 4 16 36 64 100 144 196 260 336 420 516 620 736 864 1004 1156 1320 1496 1684 1884 2096 2320 2556 2804 3064 3328 3600 3876 4156 4428 4688 4932 5152 5340 5480 5568 5600 5568 5480 5340 5152 4932 4688 4428 4156 3876 3600 3328 3064 2804 2556 2320 2096 1884 1684 1496 1320 1156 1004 864 736 620 516 420 336 260 196 144 100 64 36 16 4 0 
0 4 12 32 56 88 128 180 240 308 388 480 576 684 804 936 1080 1232 1396 1572 1760 1956 2164 2384 2612 2844 3084 3328 3572 3816 4052 4276 4484 4668 4824 4940 5012 5036 5012 4940 4824 4668 4484 4276 4052 3816 3572 3328 3084 2844 2612 2384 2164 1956 1760 1572 1396 1232 1080 936 804 684 576 480 388 308 240 180 128 88 56 32 12 4 0 
0 0 8 24 48 76 112 160 216 280 356 440 532 632 744 868 1004 1144 1296 1460 1636 1816 2008 2208 2416 2628 2844 3064 3280 3492 3700 3892 4068 4224 4352 4448 4508 4528 4508 4448 4352 4224 4068 3892 3700 3492 3280 3064 2844 2628 2416 2208 2008 1816 1636 1460 1296 1144 1004 868 744 632 532 440 356 280 216 160 112 76 48 24 8 0 0 
0 0 4 16 36 64 96 140 192 252 324 400 488 580 684 800 924 1056 1196 1348 1508 1676 1852 2036 2224 2416 2612 2804 2996 3184 3364 3532 3684 3816 3924 4004 4056 4072 4056 4004 3924 3816 3684 3532 3364 3184 2996 2804 2612 2416 2224 2036 1852 1676 1508 1348 1196 1056 924 800 684 580 488 400 324 252 192 140 96 64 36 16 4 0 0 
0 0 0 8 24 48 80 120 168 224 288 360 440 528 624 732 844 968 1096 1236 1384 1540 1700 1868 2036 2208 2384 2556 2728 2896 3052 3200 3328 3440 3532 3600 3644 3660 3644 3600 3532 3440 3328 3200 3052 2896 2728 2556 2384 2208 2036 1868 1700 1540 1384 1236 1096 968 844 732 624 528 440 360 288 224 168 120 80 48 24 8 0 0 0 
0 0 0 4 16 36 64 100 144 196 256 320 396 476 564 660 764 876 996 1124 1260 1404 1552 1700 1852 2008 2164 2320 2472 2620 2760 2888 3000 3096 3176 3232 3268 3280 3268 3232 3176 3096 3000 2888 2760 2620 2472 2320 2164 2008 1852 1700 1552 1404 1260 1124 996 876 764 660 564 476 396 320 256 196 144 100 64 36 16 4 0 0 0 
0 0 0 0 8 24 48 80 120 168 220 280 348 420 500 588 684 788 900 1016 1140 1272 1404 1540 1676 1816 1956 2096 2232 2364 2484 2596 2696 2780 2848 2896 2928 2936 2928 2896 2848 2780 2696 2596 2484 2364 2232 2096 1956 1816 1676 1540 1404 1272 1140 1016 900 788 684 588 500 420 348 280 220 168 120 80 48 24 8 0 0 0 0 
0 0 0 0 4 16 36 64 96 136 184 240 304 368 440 520 608 704 808 912 1024 1140 1260 1384 1508 1636 1760 1884 2004 2120 2228 2324 2412 2484 2544 2588 2612 2620 2612 2588 2544 2484 2412 2324 2228 2120 2004 1884 1760 1636 1508 1384 1260 1140 1024 912 808 704 608 520 440 368 304 240 184 136 96 64 36 16 4 0 0 0 0 
0 0 0 0 0 8 24 44 72 108 152 204 260 320 384 456 536 624 716 812 912 1016 1124 1236 1348 1460 1572 1684 1792 1892 1988 2072 2148 2212 2264 2304 2324 2332 2324 2304 2264 2212 2148 2072 1988 1892 1792 1684 1572 1460 1348 1236 1124 1016 912 812 716 624 536 456 384 320 260 204 152 108 72 44 24 8 0 0 0 0 0 
0 0 0 0 0 4 12 28 52 84 124 168 220 272 332 396 468 548 632 716 808 900 996 1096 1196 1296 1396 1496 1592 1680 1764 1840 1908 1964 2008 2040 2060 2068 2060 2040 2008 1964 1908 1840 1764 1680 1592 1496 1396 1296 1196 1096 996 900 808 716 632 548 468 396 332 272 220 168 124 84 52 28 12 4 0 0 0 0 0 
0 0 0 0 0 0 4 16 36 64 96 136 180 228 284 340 404 476 548 624 704 788 876 968 1056 1144 1232 1320 1404 1484 1560 1628 1688 1736 1772 1800 1820 1824 1820 1800 1772 1736 1688 1628 1560 1484 1404 1320 1232 1144 1056 968 876 788 704 624 548 476 404 340 284 228 180 136 96 64 36 16 4 0 0 0 0 0 0 
0 0 0 0 0 0 0 8 24 44 72 108 144 188 236 288 344 404 468 536 608 684 764 844 924 1004 1080 1156 1232 1304 1368 1428 1480 1524 1556 1580 1596 1600 1596 1580 1556 1524 1480 1428 1368 1304 1232 1156 1080 1004 924 844 764 684 608 536 468 404 344 288 236 188 144 108 72 44 24 8 0 0 0 0 0 0 0 
0 0 0 0 0 0 0 4 12 28 52 80 112 152 192 240 288 340 396 456 520 588 660 732 800 868 936 1004 1072 1136 1192 1244 1292 1328 1360 1380 1392 1396 1392 1380 1360 1328 1292 1244 1192 1136 1072 1004 936 868 800 732 660 588 520 456 396 340 288 240 192 152 112 80 52 28 12 4 0 0 0 0 0 0 0 
0 0 0 0 0 0 0 0 4 16 36 60 84 116 152 192 236 284 332 384 440 500 564 624 684 744 804 864 924 980 1032 1076 1116 1148 1176 1196 1208 1212 1208 1196 1176 1148 1116 1076 1032 980 924 864 804 744 684 624 564 500 440 384 332 284 236 192 152 116 84 60 36 16 4 0 0 0 0 0 0 0 0 
0 0 0 0 0 0 0 0 0 8 24 40 60 88 116 152 188 228 272 320 368 420 476 528 580 632 684 736 788 836 880 920 956 984 1008 1028 1036 1040 1036 1028 1008 984 956 920 880 836 788 736 684 632 580 528 476 420 368 320 272 228 188 152 116 88 60 40 24 8 0 0 0 0 0 0 0 0 0 
0 0 0 0 0 0 0 0 0 4 12 24 40 60 84 112 144 180 220 260 304 348 396 440 488 532 576 620 664 708 744 780 812 836 856 872 880 884 880 872 856 836 812 780 744 708 664 620 576 532 488 440 396 348 304 260 220 180 144 112 84 60 40 24 12 4 0 0 0 0 0 0 0 0 0 
0 0 0 0 0 0 0 0 0 0 4 12 24 40 60 80 108 136 168 204 240 280 320 360 400 440 480 516 552 588 620 652 680 704 720 732 740 744 740 732 720 704 680 652 620 588 552 516 480 440 400 360 320 280 240 204 168 136 108 80 60 40 24 12 4 0 0 0 0 0 0 0 0 0 0 
0 0 0 0 0 0 0 0 0 0 0 4 12 24 36 52 72 96 124 152 184 220 256 288 324 356 388 420 452 480 508 536 560 580 596 608 616 620 616 608 596 580 560 536 508 480 452 420 388 356 324 288 256 220 184 152 124 96 72 52 36 24 12 4 0 0 0 0 0 0 0 0 0 0 0 
0 0 0 0 0 0 0 0 0 0 0 0 4 8 16 28 44 64 84 108 136 168 196 224 252 280 308 336 360 384 408 432 456 472 488 496 504 504 504 496 488 472 456 432 408 384 360 336 308 280 252 224 196 168 136 108 84 64 44 28 16 8 4 0 0 0 0 0 0 0 0 0 0 0 0 
0 0 0 0 0 0 0 0 0 0 0 0 0 0 4 12 24 36 52 72 96 120 144 168 192 216 240 260 280 300 320 340 360 376 388 396 400 400 400 396 388 376 360 340 320 300 280 260 240 216 192 168 144 120 96 72 52 36 24 12 4 0 0 0 0 0 0 0 0 0 0 0 0 0 0 
0 0 0 0 0 0 0 0 0 0 0 0 0 0 0 4 8 16 28 44 64 80 100 120 140 160 180 196 212 228 244 260 276 292 300 308 308 308 308 308 300 292 276 260 244 228 212 196 180 160 140 120 100 80 64 44 28 16 8 4 0 0 0 0 0 0 0 0 0 0 0 0 0 0 0 
0 0 0 0 0 0 0 0 0 0 0 0 0 0 0 0 0 4 12 24 36 48 64 80 96 112 128 144 156 168 180 192 204 216 224 228 228 228 228 228 224 216 204 192 180 168 156 144 128 112 96 80 64 48 36 24 12 4 0 0 0 0 0 0 0 0 0 0 0 0 0 0 0 0 0 
0 0 0 0 0 0 0 0 0 0 0 0 0 0 0 0 0 0 4 8 16 24 36 48 64 76 88 100 112 120 128 136 144 152 160 160 160 160 160 160 160 152 144 136 128 120 112 100 88 76 64 48 36 24 16 8 4 0 0 0 0 0 0 0 0 0 0 0 0 0 0 0 0 0 0 
0 0 0 0 0 0 0 0 0 0 0 0 0 0 0 0 0 0 0 0 4 8 16 24 36 48 56 64 72 80 88 92 96 100 104 104 104 104 104 104 104 100 96 92 88 80 72 64 56 48 36 24 16 8 4 0 0 0 0 0 0 0 0 0 0 0 0 0 0 0 0 0 0 0 0 
0 0 0 0 0 0 0 0 0 0 0 0 0 0 0 0 0 0 0 0 0 0 4 8 16 24 32 36 44 48 52 56 60 60 60 60 60 60 60 60 60 60 60 56 52 48 44 36 32 24 16 8 4 0 0 0 0 0 0 0 0 0 0 0 0 0 0 0 0 0 0 0 0 0 0 
0 0 0 0 0 0 0 0 0 0 0 0 0 0 0 0 0 0 0 0 0 0 0 0 4 8 12 16 20 24 28 28 28 28 28 28 28 28 28 28 28 28 28 28 28 24 20 16 12 8 4 0 0 0 0 0 0 0 0 0 0 0 0 0 0 0 0 0 0 0 0 0 0 0 0 
0 0 0 0 0 0 0 0 0 0 0 0 0 0 0 0 0 0 0 0 0 0 0 0 0 0 4 4 8 8 8 8 8 8 8 8 8 8 8 8 8 8 8 8 8 8 8 4 4 0 0 0 0 0 0 0 0 0 0 0 0 0 0 0 0 0 0 0 0 0 0 0 0 0 0 
0 0 0 0 0 0 0 0 0 0 0 0 0 0 0 0 0 0 0 0 0 0 0 0 0 0 0 0 0 0 0 0 0 0 0 0 0 0 0 0 0 0 0 0 0 0 0 0 0 0 0 0 0 0 0 0 0 0 0 0 0 0 0 0 0 0 0 0 0 0 0 0 0 0 0 
