0 0 0 0 0 0 0 0 0 0 0 0 0 0 0 0 0 0 0 0 0 0 0 0 0 0 0 0 0 0 
0 0 0 0 0 0 0 0 0 0 0 0 0 0 0 0 0 0 0 0 3.3 3.3 6.6 6.6 6.6 6.6 3.3 0 0 0 
0 0 0 0 0 0 0 0 0 0 0 0 0 0 0 0 0 3.3 6.6 9.9 13.2 16.5 19.8 19.8 19.8 16.5 9.9 6.6 3.3 0 
0 0 0 0 0 0 0 0 0 0 0 0 0 0 0 3.3 9.9 16.5 23.1 29.7 36.3 42.9 46.2 49.5 46.2 36.3 26.4 13.2 3.3 0 
0 0 0 0 0 0 0 0 0 0 0 0 0 3.3 9.9 19.8 29.7 39.6 52.8 66 79.2 89.1 99 102.3 92.4 72.6 42.9 13.2 0 0 
0 0 0 0 0 0 0 0 0 0 0 3.3 9.9 19.8 29.7 46.2 62.7 82.5 105.6 132 158.4 184.8 204.6 204.6 178.2 122.1 49.5 0 0 0 
0 0 0 0 0 0 0 0 0 3.3 9.9 16.5 29.7 42.9 62.7 89.1 118.8 158.4 204.6 257.4 316.8 372.9 409.2 399.3 316.8 158.4 0 0 0 0 
0 0 0 0 0 0 0 0 6.6 13.2 23.1 39.6 56.1 82.5 118.8 161.7 217.8 290.4 382.8 498.3 627 755.7 831.6 775.5 478.5 0 0 0 0 0 
0 0 0 0 0 0 0 9.9 16.5 29.7 46.2 69.3 99 141.9 198 273.9 379.5 518.1 706.2 950.4 1254 1577.4 1768.8 1428.9 0 0 0 0 0 0 
0 0 0 0 0 0 9.9 19.8 33 52.8 75.9 112.2 158.4 224.4 316.8 445.5 627 887.7 1263.9 1815 2610.3 3639.9 4240.5 0 0 0 0 0 0 0 
0 0 0 0 0 9.9 19.8 33 52.8 79.2 115.5 165 234.3 333.3 471.9 669.9 963.6 1409.1 2128.5 3402.3 6012.6 12569.7 0 0 0 0 0 0 0 0 
0 0 0 0 9.9 19.8 33 52.8 75.9 112.2 158.4 224.4 316.8 445.5 627 887.7 1263.9 1815 2610.3 3639.9 4240.5 0 0 0 0 0 0 0 0 0 
0 0 0 9.9 16.5 29.7 46.2 69.3 99 141.9 198 273.9 379.5 518.1 706.2 950.4 1254 1577.4 1768.8 1428.9 0 0 0 0 0 0 0 0 0 0 
0 0 6.6 13.2 23.1 39.6 56.1 82.5 118.8 161.7 217.8 290.4 382.8 498.3 627 755.7 831.6 775.5 478.5 0 0 0 0 0 0 0 0 0 0 0 
0 3.3 9.9 16.5 29.7 42.9 62.7 89.1 118.8 158.4 204.6 257.4 316.8 372.9 409.2 399.3 316.8 158.4 0 0 0 0 0 0 0 0 0 0 0 0 
0 3.3 9.9 19.8 29.7 46.2 62.7 82.5 105.6 132 158.4 184.8 204.6 204.6 178.2 122.1 49.5 0 0 0 0 0 0 0 0 0 0 0 0 0 
0 3.3 9.9 19.8 29.7 39.6 52.8 66 79.2 89.1 99 102.3 92.4 72.6 42.9 13.2 0 0 0 0 0 0 0 0 0 0 0 0 0 0 
0 3.3 9.9 16.5 23.1 29.7 36.3 42.9 46.2 49.5 46.2 36.3 26.4 13.2 3.3 0 0 0 0 0 0 0 0 0 0 0 0 0 0 0 
0 3.3 6.6 9.9 13.2 16.5 19.8 19.8 19.8 16.5 9.9 6.6 3.3 0 0 0 0 0 0 0 0 0 0 0 0 0 0 0 0 0 
0 0 3.3 3.3 6.6 6.6 6.6 6.6 3.3 0 0 0 0 0 0 0 0 0 0 0 0 0 0 0 0 0 0 0 0 0 
0 0 0 0 0 0 0 0 0 0 0 0 0 0 0 0 0 0 0 0 0 0 0 0 0 0 0 0 0 0 
