0 0 0 0 0 0 0 0 0 0 0 0 0 0 0 0 0 0 0 0 0 0 0 0 0 0 0 0 0 0 0 0 0 0 0 0 0 0 0 0 0 0 0 0 0 0 0 0 0 0 0 0 0 0 0 0 0 0 0 0 0 0 0 0 0 0 0 0 0 0 0 0 0 0 0 0 0 0 0 0 0 0 0 0 0 0 0 0 0 0 0 0 0 0 0 0 0 
0 0 0 0 0 0 0 0 0 0 0 0 0 0 0 0 0 0 0 0 0 0 0 0 0 0 0 0 0 0 0 4 4 4 4 4 4 4 4 4 4 4 4 4 4 4 4 4 4 4 4 4 4 4 4 4 4 4 4 4 4 4 4 4 4 4 0 0 0 0 0 0 0 0 0 0 0 0 0 0 0 0 0 0 0 0 0 0 0 0 0 0 0 0 0 0 0 
0 0 0 0 0 0 0 0 0 0 0 0 0 0 0 0 0 0 0 0 0 0 0 0 0 0 0 0 0 4 4 8 12 12 16 16 16 16 16 16 16 16 16 16 16 16 16 16 16 16 16 16 16 16 16 16 16 16 16 16 16 16 16 12 12 8 4 4 0 0 0 0 0 0 0 0 0 0 0 0 0 0 0 0 0 0 0 0 0 0 0 0 0 0 0 0 0 
0 0 0 0 0 0 0 0 0 0 0 0 0 0 0 0 0 0 0 0 0 0 0 0 0 0 0 4 4 8 12 16 20 24 28 32 36 36 36 36 36 36 36 36 36 36 36 36 36 36 36 36 36 36 36 36 36 36 36 36 36 32 28 24 20 16 12 8 4 4 0 0 0 0 0 0 0 0 0 0 0 0 0 0 0 0 0 0 0 0 0 0 0 0 0 0 0 
0 0 0 0 0 0 0 0 0 0 0 0 0 0 0 0 0 0 0 0 0 0 0 0 0 0 4 8 12 20 24 32 36 44 48 52 56 60 64 64 64 64 64 64 64 64 64 64 64 64 64 64 64 64 64 64 64 64 64 60 56 52 48 44 36 32 24 20 12 8 4 0 0 0 0 0 0 0 0 0 0 0 0 0 0 0 0 0 0 0 0 0 0 0 0 0 0 
0 0 0 0 0 0 0 0 0 0 0 0 0 0 0 0 0 0 0 0 0 0 0 0 0 4 12 20 24 32 40 48 56 64 72 80 84 88 92 96 100 100 100 100 100 100 100 100 100 100 100 100 100 100 100 100 100 96 92 88 84 80 72 64 56 48 40 32 24 20 12 4 0 0 0 0 0 0 0 0 0 0 0 0 0 0 0 0 0 0 0 0 0 0 0 0 0 
0 0 0 0 0 0 0 0 0 0 0 0 0 0 0 0 0 0 0 0 0 0 0 0 4 12 24 32 40 52 60 72 80 92 100 108 116 124 128 136 140 144 144 144 144 144 144 144 144 144 144 144 144 144 144 144 140 136 128 124 116 108 100 92 80 72 60 52 40 32 24 12 4 0 0 0 0 0 0 0 0 0 0 0 0 0 0 0 0 0 0 0 0 0 0 0 0 
0 0 0 0 0 0 0 0 0 0 0 0 0 0 0 0 0 0 0 0 0 0 0 4 12 24 36 48 60 72 84 96 108 120 132 144 152 160 168 176 184 188 192 196 196 196 196 196 196 196 196 196 196 196 192 188 184 176 168 160 152 144 132 120 108 96 84 72 60 48 36 24 12 4 0 0 0 0 0 0 0 0 0 0 0 0 0 0 0 0 0 0 0 0 0 0 0 
0 0 0 0 0 0 0 0 0 0 0 0 0 0 0 0 0 0 0 0 0 0 4 12 24 40 56 68 84 100 112 128 140 156 168 180 192 204 216 224 232 240 248 252 256 256 256 256 256 256 256 256 256 252 248 240 232 224 216 204 192 180 168 156 140 128 112 100 84 68 56 40 24 12 4 0 0 0 0 0 0 0 0 0 0 0 0 0 0 0 0 0 0 0 0 0 0 
0 0 0 0 0 0 0 0 0 0 0 0 0 0 0 0 0 0 0 0 0 4 12 24 40 60 76 92 112 128 144 160 176 192 208 224 240 252 264 276 288 300 312 316 320 324 324 324 324 324 324 324 320 316 312 300 288 276 264 252 240 224 208 192 176 160 144 128 112 92 76 60 40 24 12 4 0 0 0 0 0 0 0 0 0 0 0 0 0 0 0 0 0 0 0 0 0 
0 0 0 0 0 0 0 0 0 0 0 0 0 0 0 0 0 0 0 0 4 12 24 40 60 80 100 120 140 160 180 200 220 236 256 272 288 304 320 336 352 368 380 388 392 396 400 400 400 400 400 396 392 388 380 368 352 336 320 304 288 272 256 236 220 200 180 160 140 120 100 80 60 40 24 12 4 0 0 0 0 0 0 0 0 0 0 0 0 0 0 0 0 0 0 0 0 
0 0 0 0 0 0 0 0 0 0 0 0 0 0 0 0 0 0 0 4 12 24 40 60 84 108 132 152 176 200 220 244 264 284 304 324 344 364 384 404 424 440 456 464 472 476 480 484 484 484 480 476 472 464 456 440 424 404 384 364 344 324 304 284 264 244 220 200 176 152 132 108 84 60 40 24 12 4 0 0 0 0 0 0 0 0 0 0 0 0 0 0 0 0 0 0 0 
0 0 0 0 0 0 0 0 0 0 0 0 0 0 0 0 0 0 4 12 24 40 60 84 112 140 164 188 216 240 264 288 312 336 360 384 408 432 456 480 504 520 536 548 560 564 568 572 576 572 568 564 560 548 536 520 504 480 456 432 408 384 360 336 312 288 264 240 216 188 164 140 112 84 60 40 24 12 4 0 0 0 0 0 0 0 0 0 0 0 0 0 0 0 0 0 0 
0 0 0 0 0 0 0 0 0 0 0 0 0 0 0 0 0 4 12 24 40 60 84 112 144 172 200 228 256 284 312 340 368 396 424 452 480 508 536 564 588 608 628 640 652 660 664 668 672 668 664 660 652 640 628 608 588 564 536 508 480 452 424 396 368 340 312 284 256 228 200 172 144 112 84 60 40 24 12 4 0 0 0 0 0 0 0 0 0 0 0 0 0 0 0 0 0 
0 0 0 0 0 0 0 0 0 0 0 0 0 0 0 0 4 12 24 40 60 84 112 144 176 208 240 272 304 336 368 400 432 464 496 528 560 592 624 652 680 704 724 740 752 764 768 772 776 772 768 764 752 740 724 704 680 652 624 592 560 528 496 464 432 400 368 336 304 272 240 208 176 144 112 84 60 40 24 12 4 0 0 0 0 0 0 0 0 0 0 0 0 0 0 0 0 
0 0 0 0 0 0 0 0 0 0 0 0 0 0 0 4 12 24 40 60 84 112 144 180 216 252 288 324 360 396 432 468 504 540 576 612 648 684 716 748 780 808 828 848 860 872 880 884 888 884 880 872 860 848 828 808 780 748 716 684 648 612 576 540 504 468 432 396 360 324 288 252 216 180 144 112 84 60 40 24 12 4 0 0 0 0 0 0 0 0 0 0 0 0 0 0 0 
0 0 0 0 0 0 0 0 0 0 0 0 0 0 4 12 24 40 60 84 112 144 180 220 260 300 340 380 420 460 500 540 580 620 660 700 740 780 816 852 888 916 940 960 976 992 1000 1004 1008 1004 1000 992 976 960 940 916 888 852 816 780 740 700 660 620 580 540 500 460 420 380 340 300 260 220 180 144 112 84 60 40 24 12 4 0 0 0 0 0 0 0 0 0 0 0 0 0 0 
0 0 0 0 0 0 0 0 0 0 0 0 0 4 12 24 40 60 84 112 144 180 220 264 312 356 400 444 488 532 576 620 664 708 752 796 840 884 924 964 1000 1032 1060 1084 1100 1116 1128 1132 1136 1132 1128 1116 1100 1084 1060 1032 1000 964 924 884 840 796 752 708 664 620 576 532 488 444 400 356 312 264 220 180 144 112 84 60 40 24 12 4 0 0 0 0 0 0 0 0 0 0 0 0 0 
0 0 0 0 0 0 0 0 0 0 0 0 4 12 24 40 60 84 112 144 180 220 264 312 364 416 464 512 564 612 660 708 756 804 852 900 948 996 1040 1084 1124 1156 1188 1212 1232 1248 1260 1268 1272 1268 1260 1248 1232 1212 1188 1156 1124 1084 1040 996 948 900 852 804 756 708 660 612 564 512 464 416 364 312 264 220 180 144 112 84 60 40 24 12 4 0 0 0 0 0 0 0 0 0 0 0 0 
0 0 0 0 0 0 0 0 0 0 0 4 12 24 40 60 84 112 144 180 220 264 312 364 420 476 532 584 640 696 748 804 856 908 960 1012 1064 1116 1164 1212 1252 1288 1320 1348 1372 1392 1404 1412 1416 1412 1404 1392 1372 1348 1320 1288 1252 1212 1164 1116 1064 1012 960 908 856 804 748 696 640 584 532 476 420 364 312 264 220 180 144 112 84 60 40 24 12 4 0 0 0 0 0 0 0 0 0 0 0 
0 0 0 0 0 0 0 0 0 0 4 12 24 40 60 84 112 144 180 220 264 312 364 420 480 540 600 660 720 780 840 900 960 1020 1076 1132 1188 1244 1296 1344 1388 1428 1464 1496 1524 1544 1560 1568 1572 1568 1560 1544 1524 1496 1464 1428 1388 1344 1296 1244 1188 1132 1076 1020 960 900 840 780 720 660 600 540 480 420 364 312 264 220 180 144 112 84 60 40 24 12 4 0 0 0 0 0 0 0 0 0 0 
0 0 0 0 0 0 0 0 0 4 12 24 40 60 84 112 144 180 220 264 312 364 420 480 544 612 676 740 808 872 940 1004 1072 1136 1200 1260 1320 1380 1436 1488 1536 1580 1620 1656 1688 1708 1724 1736 1740 1736 1724 1708 1688 1656 1620 1580 1536 1488 1436 1380 1320 1260 1200 1136 1072 1004 940 872 808 740 676 612 544 480 420 364 312 264 220 180 144 112 84 60 40 24 12 4 0 0 0 0 0 0 0 0 0 
0 0 0 0 0 0 0 0 4 12 24 40 60 84 112 144 180 220 264 312 364 420 480 544 612 684 756 824 896 968 1040 1112 1184 1256 1324 1392 1460 1524 1588 1644 1696 1744 1788 1828 1860 1884 1900 1912 1916 1912 1900 1884 1860 1828 1788 1744 1696 1644 1588 1524 1460 1392 1324 1256 1184 1112 1040 968 896 824 756 684 612 544 480 420 364 312 264 220 180 144 112 84 60 40 24 12 4 0 0 0 0 0 0 0 0 
0 0 0 0 0 0 0 4 12 24 40 60 84 112 144 180 220 264 312 364 420 480 544 612 684 760 836 912 992 1068 1148 1228 1304 1380 1456 1532 1604 1676 1744 1808 1864 1916 1964 2008 2044 2072 2088 2100 2104 2100 2088 2072 2044 2008 1964 1916 1864 1808 1744 1676 1604 1532 1456 1380 1304 1228 1148 1068 992 912 836 760 684 612 544 480 420 364 312 264 220 180 144 112 84 60 40 24 12 4 0 0 0 0 0 0 0 
0 0 0 0 0 0 4 12 24 40 60 84 112 144 176 216 260 312 364 420 480 544 612 684 760 840 924 1004 1088 1172 1260 1344 1428 1512 1596 1676 1756 1836 1908 1976 2040 2100 2152 2200 2240 2268 2288 2300 2304 2300 2288 2268 2240 2200 2152 2100 2040 1976 1908 1836 1756 1676 1596 1512 1428 1344 1260 1172 1088 1004 924 840 760 684 612 544 480 420 364 312 260 216 176 144 112 84 60 40 24 12 4 0 0 0 0 0 0 
0 0 0 0 0 4 12 24 40 60 80 108 140 172 208 252 300 356 416 476 540 612 684 760 840 924 1012 1100 1188 1280 1372 1464 1556 1648 1740 1828 1916 2000 2080 2156 2228 2296 2352 2404 2448 2480 2504 2516 2520 2516 2504 2480 2448 2404 2352 2296 2228 2156 2080 2000 1916 1828 1740 1648 1556 1464 1372 1280 1188 1100 1012 924 840 760 684 612 540 476 416 356 300 252 208 172 140 108 80 60 40 24 12 4 0 0 0 0 0 
0 0 0 0 4 12 24 36 56 76 100 132 164 200 240 288 340 400 464 532 600 676 756 836 924 1012 1104 1196 1292 1392 1492 1592 1692 1792 1892 1988 2084 2176 2264 2348 2428 2500 2564 2620 2668 2708 2732 2748 2752 2748 2732 2708 2668 2620 2564 2500 2428 2348 2264 2176 2084 1988 1892 1792 1692 1592 1492 1392 1292 1196 1104 1012 924 836 756 676 600 532 464 400 340 288 240 200 164 132 100 76 56 36 24 12 4 0 0 0 0 
0 0 0 4 8 20 32 48 68 92 120 152 188 228 272 324 380 444 512 584 660 740 824 912 1004 1100 1196 1296 1400 1508 1616 1724 1832 1940 2048 2156 2260 2364 2460 2552 2640 2720 2792 2852 2904 2948 2976 2996 3000 2996 2976 2948 2904 2852 2792 2720 2640 2552 2460 2364 2260 2156 2048 1940 1832 1724 1616 1508 1400 1296 1196 1100 1004 912 824 740 660 584 512 444 380 324 272 228 188 152 120 92 68 48 32 20 8 4 0 0 0 
0 0 0 4 12 24 40 60 84 112 140 176 216 256 304 360 420 488 564 640 720 808 896 992 1088 1188 1292 1400 1512 1628 1744 1860 1976 2096 2212 2328 2444 2556 2664 2764 2860 2948 3028 3100 3156 3204 3236 3256 3264 3256 3236 3204 3156 3100 3028 2948 2860 2764 2664 2556 2444 2328 2212 2096 1976 1860 1744 1628 1512 1400 1292 1188 1088 992 896 808 720 640 564 488 420 360 304 256 216 176 140 112 84 60 40 24 12 4 0 0 0 
0 0 4 8 20 32 52 72 100 128 160 200 240 284 336 396 460 532 612 696 780 872 968 1068 1172 1280 1392 1508 1628 1748 1872 2000 2124 2252 2380 2508 2636 2760 2876 2988 3096 3192 3280 3360 3424 3476 3516 3536 3544 3536 3516 3476 3424 3360 3280 3192 3096 2988 2876 2760 2636 2508 2380 2252 2124 2000 1872 1748 1628 1508 1392 1280 1172 1068 968 872 780 696 612 532 460 396 336 284 240 200 160 128 100 72 52 32 20 8 4 0 0 
0 0 4 12 24 40 60 84 112 144 180 220 264 312 368 432 500 576 660 748 840 940 1040 1148 1260 1372 1492 1616 1744 1872 2004 2140 2276 2416 2556 2696 2836 2972 3100 3224 3340 3448 3548 3636 3708 3768 3812 3836 3844 3836 3812 3768 3708 3636 3548 3448 3340 3224 3100 2972 2836 2696 2556 2416 2276 2140 2004 1872 1744 1616 1492 1372 1260 1148 1040 940 840 748 660 576 500 432 368 312 264 220 180 144 112 84 60 40 24 12 4 0 0 
0 4 8 16 32 48 72 96 128 160 200 244 288 340 400 468 540 620 708 804 900 1004 1112 1228 1344 1464 1592 1724 1860 2000 2140 2284 2432 2584 2736 2888 3040 3188 3332 3472 3600 3720 3832 3932 4012 4080 4128 4160 4168 4160 4128 4080 4012 3932 3832 3720 3600 3472 3332 3188 3040 2888 2736 2584 2432 2284 2140 2000 1860 1724 1592 1464 1344 1228 1112 1004 900 804 708 620 540 468 400 340 288 244 200 160 128 96 72 48 32 16 8 4 0 
0 4 12 20 36 56 80 108 140 176 220 264 312 368 432 504 580 664 756 856 960 1072 1184 1304 1428 1556 1692 1832 1976 2124 2276 2432 2592 2756 2924 3088 3252 3416 3576 3728 3872 4008 4132 4244 4336 4412 4468 4504 4516 4504 4468 4412 4336 4244 4132 4008 3872 3728 3576 3416 3252 3088 2924 2756 2592 2432 2276 2124 1976 1832 1692 1556 1428 1304 1184 1072 960 856 756 664 580 504 432 368 312 264 220 176 140 108 80 56 36 20 12 4 0 
0 4 12 24 44 64 92 120 156 192 236 284 336 396 464 540 620 708 804 908 1020 1136 1256 1380 1512 1648 1792 1940 2096 2252 2416 2584 2756 2932 3112 3292 3472 3652 3828 4000 4160 4312 4452 4580 4684 4772 4836 4876 4892 4876 4836 4772 4684 4580 4452 4312 4160 4000 3828 3652 3472 3292 3112 2932 2756 2584 2416 2252 2096 1940 1792 1648 1512 1380 1256 1136 1020 908 804 708 620 540 464 396 336 284 236 192 156 120 92 64 44 24 12 4 0 
0 4 16 28 48 72 100 132 168 208 256 304 360 424 496 576 660 752 852 960 1076 1200 1324 1456 1596 1740 1892 2048 2212 2380 2556 2736 2924 3112 3308 3504 3700 3896 4092 4284 4464 4636 4792 4936 5056 5156 5232 5280 5296 5280 5232 5156 5056 4936 4792 4636 4464 4284 4092 3896 3700 3504 3308 3112 2924 2736 2556 2380 2212 2048 1892 1740 1596 1456 1324 1200 1076 960 852 752 660 576 496 424 360 304 256 208 168 132 100 72 48 28 16 4 0 
0 4 16 32 52 80 108 144 180 224 272 324 384 452 528 612 700 796 900 1012 1132 1260 1392 1532 1676 1828 1988 2156 2328 2508 2696 2888 3088 3292 3504 3716 3932 4148 4364 4576 4780 4972 5152 5316 5456 5572 5660 5716 5736 5716 5660 5572 5456 5316 5152 4972 4780 4576 4364 4148 3932 3716 3504 3292 3088 2888 2696 2508 2328 2156 1988 1828 1676 1532 1392 1260 1132 1012 900 796 700 612 528 452 384 324 272 224 180 144 108 80 52 32 16 4 0 
0 4 16 36 56 84 116 152 192 240 288 344 408 480 560 648 740 840 948 1064 1188 1320 1460 1604 1756 1916 2084 2260 2444 2636 2836 3040 3252 3472 3700 3932 4168 4404 4644 4880 5108 5328 5536 5724 5888 6024 6128 6192 6216 6192 6128 6024 5888 5724 5536 5328 5108 4880 4644 4404 4168 3932 3700 3472 3252 3040 2836 2636 2444 2260 2084 1916 1756 1604 1460 1320 1188 1064 948 840 740 648 560 480 408 344 288 240 192 152 116 84 56 36 16 4 0 
0 4 16 36 60 88 124 160 204 252 304 364 432 508 592 684 780 884 996 1116 1244 1380 1524 1676 1836 2000 2176 2364 2556 2760 2972 3188 3416 3652 3896 4148 4404 4664 4928 5192 5452 5704 5944 6164 6356 6516 6640 6716 6744 6716 6640 6516 6356 6164 5944 5704 5452 5192 4928 4664 4404 4148 3896 3652 3416 3188 2972 2760 2556 2364 2176 2000 1836 1676 1524 1380 1244 1116 996 884 780 684 592 508 432 364 304 252 204 160 124 88 60 36 16 4 0 
0 4 16 36 64 92 128 168 216 264 320 384 456 536 624 716 816 924 1040 1164 1296 1436 1588 1744 1908 2080 2264 2460 2664 2876 3100 3332 3576 3828 4092 4364 4644 4928 5220 5516 5812 6100 6376 6632 6860 7052 7200 7292 7324 7292 7200 7052 6860 6632 6376 6100 5812 5516 5220 4928 4644 4364 4092 3828 3576 3332 3100 2876 2664 2460 2264 2080 1908 1744 1588 1436 1296 1164 1040 924 816 716 624 536 456 384 320 264 216 168 128 92 64 36 16 4 0 
0 4 16 36 64 96 136 176 224 276 336 404 480 564 652 748 852 964 1084 1212 1344 1488 1644 1808 1976 2156 2348 2552 2764 2988 3224 3472 3728 4000 4284 4576 4880 5192 5516 5848 6180 6512 6832 7136 7408 7640 7820 7936 7976 7936 7820 7640 7408 7136 6832 6512 6180 5848 5516 5192 4880 4576 4284 4000 3728 3472 3224 2988 2764 2552 2348 2156 1976 1808 1644 1488 1344 1212 1084 964 852 748 652 564 480 404 336 276 224 176 136 96 64 36 16 4 0 
0 4 16 36 64 100 140 184 232 288 352 424 504 588 680 780 888 1000 1124 1252 1388 1536 1696 1864 2040 2228 2428 2640 2860 3096 3340 3600 3872 4160 4464 4780 5108 5452 5812 6180 6556 6936 7312 7672 8004 8288 8512 8656 8708 8656 8512 8288 8004 7672 7312 6936 6556 6180 5812 5452 5108 4780 4464 4160 3872 3600 3340 3096 2860 2640 2428 2228 2040 1864 1696 1536 1388 1252 1124 1000 888 780 680 588 504 424 352 288 232 184 140 100 64 36 16 4 0 
0 4 16 36 64 100 144 188 240 300 368 440 520 608 704 808 916 1032 1156 1288 1428 1580 1744 1916 2100 2296 2500 2720 2948 3192 3448 3720 4008 4312 4636 4972 5328 5704 6100 6512 6936 7372 7812 8240 8644 9004 9288 9476 9544 9476 9288 9004 8644 8240 7812 7372 6936 6512 6100 5704 5328 4972 4636 4312 4008 3720 3448 3192 2948 2720 2500 2296 2100 1916 1744 1580 1428 1288 1156 1032 916 808 704 608 520 440 368 300 240 188 144 100 64 36 16 4 0 
0 4 16 36 64 100 144 192 248 312 380 456 536 628 724 828 940 1060 1188 1320 1464 1620 1788 1964 2152 2352 2564 2792 3028 3280 3548 3832 4132 4452 4792 5152 5536 5944 6376 6832 7312 7812 8324 8840 9336 9792 10168 10424 10516 10424 10168 9792 9336 8840 8324 7812 7312 6832 6376 5944 5536 5152 4792 4452 4132 3832 3548 3280 3028 2792 2564 2352 2152 1964 1788 1620 1464 1320 1188 1060 940 828 724 628 536 456 380 312 248 192 144 100 64 36 16 4 0 
0 4 16 36 64 100 144 196 252 316 388 464 548 640 740 848 960 1084 1212 1348 1496 1656 1828 2008 2200 2404 2620 2852 3100 3360 3636 3932 4244 4580 4936 5316 5724 6164 6632 7136 7672 8240 8840 9456 10076 10668 11176 11536 11672 11536 11176 10668 10076 9456 8840 8240 7672 7136 6632 6164 5724 5316 4936 4580 4244 3932 3636 3360 3100 2852 2620 2404 2200 2008 1828 1656 1496 1348 1212 1084 960 848 740 640 548 464 388 316 252 196 144 100 64 36 16 4 0 
0 4 16 36 64 100 144 196 256 320 392 472 560 652 752 860 976 1100 1232 1372 1524 1688 1860 2044 2240 2448 2668 2904 3156 3424 3708 4012 4336 4684 5056 5456 5888 6356 6860 7408 8004 8644 9336 10076 10852 11628 12340 12880 13096 12880 12340 11628 10852 10076 9336 8644 8004 7408 6860 6356 5888 5456 5056 4684 4336 4012 3708 3424 3156 2904 2668 2448 2240 2044 1860 1688 1524 1372 1232 1100 976 860 752 652 560 472 392 320 256 196 144 100 64 36 16 4 0 
0 4 16 36 64 100 144 196 256 324 396 476 564 660 764 872 992 1116 1248 1392 1544 1708 1884 2072 2268 2480 2708 2948 3204 3476 3768 4080 4412 4772 5156 5572 6024 6516 7052 7640 8288 9004 9792 10668 11628 12656 13684 14552 14956 14552 13684 12656 11628 10668 9792 9004 8288 7640 7052 6516 6024 5572 5156 4772 4412 4080 3768 3476 3204 2948 2708 2480 2268 2072 1884 1708 1544 1392 1248 1116 992 872 764 660 564 476 396 324 256 196 144 100 64 36 16 4 0 
0 4 16 36 64 100 144 196 256 324 400 480 568 664 768 880 1000 1128 1260 1404 1560 1724 1900 2088 2288 2504 2732 2976 3236 3516 3812 4128 4468 4836 5232 5660 6128 6640 7200 7820 8512 9288 10168 11176 12340 13684 15188 16696 17624 16696 15188 13684 12340 11176 10168 9288 8512 7820 7200 6640 6128 5660 5232 4836 4468 4128 3812 3516 3236 2976 2732 2504 2288 2088 1900 1724 1560 1404 1260 1128 1000 880 768 664 568 480 400 324 256 196 144 100 64 36 16 4 0 
0 4 16 36 64 100 144 196 256 324 400 484 572 668 772 884 1004 1132 1268 1412 1568 1736 1912 2100 2300 2516 2748 2996 3256 3536 3836 4160 4504 4876 5280 5716 6192 6716 7292 7936 8656 9476 10424 11536 12880 14552 16696 19424 22156 19424 16696 14552 12880 11536 10424 9476 8656 7936 7292 6716 6192 5716 5280 4876 4504 4160 3836 3536 3256 2996 2748 2516 2300 2100 1912 1736 1568 1412 1268 1132 1004 884 772 668 572 484 400 324 256 196 144 100 64 36 16 4 0 
0 4 16 36 64 100 144 196 256 324 400 484 576 672 776 888 1008 1136 1272 1416 1572 1740 1916 2104 2304 2520 2752 3000 3264 3544 3844 4168 4516 4892 5296 5736 6216 6744 7324 7976 8708 9544 10516 11672 13096 14956 17624 22156 32156 22156 17624 14956 13096 11672 10516 9544 8708 7976 7324 6744 6216 5736 5296 4892 4516 4168 3844 3544 3264 3000 2752 2520 2304 2104 1916 1740 1572 1416 1272 1136 1008 888 776 672 576 484 400 324 256 196 144 100 64 36 16 4 0 
0 4 16 36 64 100 144 196 256 324 400 484 572 668 772 884 1004 1132 1268 1412 1568 1736 1912 2100 2300 2516 2748 2996 3256 3536 3836 4160 4504 4876 5280 5716 6192 6716 7292 7936 8656 9476 10424 11536 12880 14552 16696 19424 22156 19424 16696 14552 12880 11536 10424 9476 8656 7936 7292 6716 6192 5716 5280 4876 4504 4160 3836 3536 3256 2996 2748 2516 2300 2100 1912 1736 1568 1412 1268 1132 1004 884 772 668 572 484 400 324 256 196 144 100 64 36 16 4 0 
0 4 16 36 64 100 144 196 256 324 400 480 568 664 768 880 1000 1128 1260 1404 1560 1724 1900 2088 2288 2504 2732 2976 3236 3516 3812 4128 4468 4836 5232 5660 6128 6640 7200 7820 8512 9288 10168 11176 12340 13684 15188 16696 17624 16696 15188 13684 12340 11176 10168 9288 8512 7820 7200 6640 6128 5660 5232 4836 4468 4128 3812 3516 3236 2976 2732 2504 2288 2088 1900 1724 1560 1404 1260 1128 1000 880 768 664 568 480 400 324 256 196 144 100 64 36 16 4 0 
0 4 16 36 64 100 144 196 256 324 396 476 564 660 764 872 992 1116 1248 1392 1544 1708 1884 2072 2268 2480 2708 2948 3204 3476 3768 4080 4412 4772 5156 5572 6024 6516 7052 7640 8288 9004 9792 10668 11628 12656 13684 14552 14956 14552 13684 12656 11628 10668 9792 9004 8288 7640 7052 6516 6024 5572 5156 4772 4412 4080 3768 3476 3204 2948 2708 2480 2268 2072 1884 1708 1544 1392 1248 1116 992 872 764 660 564 476 396 324 256 196 144 100 64 36 16 4 0 
0 4 16 36 64 100 144 196 256 320 392 472 560 652 752 860 976 1100 1232 1372 1524 1688 1860 2044 2240 2448 2668 2904 3156 3424 3708 4012 4336 4684 5056 5456 5888 6356 6860 7408 8004 8644 9336 10076 10852 11628 12340 12880 13096 12880 12340 11628 10852 10076 9336 8644 8004 7408 6860 6356 5888 5456 5056 4684 4336 4012 3708 3424 3156 2904 2668 2448 2240 2044 1860 1688 1524 1372 1232 1100 976 860 752 652 560 472 392 320 256 196 144 100 64 36 16 4 0 
0 4 16 36 64 100 144 196 252 316 388 464 548 640 740 848 960 1084 1212 1348 1496 1656 1828 2008 2200 2404 2620 2852 3100 3360 3636 3932 4244 4580 4936 5316 5724 6164 6632 7136 7672 8240 8840 9456 10076 10668 11176 11536 11672 11536 11176 10668 10076 9456 8840 8240 7672 7136 6632 6164 5724 5316 4936 4580 4244 3932 3636 3360 3100 2852 2620 2404 2200 2008 1828 1656 1496 1348 1212 1084 960 848 740 640 548 464 388 316 252 196 144 100 64 36 16 4 0 
0 4 16 36 64 100 144 192 248 312 380 456 536 628 724 828 940 1060 1188 1320 1464 1620 1788 1964 2152 2352 2564 2792 3028 3280 3548 3832 4132 4452 4792 5152 5536 5944 6376 6832 7312 7812 8324 8840 9336 9792 10168 10424 10516 10424 10168 9792 9336 8840 8324 7812 7312 6832 6376 5944 5536 5152 4792 4452 4132 3832 3548 3280 3028 2792 2564 2352 2152 1964 1788 1620 1464 1320 1188 1060 940 828 724 628 536 456 380 312 248 192 144 100 64 36 16 4 0 
0 4 16 36 64 100 144 188 240 300 368 440 520 608 704 808 916 1032 1156 1288 1428 1580 1744 1916 2100 2296 2500 2720 2948 3192 3448 3720 4008 4312 4636 4972 5328 5704 6100 6512 6936 7372 7812 8240 8644 9004 9288 9476 9544 9476 9288 9004 8644 8240 7812 7372 6936 6512 6100 5704 5328 4972 4636 4312 4008 3720 3448 3192 2948 2720 2500 2296 2100 1916 1744 1580 1428 1288 1156 1032 916 808 704 608 520 440 368 300 240 188 144 100 64 36 16 4 0 
0 4 16 36 64 100 140 184 232 288 352 424 504 588 680 780 888 1000 1124 1252 1388 1536 1696 1864 2040 2228 2428 2640 2860 3096 3340 3600 3872 4160 4464 4780 5108 5452 5812 6180 6556 6936 7312 7672 8004 8288 8512 8656 8708 8656 8512 8288 8004 7672 7312 6936 6556 6180 5812 5452 5108 4780 4464 4160 3872 3600 3340 3096 2860 2640 2428 2228 2040 1864 1696 1536 1388 1252 1124 1000 888 780 680 588 504 424 352 288 232 184 140 100 64 36 16 4 0 
0 4 16 36 64 96 136 176 224 276 336 404 480 564 652 748 852 964 1084 1212 1344 1488 1644 1808 1976 2156 2348 2552 2764 2988 3224 3472 3728 4000 4284 4576 4880 5192 5516 5848 6180 6512 6832 7136 7408 7640 7820 7936 7976 7936 7820 7640 7408 7136 6832 6512 6180 5848 5516 5192 4880 4576 4284 4000 3728 3472 3224 2988 2764 2552 2348 2156 1976 1808 1644 1488 1344 1212 1084 964 852 748 652 564 480 404 336 276 224 176 136 96 64 36 16 4 0 
0 4 16 36 64 92 128 168 216 264 320 384 456 536 624 716 816 924 1040 1164 1296 1436 1588 1744 1908 2080 2264 2460 2664 2876 3100 3332 3576 3828 4092 4364 4644 4928 5220 5516 5812 6100 6376 6632 6860 7052 7200 7292 7324 7292 7200 7052 6860 6632 6376 6100 5812 5516 5220 4928 4644 4364 4092 3828 3576 3332 3100 2876 2664 2460 2264 2080 1908 1744 1588 1436 1296 1164 1040 924 816 716 624 536 456 384 320 264 216 168 128 92 64 36 16 4 0 
0 4 16 36 60 88 124 160 204 252 304 364 432 508 592 684 780 884 996 1116 1244 1380 1524 1676 1836 2000 2176 2364 2556 2760 2972 3188 3416 3652 3896 4148 4404 4664 4928 5192 5452 5704 5944 6164 6356 6516 6640 6716 6744 6716 6640 6516 6356 6164 5944 5704 5452 5192 4928 4664 4404 4148 3896 3652 3416 3188 2972 2760 2556 2364 2176 2000 1836 1676 1524 1380 1244 1116 996 884 780 684 592 508 432 364 304 252 204 160 124 88 60 36 16 4 0 
0 4 16 36 56 84 116 152 192 240 288 344 408 480 560 648 740 840 948 1064 1188 1320 1460 1604 1756 1916 2084 2260 2444 2636 2836 3040 3252 3472 3700 3932 4168 4404 4644 4880 5108 5328 5536 5724 5888 6024 6128 6192 6216 6192 6128 6024 5888 5724 5536 5328 5108 4880 4644 4404 4168 3932 3700 3472 3252 3040 2836 2636 2444 2260 2084 1916 1756 1604 1460 1320 1188 1064 948 840 740 648 560 480 408 344 288 240 192 152 116 84 56 36 16 4 0 
0 4 16 32 52 80 108 144 180 224 272 324 384 452 528 612 700 796 900 1012 1132 1260 1392 1532 1676 1828 1988 2156 2328 2508 2696 2888 3088 3292 3504 3716 3932 4148 4364 4576 4780 4972 5152 5316 5456 5572 5660 5716 5736 5716 5660 5572 5456 5316 5152 4972 4780 4576 4364 4148 3932 3716 3504 3292 3088 2888 2696 2508 2328 2156 1988 1828 1676 1532 1392 1260 1132 1012 900 796 700 612 528 452 384 324 272 224 180 144 108 80 52 32 16 4 0 
0 4 16 28 48 72 100 132 168 208 256 304 360 424 496 576 660 752 852 960 1076 1200 1324 1456 1596 1740 1892 2048 2212 2380 2556 2736 2924 3112 3308 3504 3700 3896 4092 4284 4464 4636 4792 4936 5056 5156 5232 5280 5296 5280 5232 5156 5056 4936 4792 4636 4464 4284 4092 3896 3700 3504 3308 3112 2924 2736 2556 2380 2212 2048 1892 1740 1596 1456 1324 1200 1076 960 852 752 660 576 496 424 360 304 256 208 168 132 100 72 48 28 16 4 0 
0 4 12 24 44 64 92 120 156 192 236 284 336 396 464 540 620 708 804 908 1020 1136 1256 1380 1512 1648 1792 1940 2096 2252 2416 2584 2756 2932 3112 3292 3472 3652 3828 4000 4160 4312 4452 4580 4684 4772 4836 4876 4892 4876 4836 4772 4684 4580 4452 4312 4160 4000 3828 3652 3472 3292 3112 2932 2756 2584 2416 2252 2096 1940 1792 1648 1512 1380 1256 1136 1020 908 804 708 620 540 464 396 336 284 236 192 156 120 92 64 44 24 12 4 0 
0 4 12 20 36 56 80 108 140 176 220 264 312 368 432 504 580 664 756 856 960 1072 1184 1304 1428 1556 1692 1832 1976 2124 2276 2432 2592 2756 2924 3088 3252 3416 3576 3728 3872 4008 4132 4244 4336 4412 4468 4504 4516 4504 4468 4412 4336 4244 4132 4008 3872 3728 3576 3416 3252 3088 2924 2756 2592 2432 2276 2124 1976 1832 1692 1556 1428 1304 1184 1072 960 856 756 664 580 504 432 368 312 264 220 176 140 108 80 56 36 20 12 4 0 
0 4 8 16 32 48 72 96 128 160 200 244 288 340 400 468 540 620 708 804 900 1004 1112 1228 1344 1464 1592 1724 1860 2000 2140 2284 2432 2584 2736 2888 3040 3188 3332 3472 3600 3720 3832 3932 4012 4080 4128 4160 4168 4160 4128 4080 4012 3932 3832 3720 3600 3472 3332 3188 3040 2888 2736 2584 2432 2284 2140 2000 1860 1724 1592 1464 1344 1228 1112 1004 900 804 708 620 540 468 400 340 288 244 200 160 128 96 72 48 32 16 8 4 0 
0 0 4 12 24 40 60 84 112 144 180 220 264 312 368 432 500 576 660 748 840 940 1040 1148 1260 1372 1492 1616 1744 1872 2004 2140 2276 2416 2556 2696 2836 2972 3100 3224 3340 3448 3548 3636 3708 3768 3812 3836 3844 3836 3812 3768 3708 3636 3548 3448 3340 3224 3100 2972 2836 2696 2556 2416 2276 2140 2004 1872 1744 1616 1492 1372 1260 1148 1040 940 840 748 660 576 500 432 368 312 264 220 180 144 112 84 60 40 24 12 4 0 0 
0 0 4 8 20 32 52 72 100 128 160 200 240 284 336 396 460 532 612 696 780 872 968 1068 1172 1280 1392 1508 1628 1748 1872 2000 2124 2252 2380 2508 2636 2760 2876 2988 3096 3192 3280 3360 3424 3476 3516 3536 3544 3536 3516 3476 3424 3360 3280 3192 3096 2988 2876 2760 2636 2508 2380 2252 2124 2000 1872 1748 1628 1508 1392 1280 1172 1068 968 872 780 696 612 532 460 396 336 284 240 200 160 128 100 72 52 32 20 8 4 0 0 
0 0 0 4 12 24 40 60 84 112 140 176 216 256 304 360 420 488 564 640 720 808 896 992 1088 1188 1292 1400 1512 1628 1744 1860 1976 2096 2212 2328 2444 2556 2664 2764 2860 2948 3028 3100 3156 3204 3236 3256 3264 3256 3236 3204 3156 3100 3028 2948 2860 2764 2664 2556 2444 2328 2212 2096 1976 1860 1744 1628 1512 1400 1292 1188 1088 992 896 808 720 640 564 488 420 360 304 256 216 176 140 112 84 60 40 24 12 4 0 0 0 
0 0 0 4 8 20 32 48 68 92 120 152 188 228 272 324 380 444 512 584 660 740 824 912 1004 1100 1196 1296 1400 1508 1616 1724 1832 1940 2048 2156 2260 2364 2460 2552 2640 2720 2792 2852 2904 2948 2976 2996 3000 2996 2976 2948 2904 2852 2792 2720 2640 2552 2460 2364 2260 2156 2048 1940 1832 1724 1616 1508 1400 1296 1196 1100 1004 912 824 740 660 584 512 444 380 324 272 228 188 152 120 92 68 48 32 20 8 4 0 0 0 
0 0 0 0 4 12 24 36 56 76 100 132 164 200 240 288 340 400 464 532 600 676 756 836 924 1012 1104 1196 1292 1392 1492 1592 1692 1792 1892 1988 2084 2176 2264 2348 2428 2500 2564 2620 2668 2708 2732 2748 2752 2748 2732 2708 2668 2620 2564 2500 2428 2348 2264 2176 2084 1988 1892 1792 1692 1592 1492 1392 1292 1196 1104 1012 924 836 756 676 600 532 464 400 340 288 240 200 164 132 100 76 56 36 24 12 4 0 0 0 0 
0 0 0 0 0 4 12 24 40 60 80 108 140 172 208 252 300 356 416 476 540 612 684 760 840 924 1012 1100 1188 1280 1372 1464 1556 1648 1740 1828 1916 2000 2080 2156 2228 2296 2352 2404 2448 2480 2504 2516 2520 2516 2504 2480 2448 2404 2352 2296 2228 2156 2080 2000 1916 1828 1740 1648 1556 1464 1372 1280 1188 1100 1012 924 840 760 684 612 540 476 416 356 300 252 208 172 140 108 80 60 40 24 12 4 0 0 0 0 0 
0 0 0 0 0 0 4 12 24 40 60 84 112 144 176 216 260 312 364 420 480 544 612 684 760 840 924 1004 1088 1172 1260 1344 1428 1512 1596 1676 1756 1836 1908 1976 2040 2100 2152 2200 2240 2268 2288 2300 2304 2300 2288 2268 2240 2200 2152 2100 2040 1976 1908 1836 1756 1676 1596 1512 1428 1344 1260 1172 1088 1004 924 840 760 684 612 544 480 420 364 312 260 216 176 144 112 84 60 40 24 12 4 0 0 0 0 0 0 
0 0 0 0 0 0 0 4 12 24 40 60 84 112 144 180 220 264 312 364 420 480 544 612 684 760 836 912 992 1068 1148 1228 1304 1380 1456 1532 1604 1676 1744 1808 1864 1916 1964 2008 2044 2072 2088 2100 2104 2100 2088 2072 2044 2008 1964 1916 1864 1808 1744 1676 1604 1532 1456 1380 1304 1228 1148 1068 992 912 836 760 684 612 544 480 420 364 312 264 220 180 144 112 84 60 40 24 12 4 0 0 0 0 0 0 0 
0 0 0 0 0 0 0 0 4 12 24 40 60 84 112 144 180 220 264 312 364 420 480 544 612 684 756 824 896 968 1040 1112 1184 1256 1324 1392 1460 1524 1588 1644 1696 1744 1788 1828 1860 1884 1900 1912 1916 1912 1900 1884 1860 1828 1788 1744 1696 1644 1588 1524 1460 1392 1324 1256 1184 1112 1040 968 896 824 756 684 612 544 480 420 364 312 264 220 180 144 112 84 60 40 24 12 4 0 0 0 0 0 0 0 0 
0 0 0 0 0 0 0 0 0 4 12 24 40 60 84 112 144 180 220 264 312 364 420 480 544 612 676 740 808 872 940 1004 1072 1136 1200 1260 1320 1380 1436 1488 1536 1580 1620 1656 1688 1708 1724 1736 1740 1736 1724 1708 1688 1656 1620 1580 1536 1488 1436 1380 1320 1260 1200 1136 1072 1004 940 872 808 740 676 612 544 480 420 364 312 264 220 180 144 112 84 60 40 24 12 4 0 0 0 0 0 0 0 0 0 
0 0 0 0 0 0 0 0 0 0 4 12 24 40 60 84 112 144 180 220 264 312 364 420 480 540 600 660 720 780 840 900 960 1020 1076 1132 1188 1244 1296 1344 1388 1428 1464 1496 1524 1544 1560 1568 1572 1568 1560 1544 1524 1496 1464 1428 1388 1344 1296 1244 1188 1132 1076 1020 960 900 840 780 720 660 600 540 480 420 364 312 264 220 180 144 112 84 60 40 24 12 4 0 0 0 0 0 0 0 0 0 0 
0 0 0 0 0 0 0 0 0 0 0 4 12 24 40 60 84 112 144 180 220 264 312 364 420 476 532 584 640 696 748 804 856 908 960 1012 1064 1116 1164 1212 1252 1288 1320 1348 1372 1392 1404 1412 1416 1412 1404 1392 1372 1348 1320 1288 1252 1212 1164 1116 1064 1012 960 908 856 804 748 696 640 584 532 476 420 364 312 264 220 180 144 112 84 60 40 24 12 4 0 0 0 0 0 0 0 0 0 0 0 
0 0 0 0 0 0 0 0 0 0 0 0 4 12 24 40 60 84 112 144 180 220 264 312 364 416 464 512 564 612 660 708 756 804 852 900 948 996 1040 1084 1124 1156 1188 1212 1232 1248 1260 1268 1272 1268 1260 1248 1232 1212 1188 1156 1124 1084 1040 996 948 900 852 804 756 708 660 612 564 512 464 416 364 312 264 220 180 144 112 84 60 40 24 12 4 0 0 0 0 0 0 0 0 0 0 0 0 
0 0 0 0 0 0 0 0 0 0 0 0 0 4 12 24 40 60 84 112 144 180 220 264 312 356 400 444 488 532 576 620 664 708 752 796 840 884 924 964 1000 1032 1060 1084 1100 1116 1128 1132 1136 1132 1128 1116 1100 1084 1060 1032 1000 964 924 884 840 796 752 708 664 620 576 532 488 444 400 356 312 264 220 180 144 112 84 60 40 24 12 4 0 0 0 0 0 0 0 0 0 0 0 0 0 
0 0 0 0 0 0 0 0 0 0 0 0 0 0 4 12 24 40 60 84 112 144 180 220 260 300 340 380 420 460 500 540 580 620 660 700 740 780 816 852 888 916 940 960 976 992 1000 1004 1008 1004 1000 992 976 960 940 916 888 852 816 780 740 700 660 620 580 540 500 460 420 380 340 300 260 220 180 144 112 84 60 40 24 12 4 0 0 0 0 0 0 0 0 0 0 0 0 0 0 
0 0 0 0 0 0 0 0 0 0 0 0 0 0 0 4 12 24 40 60 84 112 144 180 216 252 288 324 360 396 432 468 504 540 576 612 648 684 716 748 780 808 828 848 860 872 880 884 888 884 880 872 860 848 828 808 780 748 716 684 648 612 576 540 504 468 432 396 360 324 288 252 216 180 144 112 84 60 40 24 12 4 0 0 0 0 0 0 0 0 0 0 0 0 0 0 0 
0 0 0 0 0 0 0 0 0 0 0 0 0 0 0 0 4 12 24 40 60 84 112 144 176 208 240 272 304 336 368 400 432 464 496 528 560 592 624 652 680 704 724 740 752 764 768 772 776 772 768 764 752 740 724 704 680 652 624 592 560 528 496 464 432 400 368 336 304 272 240 208 176 144 112 84 60 40 24 12 4 0 0 0 0 0 0 0 0 0 0 0 0 0 0 0 0 
0 0 0 0 0 0 0 0 0 0 0 0 0 0 0 0 0 4 12 24 40 60 84 112 144 172 200 228 256 284 312 340 368 396 424 452 480 508 536 564 588 608 628 640 652 660 664 668 672 668 664 660 652 640 628 608 588 564 536 508 480 452 424 396 368 340 312 284 256 228 200 172 144 112 84 60 40 24 12 4 0 0 0 0 0 0 0 0 0 0 0 0 0 0 0 0 0 
0 0 0 0 0 0 0 0 0 0 0 0 0 0 0 0 0 0 4 12 24 40 60 84 112 140 164 188 216 240 264 288 312 336 360 384 408 432 456 480 504 520 536 548 560 564 568 572 576 572 568 564 560 548 536 520 504 480 456 432 408 384 360 336 312 288 264 240 216 188 164 140 112 84 60 40 24 12 4 0 0 0 0 0 0 0 0 0 0 0 0 0 0 0 0 0 0 
0 0 0 0 0 0 0 0 0 0 0 0 0 0 0 0 0 0 0 4 12 24 40 60 84 108 132 152 176 200 220 244 264 284 304 324 344 364 384 404 424 440 456 464 472 476 480 484 484 484 480 476 472 464 456 440 424 404 384 364 344 324 304 284 264 244 220 200 176 152 132 108 84 60 40 24 12 4 0 0 0 0 0 0 0 0 0 0 0 0 0 0 0 0 0 0 0 
0 0 0 0 0 0 0 0 0 0 0 0 0 0 0 0 0 0 0 0 4 12 24 40 60 80 100 120 140 160 180 200 220 236 256 272 288 304 320 336 352 368 380 388 392 396 400 400 400 400 400 396 392 388 380 368 352 336 320 304 288 272 256 236 220 200 180 160 140 120 100 80 60 40 24 12 4 0 0 0 0 0 0 0 0 0 0 0 0 0 0 0 0 0 0 0 0 
0 0 0 0 0 0 0 0 0 0 0 0 0 0 0 0 0 0 0 0 0 4 12 24 40 60 76 92 112 128 144 160 176 192 208 224 240 252 264 276 288 300 312 316 320 324 324 324 324 324 324 324 320 316 312 300 288 276 264 252 240 224 208 192 176 160 144 128 112 92 76 60 40 24 12 4 0 0 0 0 0 0 0 0 0 0 0 0 0 0 0 0 0 0 0 0 0 
0 0 0 0 0 0 0 0 0 0 0 0 0 0 0 0 0 0 0 0 0 0 4 12 24 40 56 68 84 100 112 128 140 156 168 180 192 204 216 224 232 240 248 252 256 256 256 256 256 256 256 256 256 252 248 240 232 224 216 204 192 180 168 156 140 128 112 100 84 68 56 40 24 12 4 0 0 0 0 0 0 0 0 0 0 0 0 0 0 0 0 0 0 0 0 0 0 
0 0 0 0 0 0 0 0 0 0 0 0 0 0 0 0 0 0 0 0 0 0 0 4 12 24 36 48 60 72 84 96 108 120 132 144 152 160 168 176 184 188 192 196 196 196 196 196 196 196 196 196 196 196 192 188 184 176 168 160 152 144 132 120 108 96 84 72 60 48 36 24 12 4 0 0 0 0 0 0 0 0 0 0 0 0 0 0 0 0 0 0 0 0 0 0 0 
0 0 0 0 0 0 0 0 0 0 0 0 0 0 0 0 0 0 0 0 0 0 0 0 4 12 24 32 40 52 60 72 80 92 100 108 116 124 128 136 140 144 144 144 144 144 144 144 144 144 144 144 144 144 144 144 140 136 128 124 116 108 100 92 80 72 60 52 40 32 24 12 4 0 0 0 0 0 0 0 0 0 0 0 0 0 0 0 0 0 0 0 0 0 0 0 0 
0 0 0 0 0 0 0 0 0 0 0 0 0 0 0 0 0 0 0 0 0 0 0 0 0 4 12 20 24 32 40 48 56 64 72 80 84 88 92 96 100 100 100 100 100 100 100 100 100 100 100 100 100 100 100 100 100 96 92 88 84 80 72 64 56 48 40 32 24 20 12 4 0 0 0 0 0 0 0 0 0 0 0 0 0 0 0 0 0 0 0 0 0 0 0 0 0 
0 0 0 0 0 0 0 0 0 0 0 0 0 0 0 0 0 0 0 0 0 0 0 0 0 0 4 8 12 20 24 32 36 44 48 52 56 60 64 64 64 64 64 64 64 64 64 64 64 64 64 64 64 64 64 64 64 64 64 60 56 52 48 44 36 32 24 20 12 8 4 0 0 0 0 0 0 0 0 0 0 0 0 0 0 0 0 0 0 0 0 0 0 0 0 0 0 
0 0 0 0 0 0 0 0 0 0 0 0 0 0 0 0 0 0 0 0 0 0 0 0 0 0 0 4 4 8 12 16 20 24 28 32 36 36 36 36 36 36 36 36 36 36 36 36 36 36 36 36 36 36 36 36 36 36 36 36 36 32 28 24 20 16 12 8 4 4 0 0 0 0 0 0 0 0 0 0 0 0 0 0 0 0 0 0 0 0 0 0 0 0 0 0 0 
0 0 0 0 0 0 0 0 0 0 0 0 0 0 0 0 0 0 0 0 0 0 0 0 0 0 0 0 0 4 4 8 12 12 16 16 16 16 16 16 16 16 16 16 16 16 16 16 16 16 16 16 16 16 16 16 16 16 16 16 16 16 16 12 12 8 4 4 0 0 0 0 0 0 0 0 0 0 0 0 0 0 0 0 0 0 0 0 0 0 0 0 0 0 0 0 0 
0 0 0 0 0 0 0 0 0 0 0 0 0 0 0 0 0 0 0 0 0 0 0 0 0 0 0 0 0 0 0 4 4 4 4 4 4 4 4 4 4 4 4 4 4 4 4 4 4 4 4 4 4 4 4 4 4 4 4 4 4 4 4 4 4 4 0 0 0 0 0 0 0 0 0 0 0 0 0 0 0 0 0 0 0 0 0 0 0 0 0 0 0 0 0 0 0 
0 0 0 0 0 0 0 0 0 0 0 0 0 0 0 0 0 0 0 0 0 0 0 0 0 0 0 0 0 0 0 0 0 0 0 0 0 0 0 0 0 0 0 0 0 0 0 0 0 0 0 0 0 0 0 0 0 0 0 0 0 0 0 0 0 0 0 0 0 0 0 0 0 0 0 0 0 0 0 0 0 0 0 0 0 0 0 0 0 0 0 0 0 0 0 0 0 
