1.01 1.01 1.01 1.01 1.01 1.01 1.01 2.01 2.01 3.01 3.01 3.01 3.01 3.01 3.01 3.01 3.01 3.01 3.01 3.01 2.01 2.01 1.01 1.01 1.01 1.01 1.01 1.01 1.01 
1.01 1.01 1.01 1.01 2.01 3.01 4.01 0.61 3.61 0.21 2.21 3.21 3.21 3.21 3.21 3.21 3.21 3.21 2.21 0.21 3.61 0.61 4.01 3.01 2.01 1.01 1.01 1.01 1.01 
1.01 1.01 1.01 3.01 1.61 0.21 4.21 2.81 2.41 3.01 2.61 1.21 3.21 3.21 3.21 3.21 3.21 1.21 2.61 3.01 2.41 2.81 4.21 0.21 1.61 3.01 1.01 1.01 1.01 
1.01 1.01 3.01 2.61 3.81 3.01 0.21 3.81 3.01 3.21 2.41 0.61 1.21 4.21 4.21 4.21 1.21 0.61 2.41 3.21 3.01 3.81 0.21 3.01 3.81 2.61 3.01 1.01 1.01 
1.01 2.01 1.61 3.81 0.5 3.3 3.1 3.9 2.3 0.7 3.5 4.3 2.1 0.3 3.3 0.3 2.1 4.3 3.5 0.7 2.3 3.9 3.1 3.3 0.5 3.81 1.61 2.01 1.01 
1.01 3.01 0.21 3.01 3.3 3.3 3.3 2.9 3.1 3.3 1.5 2.1 4.1 2.5 4.1 2.5 4.1 2.1 1.5 3.3 3.1 2.9 3.3 3.3 3.3 3.01 0.21 3.01 1.01 
1.01 4.01 4.21 0.21 3.1 3.3 4.1 3.7 1.1 3.9 2.7 3.9 3.5 4.3 4.1 4.3 3.5 3.9 2.7 3.9 1.1 3.7 4.1 3.3 3.1 0.21 4.21 4.01 1.01 
2.01 0.61 2.81 3.81 3.9 2.9 3.7 1.7 3.5 1.1 2.5 2.9 3.7 2.5 2.7 2.5 3.7 2.9 2.5 1.1 3.5 1.7 3.7 2.9 3.9 3.81 2.81 0.61 2.01 
2.01 3.61 2.41 3.01 2.3 3.1 1.1 3.5 3.4 2.6 3 4.2 2.6 3.6 0.8 3.6 2.6 4.2 3 2.6 3.4 3.5 1.1 3.1 2.3 3.01 2.41 3.61 2.01 
3.01 0.21 3.01 3.21 0.7 3.3 3.9 1.1 2.6 2.2 2.8 4.4 1.8 3.6 1.8 3.6 1.8 4.4 2.8 2.2 2.6 1.1 3.9 3.3 0.7 3.21 3.01 0.21 3.01 
3.01 2.21 2.61 2.41 3.5 1.5 2.7 2.5 3 2.8 2.2 2.2 3.4 4.4 3.4 4.4 3.4 2.2 2.2 2.8 3 2.5 2.7 1.5 3.5 2.41 2.61 2.21 3.01 
3.01 3.21 1.21 0.61 4.3 2.1 3.9 2.9 4.2 4.4 2.2 1 4.4 4 3.8 4 4.4 1 2.2 4.4 4.2 2.9 3.9 2.1 4.3 0.61 1.21 3.21 3.01 
3.01 3.21 3.21 1.21 2.1 4.1 3.5 3.7 2.6 1.8 3.4 4.4 4.2 1.8 0.8 1.8 4.2 4.4 3.4 1.8 2.6 3.7 3.5 4.1 2.1 1.21 3.21 3.21 3.01 
3.01 3.21 3.21 4.21 0.3 2.5 4.3 2.5 3.6 3.6 4.4 4 1.8 4.2 4.4 4.2 1.8 4 4.4 3.6 3.6 2.5 4.3 2.5 0.3 4.21 3.21 3.21 3.01 
3.01 3.21 3.21 4.21 3.3 4.1 4.1 2.7 0.8 1.8 3.4 3.8 0.8 4.4 0.4 4.4 0.8 3.8 3.4 1.8 0.8 2.7 4.1 4.1 3.3 4.21 3.21 3.21 3.01 
3.01 3.21 3.21 4.21 0.3 2.5 4.3 2.5 3.6 3.6 4.4 4 1.8 4.2 4.4 4.2 1.8 4 4.4 3.6 3.6 2.5 4.3 2.5 0.3 4.21 3.21 3.21 3.01 
3.01 3.21 3.21 1.21 2.1 4.1 3.5 3.7 2.6 1.8 3.4 4.4 4.2 1.8 0.8 1.8 4.2 4.4 3.4 1.8 2.6 3.7 3.5 4.1 2.1 1.21 3.21 3.21 3.01 
3.01 3.21 1.21 0.61 4.3 2.1 3.9 2.9 4.2 4.4 2.2 1 4.4 4 3.8 4 4.4 1 2.2 4.4 4.2 2.9 3.9 2.1 4.3 0.61 1.21 3.21 3.01 
3.01 2.21 2.61 2.41 3.5 1.5 2.7 2.5 3 2.8 2.2 2.2 3.4 4.4 3.4 4.4 3.4 2.2 2.2 2.8 3 2.5 2.7 1.5 3.5 2.41 2.61 2.21 3.01 
3.01 0.21 3.01 3.21 0.7 3.3 3.9 1.1 2.6 2.2 2.8 4.4 1.8 3.6 1.8 3.6 1.8 4.4 2.8 2.2 2.6 1.1 3.9 3.3 0.7 3.21 3.01 0.21 3.01 
2.01 3.61 2.41 3.01 2.3 3.1 1.1 3.5 3.4 2.6 3 4.2 2.6 3.6 0.8 3.6 2.6 4.2 3 2.6 3.4 3.5 1.1 3.1 2.3 3.01 2.41 3.61 2.01 
2.01 0.61 2.81 3.81 3.9 2.9 3.7 1.7 3.5 1.1 2.5 2.9 3.7 2.5 2.7 2.5 3.7 2.9 2.5 1.1 3.5 1.7 3.7 2.9 3.9 3.81 2.81 0.61 2.01 
1.01 4.01 4.21 0.21 3.1 3.3 4.1 3.7 1.1 3.9 2.7 3.9 3.5 4.3 4.1 4.3 3.5 3.9 2.7 3.9 1.1 3.7 4.1 3.3 3.1 0.21 4.21 4.01 1.01 
1.01 3.01 0.21 3.01 3.3 3.3 3.3 2.9 3.1 3.3 1.5 2.1 4.1 2.5 4.1 2.5 4.1 2.1 1.5 3.3 3.1 2.9 3.3 3.3 3.3 3.01 0.21 3.01 1.01 
1.01 2.01 1.61 3.81 0.5 3.3 3.1 3.9 2.3 0.7 3.5 4.3 2.1 0.3 3.3 0.3 2.1 4.3 3.5 0.7 2.3 3.9 3.1 3.3 0.5 3.81 1.61 2.01 1.01 
1.01 1.01 3.01 2.61 3.81 3.01 0.21 3.81 3.01 3.21 2.41 0.61 1.21 4.21 4.21 4.21 1.21 0.61 2.41 3.21 3.01 3.81 0.21 3.01 3.81 2.61 3.01 1.01 1.01 
1.01 1.01 1.01 3.01 1.61 0.21 4.21 2.81 2.41 3.01 2.61 1.21 3.21 3.21 3.21 3.21 3.21 1.21 2.61 3.01 2.41 2.81 4.21 0.21 1.61 3.01 1.01 1.01 1.01 
1.01 1.01 1.01 1.01 2.01 3.01 4.01 0.61 3.61 0.21 2.21 3.21 3.21 3.21 3.21 3.21 3.21 3.21 2.21 0.21 3.61 0.61 4.01 3.01 2.01 1.01 1.01 1.01 1.01 
1.01 1.01 1.01 1.01 1.01 1.01 1.01 2.01 2.01 3.01 3.01 3.01 3.01 3.01 3.01 3.01 3.01 3.01 3.01 3.01 2.01 2.01 1.01 1.01 1.01 1.01 1.01 1.01 1.01 
