-1 -1 -1 -1 -1 -1 -1 -1 -1 -1 -1 -1 -1 -1 -1 -1 0 1 2 3 4 4 4 4 4 4 4 3 2 1 0 -1 -1 -1 -1 -1 -1 -1 -1 -1 -1 -1 -1 -1 -1 -1 -1 
-1 -1 -1 -1 -1 -1 -1 -1 -1 -1 -1 -1 -1 -1 0 3 2.96 2.92 2.88 2.84 0.8 2.8 3.8 3.8 3.8 2.8 0.8 2.84 2.88 2.92 2.96 3 0 -1 -1 -1 -1 -1 -1 -1 -1 -1 -1 -1 -1 -1 -1 
-1 -1 -1 -1 -1 -1 -1 -1 -1 -1 -1 -1 0 3 3.96 3.88 0.76 2.68 2.6 1.52 3.48 3.44 2.4 3.4 2.4 3.44 3.48 1.52 2.6 2.68 0.76 3.88 3.96 3 0 -1 -1 -1 -1 -1 -1 -1 -1 -1 -1 -1 -1 
-1 -1 -1 -1 -1 -1 -1 -1 -1 -1 0 3 3.96 3.88 3.76 2.6 3.44 1.28 3.16 3.04 3.96 3.88 0.8 3.8 0.8 3.88 3.96 3.04 3.16 1.28 3.44 2.6 3.76 3.88 3.96 3 0 -1 -1 -1 -1 -1 -1 -1 -1 -1 -1 
-1 -1 -1 -1 -1 -1 -1 -1 -1 2 2.96 2.88 3.76 3.6 3.4 2.16 0.92 3.72 3.52 0.32 3.2 2.08 3 0.96 3 2.08 3.2 0.32 3.52 3.72 0.92 2.16 3.4 3.6 3.76 2.88 2.96 2 -1 -1 -1 -1 -1 -1 -1 -1 -1 
-1 -1 -1 -1 -1 -1 -1 -1 3 1.92 2.8 3.64 0.4 2.16 2.88 2.56 3.24 0.92 1.64 3.4 3.2 4.04 2.92 3.88 2.92 4.04 3.2 3.4 1.64 0.92 3.24 2.56 2.88 2.16 0.4 3.64 2.8 1.92 3 -1 -1 -1 -1 -1 -1 -1 -1 
-1 -1 -1 -1 -1 -1 -1 4 3.92 3.76 0.52 3.28 2.96 2.6 3.2 1.76 1.32 3.92 3.52 2.16 3.88 2.64 3.48 0.4 3.48 2.64 3.88 2.16 3.52 3.92 1.32 1.76 3.2 2.6 2.96 3.28 0.52 3.76 3.92 4 -1 -1 -1 -1 -1 -1 -1 
-1 -1 -1 -1 -1 -1 4 0.88 2.72 3.48 3.16 3.8 2.36 3.88 1.32 3.76 2.16 3.6 2.04 1.56 2.16 3.84 1.6 2.52 1.6 3.84 2.16 1.56 2.04 3.6 2.16 3.76 1.32 3.88 2.36 3.8 3.16 3.48 2.72 0.88 4 -1 -1 -1 -1 -1 -1 
-1 -1 -1 -1 -1 3 3.92 2.72 2.44 2.08 0.64 3.16 3.6 3.96 3.24 3.48 2.68 3.92 2.16 1.56 4 2.52 2.2 1.08 2.2 2.52 4 1.56 2.16 3.92 2.68 3.48 3.24 3.96 3.6 3.16 0.64 2.08 2.44 2.72 3.92 3 -1 -1 -1 -1 -1 
-1 -1 -1 -1 2 1.92 3.76 3.48 2.08 1.6 4.04 0.36 3.64 2.8 3.88 3.88 1.8 2.8 0.72 3.76 1.88 3.2 3.76 3.6 3.76 3.2 1.88 3.76 0.72 2.8 1.8 3.88 3.88 2.8 3.64 0.36 4.04 1.6 2.08 3.48 3.76 1.92 2 -1 -1 -1 -1 
-1 -1 -1 0 2.96 2.8 0.52 3.16 0.64 4.04 0.28 2.44 2.48 3.4 3.2 2.92 2.44 3.92 2.36 3.92 2.64 2.64 3 0.76 3 2.64 2.64 3.92 2.36 3.92 2.44 2.92 3.2 3.4 2.48 2.44 0.28 4.04 0.64 3.16 0.52 2.8 2.96 0 -1 -1 -1 
-1 -1 -1 3 2.88 3.64 3.28 3.8 3.16 0.36 2.44 2.36 2.12 2.72 2.16 3.32 1.24 3.08 1.88 0.8 4 2.56 1.64 1.32 1.64 2.56 4 0.8 1.88 3.08 1.24 3.32 2.16 2.72 2.12 2.36 2.44 0.36 3.16 3.8 3.28 3.64 2.88 3 -1 -1 -1 
-1 -1 0 3.96 3.76 0.4 2.96 2.36 3.6 3.64 2.48 2.12 3.56 3.76 3.56 3 2.16 2.16 3.12 3.2 1.6 1.56 3.28 3.84 3.28 1.56 1.6 3.2 3.12 2.16 2.16 3 3.56 3.76 3.56 2.12 2.48 3.64 3.6 2.36 2.96 0.4 3.76 3.96 0 -1 -1 
-1 -1 3 3.88 3.6 2.16 2.6 3.88 3.96 2.8 3.4 2.72 3.76 2.28 3.32 1.88 3.08 4 3.8 3.72 4.04 3.12 2.28 1.64 2.28 3.12 4.04 3.72 3.8 4 3.08 1.88 3.32 2.28 3.76 2.72 3.4 2.8 3.96 3.88 2.6 2.16 3.6 3.88 3 -1 -1 
-1 0 3.96 3.76 3.4 2.88 3.2 1.32 3.24 3.88 3.2 2.16 3.56 3.32 3.44 0.92 3.88 2.36 1.6 2.92 0.64 3.44 2.88 0.96 2.88 3.44 0.64 2.92 1.6 2.36 3.88 0.92 3.44 3.32 3.56 2.16 3.2 3.88 3.24 1.32 3.2 2.88 3.4 3.76 3.96 0 -1 
-1 3 3.88 2.6 2.16 2.56 1.76 3.76 3.48 3.88 2.92 3.32 3 1.88 0.92 3.12 2.48 3.12 0.28 3.4 3.72 2.4 3.04 1.68 3.04 2.4 3.72 3.4 0.28 3.12 2.48 3.12 0.92 1.88 3 3.32 2.92 3.88 3.48 3.76 1.76 2.56 2.16 2.6 3.88 3 -1 
0 2.96 0.76 3.44 0.92 3.24 1.32 2.16 2.68 1.8 2.44 1.24 2.16 3.08 3.88 2.48 3.88 1.12 3.56 1.8 3.24 4 2.04 2.52 2.04 4 3.24 1.8 3.56 1.12 3.88 2.48 3.88 3.08 2.16 1.24 2.44 1.8 2.68 2.16 1.32 3.24 0.92 3.44 0.76 2.96 0 
1 2.92 2.68 1.28 3.72 0.92 3.92 3.6 3.92 2.8 3.92 3.08 2.16 4 2.36 3.12 1.12 3.32 2.92 3.92 1.84 1.28 1.36 3.96 1.36 1.28 1.84 3.92 2.92 3.32 1.12 3.12 2.36 4 2.16 3.08 3.92 2.8 3.92 3.6 3.92 0.92 3.72 1.28 2.68 2.92 1 
2 2.88 2.6 3.16 3.52 1.64 3.52 2.04 2.16 0.72 2.36 1.88 3.12 3.8 1.6 0.28 3.56 2.92 1.52 4.04 0.2 2.56 2.32 3.48 2.32 2.56 0.2 4.04 1.52 2.92 3.56 0.28 1.6 3.8 3.12 1.88 2.36 0.72 2.16 2.04 3.52 1.64 3.52 3.16 2.6 2.88 2 
3 2.84 1.52 3.04 0.32 3.4 2.16 1.56 1.56 3.76 3.92 0.8 3.2 3.72 2.92 3.4 1.8 3.92 4.04 1.24 3.12 4.04 2.68 3.76 2.68 4.04 3.12 1.24 4.04 3.92 1.8 3.4 2.92 3.72 3.2 0.8 3.92 3.76 1.56 1.56 2.16 3.4 0.32 3.04 1.52 2.84 3 
4 0.8 3.48 3.96 3.2 3.2 3.88 2.16 4 1.88 2.64 4 1.6 4.04 0.64 3.72 3.24 1.84 0.2 3.12 2.6 0.64 1.08 3.04 1.08 0.64 2.6 3.12 0.2 1.84 3.24 3.72 0.64 4.04 1.6 4 2.64 1.88 4 2.16 3.88 3.2 3.2 3.96 3.48 0.8 4 
4 2.8 3.44 3.88 2.08 4.04 2.64 3.84 2.52 3.2 2.64 2.56 1.56 3.12 3.44 2.4 4 1.28 2.56 4.04 0.64 2.24 2.76 3.68 2.76 2.24 0.64 4.04 2.56 1.28 4 2.4 3.44 3.12 1.56 2.56 2.64 3.2 2.52 3.84 2.64 4.04 2.08 3.88 3.44 2.8 4 
4 3.8 2.4 0.8 3 2.92 3.48 1.6 2.2 3.76 3 1.64 3.28 2.28 2.88 3.04 2.04 1.36 2.32 2.68 1.08 2.76 2.92 3.72 2.92 2.76 1.08 2.68 2.32 1.36 2.04 3.04 2.88 2.28 3.28 1.64 3 3.76 2.2 1.6 3.48 2.92 3 0.8 2.4 3.8 4 
4 3.8 3.4 3.8 0.96 3.88 0.4 2.52 1.08 3.6 0.76 1.32 3.84 1.64 0.96 1.68 2.52 3.96 3.48 3.76 3.04 3.68 3.72 3.28 3.72 3.68 3.04 3.76 3.48 3.96 2.52 1.68 0.96 1.64 3.84 1.32 0.76 3.6 1.08 2.52 0.4 3.88 0.96 3.8 3.4 3.8 4 
4 3.8 2.4 0.8 3 2.92 3.48 1.6 2.2 3.76 3 1.64 3.28 2.28 2.88 3.04 2.04 1.36 2.32 2.68 1.08 2.76 2.92 3.72 2.92 2.76 1.08 2.68 2.32 1.36 2.04 3.04 2.88 2.28 3.28 1.64 3 3.76 2.2 1.6 3.48 2.92 3 0.8 2.4 3.8 4 
4 2.8 3.44 3.88 2.08 4.04 2.64 3.84 2.52 3.2 2.64 2.56 1.56 3.12 3.44 2.4 4 1.28 2.56 4.04 0.64 2.24 2.76 3.68 2.76 2.24 0.64 4.04 2.56 1.28 4 2.4 3.44 3.12 1.56 2.56 2.64 3.2 2.52 3.84 2.64 4.04 2.08 3.88 3.44 2.8 4 
4 0.8 3.48 3.96 3.2 3.2 3.88 2.16 4 1.88 2.64 4 1.6 4.04 0.64 3.72 3.24 1.84 0.2 3.12 2.6 0.64 1.08 3.04 1.08 0.64 2.6 3.12 0.2 1.84 3.24 3.72 0.64 4.04 1.6 4 2.64 1.88 4 2.16 3.88 3.2 3.2 3.96 3.48 0.8 4 
3 2.84 1.52 3.04 0.32 3.4 2.16 1.56 1.56 3.76 3.92 0.8 3.2 3.72 2.92 3.4 1.8 3.92 4.04 1.24 3.12 4.04 2.68 3.76 2.68 4.04 3.12 1.24 4.04 3.92 1.8 3.4 2.92 3.72 3.2 0.8 3.92 3.76 1.56 1.56 2.16 3.4 0.32 3.04 1.52 2.84 3 
2 2.88 2.6 3.16 3.52 1.64 3.52 2.04 2.16 0.72 2.36 1.88 3.12 3.8 1.6 0.28 3.56 2.92 1.52 4.04 0.2 2.56 2.32 3.48 2.32 2.56 0.2 4.04 1.52 2.92 3.56 0.28 1.6 3.8 3.12 1.88 2.36 0.72 2.16 2.04 3.52 1.64 3.52 3.16 2.6 2.88 2 
1 2.92 2.68 1.28 3.72 0.92 3.92 3.6 3.92 2.8 3.92 3.08 2.16 4 2.36 3.12 1.12 3.32 2.92 3.92 1.84 1.28 1.36 3.96 1.36 1.28 1.84 3.92 2.92 3.32 1.12 3.12 2.36 4 2.16 3.08 3.92 2.8 3.92 3.6 3.92 0.92 3.72 1.28 2.68 2.92 1 
0 2.96 0.76 3.44 0.92 3.24 1.32 2.16 2.68 1.8 2.44 1.24 2.16 3.08 3.88 2.48 3.88 1.12 3.56 1.8 3.24 4 2.04 2.52 2.04 4 3.24 1.8 3.56 1.12 3.88 2.48 3.88 3.08 2.16 1.24 2.44 1.8 2.68 2.16 1.32 3.24 0.92 3.44 0.76 2.96 0 
-1 3 3.88 2.6 2.16 2.56 1.76 3.76 3.48 3.88 2.92 3.32 3 1.88 0.92 3.12 2.48 3.12 0.28 3.4 3.72 2.4 3.04 1.68 3.04 2.4 3.72 3.4 0.28 3.12 2.48 3.12 0.92 1.88 3 3.32 2.92 3.88 3.48 3.76 1.76 2.56 2.16 2.6 3.88 3 -1 
-1 0 3.96 3.76 3.4 2.88 3.2 1.32 3.24 3.88 3.2 2.16 3.56 3.32 3.44 0.92 3.88 2.36 1.6 2.92 0.64 3.44 2.88 0.96 2.88 3.44 0.64 2.92 1.6 2.36 3.88 0.92 3.44 3.32 3.56 2.16 3.2 3.88 3.24 1.32 3.2 2.88 3.4 3.76 3.96 0 -1 
-1 -1 3 3.88 3.6 2.16 2.6 3.88 3.96 2.8 3.4 2.72 3.76 2.28 3.32 1.88 3.08 4 3.8 3.72 4.04 3.12 2.28 1.64 2.28 3.12 4.04 3.72 3.8 4 3.08 1.88 3.32 2.28 3.76 2.72 3.4 2.8 3.96 3.88 2.6 2.16 3.6 3.88 3 -1 -1 
-1 -1 0 3.96 3.76 0.4 2.96 2.36 3.6 3.64 2.48 2.12 3.56 3.76 3.56 3 2.16 2.16 3.12 3.2 1.6 1.56 3.28 3.84 3.28 1.56 1.6 3.2 3.12 2.16 2.16 3 3.56 3.76 3.56 2.12 2.48 3.64 3.6 2.36 2.96 0.4 3.76 3.96 0 -1 -1 
-1 -1 -1 3 2.88 3.64 3.28 3.8 3.16 0.36 2.44 2.36 2.12 2.72 2.16 3.32 1.24 3.08 1.88 0.8 4 2.56 1.64 1.32 1.64 2.56 4 0.8 1.88 3.08 1.24 3.32 2.16 2.72 2.12 2.36 2.44 0.36 3.16 3.8 3.28 3.64 2.88 3 -1 -1 -1 
-1 -1 -1 0 2.96 2.8 0.52 3.16 0.64 4.04 0.28 2.44 2.48 3.4 3.2 2.92 2.44 3.92 2.36 3.92 2.64 2.64 3 0.76 3 2.64 2.64 3.92 2.36 3.92 2.44 2.92 3.2 3.4 2.48 2.44 0.28 4.04 0.64 3.16 0.52 2.8 2.96 0 -1 -1 -1 
-1 -1 -1 -1 2 1.92 3.76 3.48 2.08 1.6 4.04 0.36 3.64 2.8 3.88 3.88 1.8 2.8 0.72 3.76 1.88 3.2 3.76 3.6 3.76 3.2 1.88 3.76 0.72 2.8 1.8 3.88 3.88 2.8 3.64 0.36 4.04 1.6 2.08 3.48 3.76 1.92 2 -1 -1 -1 -1 
-1 -1 -1 -1 -1 3 3.92 2.72 2.44 2.08 0.64 3.16 3.6 3.96 3.24 3.48 2.68 3.92 2.16 1.56 4 2.52 2.2 1.08 2.2 2.52 4 1.56 2.16 3.92 2.68 3.48 3.24 3.96 3.6 3.16 0.64 2.08 2.44 2.72 3.92 3 -1 -1 -1 -1 -1 
-1 -1 -1 -1 -1 -1 4 0.88 2.72 3.48 3.16 3.8 2.36 3.88 1.32 3.76 2.16 3.6 2.04 1.56 2.16 3.84 1.6 2.52 1.6 3.84 2.16 1.56 2.04 3.6 2.16 3.76 1.32 3.88 2.36 3.8 3.16 3.48 2.72 0.88 4 -1 -1 -1 -1 -1 -1 
-1 -1 -1 -1 -1 -1 -1 4 3.92 3.76 0.52 3.28 2.96 2.6 3.2 1.76 1.32 3.92 3.52 2.16 3.88 2.64 3.48 0.4 3.48 2.64 3.88 2.16 3.52 3.92 1.32 1.76 3.2 2.6 2.96 3.28 0.52 3.76 3.92 4 -1 -1 -1 -1 -1 -1 -1 
-1 -1 -1 -1 -1 -1 -1 -1 3 1.92 2.8 3.64 0.4 2.16 2.88 2.56 3.24 0.92 1.64 3.4 3.2 4.04 2.92 3.88 2.92 4.04 3.2 3.4 1.64 0.92 3.24 2.56 2.88 2.16 0.4 3.64 2.8 1.92 3 -1 -1 -1 -1 -1 -1 -1 -1 
-1 -1 -1 -1 -1 -1 -1 -1 -1 2 2.96 2.88 3.76 3.6 3.4 2.16 0.92 3.72 3.52 0.32 3.2 2.08 3 0.96 3 2.08 3.2 0.32 3.52 3.72 0.92 2.16 3.4 3.6 3.76 2.88 2.96 2 -1 -1 -1 -1 -1 -1 -1 -1 -1 
-1 -1 -1 -1 -1 -1 -1 -1 -1 -1 0 3 3.96 3.88 3.76 2.6 3.44 1.28 3.16 3.04 3.96 3.88 0.8 3.8 0.8 3.88 3.96 3.04 3.16 1.28 3.44 2.6 3.76 3.88 3.96 3 0 -1 -1 -1 -1 -1 -1 -1 -1 -1 -1 
-1 -1 -1 -1 -1 -1 -1 -1 -1 -1 -1 -1 0 3 3.96 3.88 0.76 2.68 2.6 1.52 3.48 3.44 2.4 3.4 2.4 3.44 3.48 1.52 2.6 2.68 0.76 3.88 3.96 3 0 -1 -1 -1 -1 -1 -1 -1 -1 -1 -1 -1 -1 
-1 -1 -1 -1 -1 -1 -1 -1 -1 -1 -1 -1 -1 -1 0 3 2.96 2.92 2.88 2.84 0.8 2.8 3.8 3.8 3.8 2.8 0.8 2.84 2.88 2.92 2.96 3 0 -1 -1 -1 -1 -1 -1 -1 -1 -1 -1 -1 -1 -1 -1 
-1 -1 -1 -1 -1 -1 -1 -1 -1 -1 -1 -1 -1 -1 -1 -1 0 1 2 3 4 4 4 4 4 4 4 3 2 1 0 -1 -1 -1 -1 -1 -1 -1 -1 -1 -1 -1 -1 -1 -1 -1 -1 
