1.01 1.01 1.01 1.01 1.01 1.01 1.01 1.01 1.01 1.01 1.01 1.01 1.01 1.01 1.01 1.01 1.01 1.01 1.01 2.01 2.01 3.01 3.01 4.01 4.01 4.01 4.01 4.01 4.01 4.01 4.01 4.01 4.01 4.01 4.01 4.01 4.01 4.01 4.01 4.01 4.01 4.01 4.01 4.01 3.01 3.01 2.01 2.01 1.01 1.01 1.01 1.01 1.01 1.01 1.01 1.01 1.01 1.01 1.01 1.01 1.01 1.01 1.01 1.01 1.01 1.01 1.01 
1.01 1.01 1.01 1.01 1.01 1.01 1.01 1.01 1.01 1.01 1.01 1.01 1.01 1.01 1.01 1.01 1.01 2.01 4.01 0.97 3.97 0.93 3.93 0.89 2.89 3.89 3.89 3.89 3.89 3.89 3.89 3.89 3.89 3.89 3.89 3.89 3.89 3.89 3.89 3.89 3.89 3.89 2.89 0.89 3.93 0.93 3.97 0.97 4.01 2.01 1.01 1.01 1.01 1.01 1.01 1.01 1.01 1.01 1.01 1.01 1.01 1.01 1.01 1.01 1.01 1.01 1.01 
1.01 1.01 1.01 1.01 1.01 1.01 1.01 1.01 1.01 1.01 1.01 1.01 1.01 1.01 2.01 2.01 4.01 2.97 2.93 3.89 2.85 3.81 2.77 3.73 2.69 0.65 2.65 2.65 3.65 3.65 3.65 3.65 3.65 3.65 3.65 3.65 3.65 3.65 3.65 2.65 2.65 0.65 2.69 3.73 2.77 3.81 2.85 3.89 2.93 2.97 4.01 2.01 2.01 1.01 1.01 1.01 1.01 1.01 1.01 1.01 1.01 1.01 1.01 1.01 1.01 1.01 1.01 
1.01 1.01 1.01 1.01 1.01 1.01 1.01 1.01 1.01 1.01 1.01 1.01 1.01 3.01 0.97 3.97 3.93 2.85 2.77 0.69 3.65 0.57 3.53 0.45 2.41 2.37 0.33 3.33 0.29 2.29 2.29 2.29 2.29 2.29 2.29 2.29 2.29 2.29 0.29 3.33 0.33 2.37 2.41 0.45 3.53 0.57 3.65 0.69 2.77 2.85 3.93 3.97 0.97 3.01 1.01 1.01 1.01 1.01 1.01 1.01 1.01 1.01 1.01 1.01 1.01 1.01 1.01 
1.01 1.01 1.01 1.01 1.01 1.01 1.01 1.01 1.01 1.01 1.01 2.01 4.01 3.97 1.89 3.85 3.77 2.65 0.53 2.45 2.37 3.29 3.21 3.13 1.05 3.01 3.97 3.93 3.89 1.85 3.85 3.85 3.85 3.85 3.85 3.85 3.85 1.85 3.89 3.93 3.97 3.01 1.05 3.13 3.21 3.29 2.37 2.45 0.53 2.65 3.77 3.85 1.89 3.97 4.01 2.01 1.01 1.01 1.01 1.01 1.01 1.01 1.01 1.01 1.01 1.01 1.01 
1.01 1.01 1.01 1.01 1.01 1.01 1.01 1.01 1.01 2.01 4.01 2.97 3.93 3.85 1.73 3.65 3.53 0.37 2.25 2.13 2.01 1.89 0.77 2.69 3.61 3.53 2.45 0.37 2.33 3.29 2.25 3.25 3.25 3.25 3.25 3.25 2.25 3.29 2.33 0.37 2.45 3.53 3.61 2.69 0.77 1.89 2.01 2.13 2.25 0.37 3.53 3.65 1.73 3.85 3.93 2.97 4.01 2.01 1.01 1.01 1.01 1.01 1.01 1.01 1.01 1.01 1.01 
1.01 1.01 1.01 1.01 1.01 1.01 1.01 1.01 3.01 1.97 2.93 1.85 3.77 3.65 1.49 3.37 2.21 3.05 2.89 2.73 2.57 2.41 1.25 2.13 2.01 0.89 2.81 3.73 3.65 3.57 0.49 3.49 3.49 3.49 3.49 3.49 0.49 3.57 3.65 3.73 2.81 0.89 2.01 2.13 1.25 2.41 2.57 2.73 2.89 3.05 2.21 3.37 1.49 3.65 3.77 1.85 2.93 1.97 3.01 1.01 1.01 1.01 1.01 1.01 1.01 1.01 1.01 
1.01 1.01 1.01 1.01 1.01 1.01 1.01 3.01 2.97 1.89 3.81 3.69 1.53 3.37 1.17 4.01 2.81 3.61 3.41 3.21 3.01 2.81 1.61 3.45 3.29 2.13 4.01 3.89 3.77 2.65 2.57 2.53 3.53 3.53 3.53 2.53 2.57 2.65 3.77 3.89 4.01 2.13 3.29 3.45 1.61 2.81 3.01 3.21 3.41 3.61 2.81 4.01 1.17 3.37 1.53 3.69 3.81 1.89 2.97 3.01 1.01 1.01 1.01 1.01 1.01 1.01 1.01 
1.01 1.01 1.01 1.01 1.01 1.01 3.01 2.97 2.89 2.77 0.61 2.45 3.25 2.01 2.77 1.53 3.29 0.01 1.77 1.53 2.29 3.05 2.81 0.57 2.37 3.17 0.97 2.81 2.65 0.49 3.41 0.33 3.33 3.33 3.33 0.33 3.41 0.49 2.65 2.81 0.97 3.17 2.37 0.57 2.81 3.05 2.29 1.53 1.77 0.01 3.29 1.53 2.77 2.01 3.25 2.45 0.61 2.77 2.89 2.97 3.01 1.01 1.01 1.01 1.01 1.01 1.01 
1.01 1.01 1.01 1.01 1.01 2.01 1.97 1.89 2.77 2.61 3.41 3.17 3.89 2.57 1.25 3.97 2.65 3.33 1.01 3.73 2.41 1.09 2.81 3.53 3.25 1.97 3.73 1.49 3.29 1.09 1.97 2.89 2.85 3.85 2.85 2.89 1.97 1.09 3.29 1.49 3.73 1.97 3.25 3.53 2.81 1.09 2.41 3.73 1.01 3.33 2.65 3.97 1.25 2.57 3.89 3.17 3.41 2.61 2.77 1.89 1.97 2.01 1.01 1.01 1.01 1.01 1.01 
1.01 1.01 1.01 1.01 1.01 4.01 2.93 3.81 0.61 3.41 2.13 3.81 1.41 2.01 0.61 3.25 1.85 0.45 2.09 3.73 2.33 0.93 2.57 3.21 2.85 1.49 2.17 3.89 2.61 1.37 3.21 3.09 1.01 4.01 1.01 3.09 3.21 1.37 2.61 3.89 2.17 1.49 2.85 3.21 2.57 0.93 2.33 3.73 2.09 0.45 1.85 3.25 0.61 2.01 1.41 3.81 2.13 3.41 0.61 3.81 2.93 4.01 1.01 1.01 1.01 1.01 1.01 
1.01 1.01 1.01 1.01 2.01 2.97 1.85 3.69 2.45 3.17 3.81 3.37 3.85 2.33 3.85 3.37 2.89 1.41 3.97 2.49 3.01 3.53 3.05 1.57 3.13 3.69 1.25 3.89 1.53 3.25 2.01 1.85 3.77 1.73 3.77 1.85 2.01 3.25 1.53 3.89 1.25 3.69 3.13 1.57 3.05 3.53 3.01 2.49 3.97 1.41 2.89 3.37 3.85 2.33 3.85 3.37 3.81 3.17 2.45 3.69 1.85 2.97 2.01 1.01 1.01 1.01 1.01 
1.01 1.01 1.01 1.01 4.01 3.93 3.77 1.53 3.25 3.89 1.41 3.85 1.18 3.54 3.94 1.34 2.78 3.22 3.66 2.06 2.46 2.86 2.26 1.66 3.1 3.54 0.98 2.5 2.06 3.7 1.38 3.18 3.06 4.02 3.06 3.18 1.38 3.7 2.06 2.5 0.98 3.54 3.1 1.66 2.26 2.86 2.46 2.06 3.66 3.22 2.78 1.34 3.94 3.54 1.18 3.85 1.41 3.89 3.25 1.53 3.77 3.93 4.01 1.01 1.01 1.01 1.01 
1.01 1.01 1.01 3.01 3.97 3.85 3.65 3.37 2.01 2.57 2.01 2.33 3.54 1.74 2.02 3.34 2.66 1.98 3.3 3.58 1.82 0.06 3.34 1.58 2.86 2.14 3.46 2.82 3.26 2.78 2.38 2.1 3.94 0.86 3.94 2.1 2.38 2.78 3.26 2.82 3.46 2.14 2.86 1.58 3.34 0.06 1.82 3.58 3.3 1.98 2.66 3.34 2.02 1.74 3.54 2.33 2.01 2.57 2.01 3.37 3.65 3.85 3.97 3.01 1.01 1.01 1.01 
1.01 1.01 2.01 0.97 1.89 1.73 1.49 1.17 2.77 1.25 0.61 3.85 3.94 2.02 2.18 3.38 2.58 3.78 2.94 3.06 2.14 2.22 3.3 1.34 3.42 3.5 3.62 0.78 1.06 3.46 1.94 3.58 2.34 2.26 2.34 3.58 1.94 3.46 1.06 0.78 3.62 3.5 3.42 1.34 3.3 2.22 2.14 3.06 2.94 3.78 2.58 3.38 2.18 2.02 3.94 3.85 0.61 1.25 2.77 1.17 1.49 1.73 1.89 0.97 2.01 1.01 1.01 
1.01 1.01 2.01 3.97 3.85 3.65 3.37 4.01 1.53 3.97 3.25 3.37 1.34 3.34 3.38 0.42 3.5 2.54 3.54 1.46 0.34 2.22 3.06 2.86 3.66 0.46 1.34 2.3 3.38 3.58 1.9 3.42 1.1 4.02 1.1 3.42 1.9 3.58 3.38 2.3 1.34 0.46 3.66 2.86 3.06 2.22 0.34 1.46 3.54 2.54 3.5 0.42 3.38 3.34 1.34 3.37 3.25 3.97 1.53 4.01 3.37 3.65 3.85 3.97 2.01 1.01 1.01 
1.01 1.01 4.01 3.93 3.77 3.53 2.21 2.81 3.29 2.65 1.85 2.89 2.78 2.66 2.58 3.5 0.38 3.26 3.06 3.78 2.42 4.02 3.54 4.02 0.46 3.98 3.54 2.18 2.98 3.94 2.06 2.42 2.02 3.9 2.02 2.42 2.06 3.94 2.98 2.18 3.54 3.98 0.46 4.02 3.54 4.02 2.42 3.78 3.06 3.26 0.38 3.5 2.58 2.66 2.78 2.89 1.85 2.65 3.29 2.81 2.21 3.53 3.77 3.93 4.01 1.01 1.01 
1.01 2.01 2.97 2.85 2.65 0.37 3.05 3.61 0.01 3.33 0.45 1.41 3.22 1.98 3.78 2.54 3.26 1.9 2.46 0.9 3.26 3.5 1.62 2.7 2.74 1.82 3.98 1.22 2.66 3.3 3.18 3.34 3.82 0.62 3.82 3.34 3.18 3.3 2.66 1.22 3.98 1.82 2.74 2.7 1.62 3.5 3.26 0.9 2.46 1.9 3.26 2.54 3.78 1.98 3.22 1.41 0.45 3.33 0.01 3.61 3.05 0.37 2.65 2.85 2.97 2.01 1.01 
1.01 4.01 2.93 2.77 0.53 2.25 2.89 3.41 1.77 1.01 2.09 3.97 3.66 3.3 2.94 3.54 3.06 2.46 2.74 2.86 2.82 3.62 2.26 3.82 0.3 3.86 1.46 3.22 3.18 0.38 3.94 1.82 2.14 1.9 2.14 1.82 3.94 0.38 3.18 3.22 1.46 3.86 0.3 3.82 2.26 3.62 2.82 2.86 2.74 2.46 3.06 3.54 2.94 3.3 3.66 3.97 2.09 1.01 1.77 3.41 2.89 2.25 0.53 2.77 2.93 4.01 1.01 
2.01 0.97 3.89 0.69 2.45 2.13 2.73 3.21 1.53 3.73 3.73 2.49 2.06 3.58 3.06 1.46 3.78 0.9 2.86 2.58 3.06 2.3 3.34 3.22 3.02 3.86 3.78 1.86 3.22 3.9 3.98 0.5 3.62 1.3 3.62 0.5 3.98 3.9 3.22 1.86 3.78 3.86 3.02 3.22 3.34 2.3 3.06 2.58 2.86 0.9 3.78 1.46 3.06 3.58 2.06 2.49 3.73 3.73 1.53 3.21 2.73 2.13 2.45 0.69 3.89 0.97 2.01 
2.01 3.97 2.85 3.65 2.37 2.01 2.57 3.01 2.29 2.41 2.33 3.01 2.46 1.82 2.14 0.34 2.42 3.26 2.82 3.06 0.94 2.5 2.74 3.74 2.62 2.54 2.58 1.82 2.38 2.34 2.82 2.9 1.7 3.3 1.7 2.9 2.82 2.34 2.38 1.82 2.58 2.54 2.62 3.74 2.74 2.5 0.94 3.06 2.82 3.26 2.42 0.34 2.14 1.82 2.46 3.01 2.33 2.41 2.29 3.01 2.57 2.01 2.37 3.65 2.85 3.97 2.01 
3.01 0.93 3.81 0.57 3.29 1.89 2.41 2.81 3.05 1.09 0.93 3.53 2.86 0.06 2.22 2.22 4.02 3.5 3.62 2.3 2.5 1.18 3.38 3.18 1.86 2.62 2.54 1.7 2.22 1.22 3.9 2.34 2.74 1.18 2.74 2.34 3.9 1.22 2.22 1.7 2.54 2.62 1.86 3.18 3.38 1.18 2.5 2.3 3.62 3.5 4.02 2.22 2.22 0.06 2.86 3.53 0.93 1.09 3.05 2.81 2.41 1.89 3.29 0.57 3.81 0.93 3.01 
3.01 3.93 2.77 3.53 3.21 0.77 1.25 1.61 2.81 2.81 2.57 3.05 2.26 3.34 3.3 3.06 3.54 1.62 2.26 3.34 2.74 3.38 0.18 3.3 3.42 1.7 2.22 4.02 3.18 0.9 3.46 2.02 3.86 2.1 3.86 2.02 3.46 0.9 3.18 4.02 2.22 1.7 3.42 3.3 0.18 3.38 2.74 3.34 2.26 1.62 3.54 3.06 3.3 3.34 2.26 3.05 2.57 2.81 2.81 1.61 1.25 0.77 3.21 3.53 2.77 3.93 3.01 
4.01 0.89 3.73 0.45 3.13 2.69 2.13 3.45 0.57 3.53 3.21 1.57 1.66 1.58 1.34 2.86 4.02 2.7 3.82 3.22 3.74 3.18 3.3 2.56 1.68 1.2 3 3.04 2.44 3.48 3.48 3.8 2.8 2.76 2.8 3.8 3.48 3.48 2.44 3.04 3 1.2 1.68 2.56 3.3 3.18 3.74 3.22 3.82 2.7 4.02 2.86 1.34 1.58 1.66 1.57 3.21 3.53 0.57 3.45 2.13 2.69 3.13 0.45 3.73 0.89 4.01 
4.01 2.89 2.69 2.41 1.05 3.61 2.01 3.29 2.37 3.25 2.85 3.13 3.1 2.86 3.42 3.66 0.46 2.74 0.3 3.02 2.62 1.86 3.42 1.68 0.84 2.4 3.12 3.96 1.04 0.76 1.6 2.12 2.92 0.44 2.92 2.12 1.6 0.76 1.04 3.96 3.12 2.4 0.84 1.68 3.42 1.86 2.62 3.02 0.3 2.74 0.46 3.66 3.42 2.86 3.1 3.13 2.85 3.25 2.37 3.29 2.01 3.61 1.05 2.41 2.69 2.89 4.01 
4.01 3.89 0.65 2.37 3.01 3.53 0.89 2.13 3.17 1.97 1.49 3.69 3.54 2.14 3.5 0.46 3.98 1.82 3.86 3.86 2.54 2.62 1.7 1.2 2.4 3.76 3 3.08 2.16 1.72 3.48 2.32 2.28 3.16 2.28 2.32 3.48 1.72 2.16 3.08 3 3.76 2.4 1.2 1.7 2.62 2.54 3.86 3.86 1.82 3.98 0.46 3.5 2.14 3.54 3.69 1.49 1.97 3.17 2.13 0.89 3.53 3.01 2.37 0.65 3.89 4.01 
4.01 3.89 2.65 0.33 3.97 2.45 2.81 4.01 0.97 3.73 2.17 1.25 0.98 3.46 3.62 1.34 3.54 3.98 1.46 3.78 2.58 2.54 2.22 3 3.12 3 3.32 3.96 2.08 2.28 2.56 1.36 3.44 2.24 3.44 1.36 2.56 2.28 2.08 3.96 3.32 3 3.12 3 2.22 2.54 2.58 3.78 1.46 3.98 3.54 1.34 3.62 3.46 0.98 1.25 2.17 3.73 0.97 4.01 2.81 2.45 3.97 0.33 2.65 3.89 4.01 
4.01 3.89 2.65 3.33 3.93 0.37 3.73 3.89 2.81 1.49 3.89 3.89 2.5 2.82 0.78 2.3 2.18 1.22 3.22 1.86 1.82 1.7 4.02 3.04 3.96 3.08 3.96 2.32 3.28 3.44 3.16 1.68 4 1.96 4 1.68 3.16 3.44 3.28 2.32 3.96 3.08 3.96 3.04 4.02 1.7 1.82 1.86 3.22 1.22 2.18 2.3 0.78 2.82 2.5 3.89 3.89 1.49 2.81 3.89 3.73 0.37 3.93 3.33 2.65 3.89 4.01 
4.01 3.89 3.65 0.29 3.89 2.33 3.65 3.77 2.65 3.29 2.61 1.53 2.06 3.26 1.06 3.38 2.98 2.66 3.18 3.22 2.38 2.22 3.18 2.44 1.04 2.16 2.08 3.28 3.56 2.4 1.44 3.96 4.04 1.6 4.04 3.96 1.44 2.4 3.56 3.28 2.08 2.16 1.04 2.44 3.18 2.22 2.38 3.22 3.18 2.66 2.98 3.38 1.06 3.26 2.06 1.53 2.61 3.29 2.65 3.77 3.65 2.33 3.89 0.29 3.65 3.89 4.01 
4.01 3.89 3.65 2.29 1.85 3.29 3.57 2.65 0.49 1.09 1.37 3.25 3.7 2.78 3.46 3.58 3.94 3.3 0.38 3.9 2.34 1.22 0.9 3.48 0.76 1.72 2.28 3.44 2.4 0.08 2.92 3.08 3.12 1.64 3.12 3.08 2.92 0.08 2.4 3.44 2.28 1.72 0.76 3.48 0.9 1.22 2.34 3.9 0.38 3.3 3.94 3.58 3.46 2.78 3.7 3.25 1.37 1.09 0.49 2.65 3.57 3.29 1.85 2.29 3.65 3.89 4.01 
4.01 3.89 3.65 2.29 3.85 2.25 0.49 2.57 3.41 1.97 3.21 2.01 1.38 2.38 1.94 1.9 2.06 3.18 3.94 3.98 2.82 3.9 3.46 3.48 1.6 3.48 2.56 3.16 1.44 2.92 1.44 2.84 3.76 2.2 3.76 2.84 1.44 2.92 1.44 3.16 2.56 3.48 1.6 3.48 3.46 3.9 2.82 3.98 3.94 3.18 2.06 1.9 1.94 2.38 1.38 2.01 3.21 1.97 3.41 2.57 0.49 2.25 3.85 2.29 3.65 3.89 4.01 
4.01 3.89 3.65 2.29 3.85 3.25 3.49 2.53 0.33 2.89 3.09 1.85 3.18 2.1 3.58 3.42 2.42 3.34 1.82 0.5 2.9 2.34 2.02 3.8 2.12 2.32 1.36 1.68 3.96 3.08 2.84 3.88 4 3.52 4 3.88 2.84 3.08 3.96 1.68 1.36 2.32 2.12 3.8 2.02 2.34 2.9 0.5 1.82 3.34 2.42 3.42 3.58 2.1 3.18 1.85 3.09 2.89 0.33 2.53 3.49 3.25 3.85 2.29 3.65 3.89 4.01 
4.01 3.89 3.65 2.29 3.85 3.25 3.49 3.53 3.33 2.85 1.01 3.77 3.06 3.94 2.34 1.1 2.02 3.82 2.14 3.62 1.7 2.74 3.86 2.8 2.92 2.28 3.44 4 4.04 3.12 3.76 4 4 3.76 4 4 3.76 3.12 4.04 4 3.44 2.28 2.92 2.8 3.86 2.74 1.7 3.62 2.14 3.82 2.02 1.1 2.34 3.94 3.06 3.77 1.01 2.85 3.33 3.53 3.49 3.25 3.85 2.29 3.65 3.89 4.01 
4.01 3.89 3.65 2.29 3.85 3.25 3.49 3.53 3.33 3.85 4.01 1.73 4.02 0.86 2.26 4.02 3.9 0.62 1.9 1.3 3.3 1.18 2.1 2.76 0.44 3.16 2.24 1.96 1.6 1.64 2.2 3.52 3.76 0.72 3.76 3.52 2.2 1.64 1.6 1.96 2.24 3.16 0.44 2.76 2.1 1.18 3.3 1.3 1.9 0.62 3.9 4.02 2.26 0.86 4.02 1.73 4.01 3.85 3.33 3.53 3.49 3.25 3.85 2.29 3.65 3.89 4.01 
4.01 3.89 3.65 2.29 3.85 3.25 3.49 3.53 3.33 2.85 1.01 3.77 3.06 3.94 2.34 1.1 2.02 3.82 2.14 3.62 1.7 2.74 3.86 2.8 2.92 2.28 3.44 4 4.04 3.12 3.76 4 4 3.76 4 4 3.76 3.12 4.04 4 3.44 2.28 2.92 2.8 3.86 2.74 1.7 3.62 2.14 3.82 2.02 1.1 2.34 3.94 3.06 3.77 1.01 2.85 3.33 3.53 3.49 3.25 3.85 2.29 3.65 3.89 4.01 
4.01 3.89 3.65 2.29 3.85 3.25 3.49 2.53 0.33 2.89 3.09 1.85 3.18 2.1 3.58 3.42 2.42 3.34 1.82 0.5 2.9 2.34 2.02 3.8 2.12 2.32 1.36 1.68 3.96 3.08 2.84 3.88 4 3.52 4 3.88 2.84 3.08 3.96 1.68 1.36 2.32 2.12 3.8 2.02 2.34 2.9 0.5 1.82 3.34 2.42 3.42 3.58 2.1 3.18 1.85 3.09 2.89 0.33 2.53 3.49 3.25 3.85 2.29 3.65 3.89 4.01 
4.01 3.89 3.65 2.29 3.85 2.25 0.49 2.57 3.41 1.97 3.21 2.01 1.38 2.38 1.94 1.9 2.06 3.18 3.94 3.98 2.82 3.9 3.46 3.48 1.6 3.48 2.56 3.16 1.44 2.92 1.44 2.84 3.76 2.2 3.76 2.84 1.44 2.92 1.44 3.16 2.56 3.48 1.6 3.48 3.46 3.9 2.82 3.98 3.94 3.18 2.06 1.9 1.94 2.38 1.38 2.01 3.21 1.97 3.41 2.57 0.49 2.25 3.85 2.29 3.65 3.89 4.01 
4.01 3.89 3.65 2.29 1.85 3.29 3.57 2.65 0.49 1.09 1.37 3.25 3.7 2.78 3.46 3.58 3.94 3.3 0.38 3.9 2.34 1.22 0.9 3.48 0.76 1.72 2.28 3.44 2.4 0.08 2.92 3.08 3.12 1.64 3.12 3.08 2.92 0.08 2.4 3.44 2.28 1.72 0.76 3.48 0.9 1.22 2.34 3.9 0.38 3.3 3.94 3.58 3.46 2.78 3.7 3.25 1.37 1.09 0.49 2.65 3.57 3.29 1.85 2.29 3.65 3.89 4.01 
4.01 3.89 3.65 0.29 3.89 2.33 3.65 3.77 2.65 3.29 2.61 1.53 2.06 3.26 1.06 3.38 2.98 2.66 3.18 3.22 2.38 2.22 3.18 2.44 1.04 2.16 2.08 3.28 3.56 2.4 1.44 3.96 4.04 1.6 4.04 3.96 1.44 2.4 3.56 3.28 2.08 2.16 1.04 2.44 3.18 2.22 2.38 3.22 3.18 2.66 2.98 3.38 1.06 3.26 2.06 1.53 2.61 3.29 2.65 3.77 3.65 2.33 3.89 0.29 3.65 3.89 4.01 
4.01 3.89 2.65 3.33 3.93 0.37 3.73 3.89 2.81 1.49 3.89 3.89 2.5 2.82 0.78 2.3 2.18 1.22 3.22 1.86 1.82 1.7 4.02 3.04 3.96 3.08 3.96 2.32 3.28 3.44 3.16 1.68 4 1.96 4 1.68 3.16 3.44 3.28 2.32 3.96 3.08 3.96 3.04 4.02 1.7 1.82 1.86 3.22 1.22 2.18 2.3 0.78 2.82 2.5 3.89 3.89 1.49 2.81 3.89 3.73 0.37 3.93 3.33 2.65 3.89 4.01 
4.01 3.89 2.65 0.33 3.97 2.45 2.81 4.01 0.97 3.73 2.17 1.25 0.98 3.46 3.62 1.34 3.54 3.98 1.46 3.78 2.58 2.54 2.22 3 3.12 3 3.32 3.96 2.08 2.28 2.56 1.36 3.44 2.24 3.44 1.36 2.56 2.28 2.08 3.96 3.32 3 3.12 3 2.22 2.54 2.58 3.78 1.46 3.98 3.54 1.34 3.62 3.46 0.98 1.25 2.17 3.73 0.97 4.01 2.81 2.45 3.97 0.33 2.65 3.89 4.01 
4.01 3.89 0.65 2.37 3.01 3.53 0.89 2.13 3.17 1.97 1.49 3.69 3.54 2.14 3.5 0.46 3.98 1.82 3.86 3.86 2.54 2.62 1.7 1.2 2.4 3.76 3 3.08 2.16 1.72 3.48 2.32 2.28 3.16 2.28 2.32 3.48 1.72 2.16 3.08 3 3.76 2.4 1.2 1.7 2.62 2.54 3.86 3.86 1.82 3.98 0.46 3.5 2.14 3.54 3.69 1.49 1.97 3.17 2.13 0.89 3.53 3.01 2.37 0.65 3.89 4.01 
4.01 2.89 2.69 2.41 1.05 3.61 2.01 3.29 2.37 3.25 2.85 3.13 3.1 2.86 3.42 3.66 0.46 2.74 0.3 3.02 2.62 1.86 3.42 1.68 0.84 2.4 3.12 3.96 1.04 0.76 1.6 2.12 2.92 0.44 2.92 2.12 1.6 0.76 1.04 3.96 3.12 2.4 0.84 1.68 3.42 1.86 2.62 3.02 0.3 2.74 0.46 3.66 3.42 2.86 3.1 3.13 2.85 3.25 2.37 3.29 2.01 3.61 1.05 2.41 2.69 2.89 4.01 
4.01 0.89 3.73 0.45 3.13 2.69 2.13 3.45 0.57 3.53 3.21 1.57 1.66 1.58 1.34 2.86 4.02 2.7 3.82 3.22 3.74 3.18 3.3 2.56 1.68 1.2 3 3.04 2.44 3.48 3.48 3.8 2.8 2.76 2.8 3.8 3.48 3.48 2.44 3.04 3 1.2 1.68 2.56 3.3 3.18 3.74 3.22 3.82 2.7 4.02 2.86 1.34 1.58 1.66 1.57 3.21 3.53 0.57 3.45 2.13 2.69 3.13 0.45 3.73 0.89 4.01 
3.01 3.93 2.77 3.53 3.21 0.77 1.25 1.61 2.81 2.81 2.57 3.05 2.26 3.34 3.3 3.06 3.54 1.62 2.26 3.34 2.74 3.38 0.18 3.3 3.42 1.7 2.22 4.02 3.18 0.9 3.46 2.02 3.86 2.1 3.86 2.02 3.46 0.9 3.18 4.02 2.22 1.7 3.42 3.3 0.18 3.38 2.74 3.34 2.26 1.62 3.54 3.06 3.3 3.34 2.26 3.05 2.57 2.81 2.81 1.61 1.25 0.77 3.21 3.53 2.77 3.93 3.01 
3.01 0.93 3.81 0.57 3.29 1.89 2.41 2.81 3.05 1.09 0.93 3.53 2.86 0.06 2.22 2.22 4.02 3.5 3.62 2.3 2.5 1.18 3.38 3.18 1.86 2.62 2.54 1.7 2.22 1.22 3.9 2.34 2.74 1.18 2.74 2.34 3.9 1.22 2.22 1.7 2.54 2.62 1.86 3.18 3.38 1.18 2.5 2.3 3.62 3.5 4.02 2.22 2.22 0.06 2.86 3.53 0.93 1.09 3.05 2.81 2.41 1.89 3.29 0.57 3.81 0.93 3.01 
2.01 3.97 2.85 3.65 2.37 2.01 2.57 3.01 2.29 2.41 2.33 3.01 2.46 1.82 2.14 0.34 2.42 3.26 2.82 3.06 0.94 2.5 2.74 3.74 2.62 2.54 2.58 1.82 2.38 2.34 2.82 2.9 1.7 3.3 1.7 2.9 2.82 2.34 2.38 1.82 2.58 2.54 2.62 3.74 2.74 2.5 0.94 3.06 2.82 3.26 2.42 0.34 2.14 1.82 2.46 3.01 2.33 2.41 2.29 3.01 2.57 2.01 2.37 3.65 2.85 3.97 2.01 
2.01 0.97 3.89 0.69 2.45 2.13 2.73 3.21 1.53 3.73 3.73 2.49 2.06 3.58 3.06 1.46 3.78 0.9 2.86 2.58 3.06 2.3 3.34 3.22 3.02 3.86 3.78 1.86 3.22 3.9 3.98 0.5 3.62 1.3 3.62 0.5 3.98 3.9 3.22 1.86 3.78 3.86 3.02 3.22 3.34 2.3 3.06 2.58 2.86 0.9 3.78 1.46 3.06 3.58 2.06 2.49 3.73 3.73 1.53 3.21 2.73 2.13 2.45 0.69 3.89 0.97 2.01 
1.01 4.01 2.93 2.77 0.53 2.25 2.89 3.41 1.77 1.01 2.09 3.97 3.66 3.3 2.94 3.54 3.06 2.46 2.74 2.86 2.82 3.62 2.26 3.82 0.3 3.86 1.46 3.22 3.18 0.38 3.94 1.82 2.14 1.9 2.14 1.82 3.94 0.38 3.18 3.22 1.46 3.86 0.3 3.82 2.26 3.62 2.82 2.86 2.74 2.46 3.06 3.54 2.94 3.3 3.66 3.97 2.09 1.01 1.77 3.41 2.89 2.25 0.53 2.77 2.93 4.01 1.01 
1.01 2.01 2.97 2.85 2.65 0.37 3.05 3.61 0.01 3.33 0.45 1.41 3.22 1.98 3.78 2.54 3.26 1.9 2.46 0.9 3.26 3.5 1.62 2.7 2.74 1.82 3.98 1.22 2.66 3.3 3.18 3.34 3.82 0.62 3.82 3.34 3.18 3.3 2.66 1.22 3.98 1.82 2.74 2.7 1.62 3.5 3.26 0.9 2.46 1.9 3.26 2.54 3.78 1.98 3.22 1.41 0.45 3.33 0.01 3.61 3.05 0.37 2.65 2.85 2.97 2.01 1.01 
1.01 1.01 4.01 3.93 3.77 3.53 2.21 2.81 3.29 2.65 1.85 2.89 2.78 2.66 2.58 3.5 0.38 3.26 3.06 3.78 2.42 4.02 3.54 4.02 0.46 3.98 3.54 2.18 2.98 3.94 2.06 2.42 2.02 3.9 2.02 2.42 2.06 3.94 2.98 2.18 3.54 3.98 0.46 4.02 3.54 4.02 2.42 3.78 3.06 3.26 0.38 3.5 2.58 2.66 2.78 2.89 1.85 2.65 3.29 2.81 2.21 3.53 3.77 3.93 4.01 1.01 1.01 
1.01 1.01 2.01 3.97 3.85 3.65 3.37 4.01 1.53 3.97 3.25 3.37 1.34 3.34 3.38 0.42 3.5 2.54 3.54 1.46 0.34 2.22 3.06 2.86 3.66 0.46 1.34 2.3 3.38 3.58 1.9 3.42 1.1 4.02 1.1 3.42 1.9 3.58 3.38 2.3 1.34 0.46 3.66 2.86 3.06 2.22 0.34 1.46 3.54 2.54 3.5 0.42 3.38 3.34 1.34 3.37 3.25 3.97 1.53 4.01 3.37 3.65 3.85 3.97 2.01 1.01 1.01 
1.01 1.01 2.01 0.97 1.89 1.73 1.49 1.17 2.77 1.25 0.61 3.85 3.94 2.02 2.18 3.38 2.58 3.78 2.94 3.06 2.14 2.22 3.3 1.34 3.42 3.5 3.62 0.78 1.06 3.46 1.94 3.58 2.34 2.26 2.34 3.58 1.94 3.46 1.06 0.78 3.62 3.5 3.42 1.34 3.3 2.22 2.14 3.06 2.94 3.78 2.58 3.38 2.18 2.02 3.94 3.85 0.61 1.25 2.77 1.17 1.49 1.73 1.89 0.97 2.01 1.01 1.01 
1.01 1.01 1.01 3.01 3.97 3.85 3.65 3.37 2.01 2.57 2.01 2.33 3.54 1.74 2.02 3.34 2.66 1.98 3.3 3.58 1.82 0.06 3.34 1.58 2.86 2.14 3.46 2.82 3.26 2.78 2.38 2.1 3.94 0.86 3.94 2.1 2.38 2.78 3.26 2.82 3.46 2.14 2.86 1.58 3.34 0.06 1.82 3.58 3.3 1.98 2.66 3.34 2.02 1.74 3.54 2.33 2.01 2.57 2.01 3.37 3.65 3.85 3.97 3.01 1.01 1.01 1.01 
1.01 1.01 1.01 1.01 4.01 3.93 3.77 1.53 3.25 3.89 1.41 3.85 1.18 3.54 3.94 1.34 2.78 3.22 3.66 2.06 2.46 2.86 2.26 1.66 3.1 3.54 0.98 2.5 2.06 3.7 1.38 3.18 3.06 4.02 3.06 3.18 1.38 3.7 2.06 2.5 0.98 3.54 3.1 1.66 2.26 2.86 2.46 2.06 3.66 3.22 2.78 1.34 3.94 3.54 1.18 3.85 1.41 3.89 3.25 1.53 3.77 3.93 4.01 1.01 1.01 1.01 1.01 
1.01 1.01 1.01 1.01 2.01 2.97 1.85 3.69 2.45 3.17 3.81 3.37 3.85 2.33 3.85 3.37 2.89 1.41 3.97 2.49 3.01 3.53 3.05 1.57 3.13 3.69 1.25 3.89 1.53 3.25 2.01 1.85 3.77 1.73 3.77 1.85 2.01 3.25 1.53 3.89 1.25 3.69 3.13 1.57 3.05 3.53 3.01 2.49 3.97 1.41 2.89 3.37 3.85 2.33 3.85 3.37 3.81 3.17 2.45 3.69 1.85 2.97 2.01 1.01 1.01 1.01 1.01 
1.01 1.01 1.01 1.01 1.01 4.01 2.93 3.81 0.61 3.41 2.13 3.81 1.41 2.01 0.61 3.25 1.85 0.45 2.09 3.73 2.33 0.93 2.57 3.21 2.85 1.49 2.17 3.89 2.61 1.37 3.21 3.09 1.01 4.01 1.01 3.09 3.21 1.37 2.61 3.89 2.17 1.49 2.85 3.21 2.57 0.93 2.33 3.73 2.09 0.45 1.85 3.25 0.61 2.01 1.41 3.81 2.13 3.41 0.61 3.81 2.93 4.01 1.01 1.01 1.01 1.01 1.01 
1.01 1.01 1.01 1.01 1.01 2.01 1.97 1.89 2.77 2.61 3.41 3.17 3.89 2.57 1.25 3.97 2.65 3.33 1.01 3.73 2.41 1.09 2.81 3.53 3.25 1.97 3.73 1.49 3.29 1.09 1.97 2.89 2.85 3.85 2.85 2.89 1.97 1.09 3.29 1.49 3.73 1.97 3.25 3.53 2.81 1.09 2.41 3.73 1.01 3.33 2.65 3.97 1.25 2.57 3.89 3.17 3.41 2.61 2.77 1.89 1.97 2.01 1.01 1.01 1.01 1.01 1.01 
1.01 1.01 1.01 1.01 1.01 1.01 3.01 2.97 2.89 2.77 0.61 2.45 3.25 2.01 2.77 1.53 3.29 0.01 1.77 1.53 2.29 3.05 2.81 0.57 2.37 3.17 0.97 2.81 2.65 0.49 3.41 0.33 3.33 3.33 3.33 0.33 3.41 0.49 2.65 2.81 0.97 3.17 2.37 0.57 2.81 3.05 2.29 1.53 1.77 0.01 3.29 1.53 2.77 2.01 3.25 2.45 0.61 2.77 2.89 2.97 3.01 1.01 1.01 1.01 1.01 1.01 1.01 
1.01 1.01 1.01 1.01 1.01 1.01 1.01 3.01 2.97 1.89 3.81 3.69 1.53 3.37 1.17 4.01 2.81 3.61 3.41 3.21 3.01 2.81 1.61 3.45 3.29 2.13 4.01 3.89 3.77 2.65 2.57 2.53 3.53 3.53 3.53 2.53 2.57 2.65 3.77 3.89 4.01 2.13 3.29 3.45 1.61 2.81 3.01 3.21 3.41 3.61 2.81 4.01 1.17 3.37 1.53 3.69 3.81 1.89 2.97 3.01 1.01 1.01 1.01 1.01 1.01 1.01 1.01 
1.01 1.01 1.01 1.01 1.01 1.01 1.01 1.01 3.01 1.97 2.93 1.85 3.77 3.65 1.49 3.37 2.21 3.05 2.89 2.73 2.57 2.41 1.25 2.13 2.01 0.89 2.81 3.73 3.65 3.57 0.49 3.49 3.49 3.49 3.49 3.49 0.49 3.57 3.65 3.73 2.81 0.89 2.01 2.13 1.25 2.41 2.57 2.73 2.89 3.05 2.21 3.37 1.49 3.65 3.77 1.85 2.93 1.97 3.01 1.01 1.01 1.01 1.01 1.01 1.01 1.01 1.01 
1.01 1.01 1.01 1.01 1.01 1.01 1.01 1.01 1.01 2.01 4.01 2.97 3.93 3.85 1.73 3.65 3.53 0.37 2.25 2.13 2.01 1.89 0.77 2.69 3.61 3.53 2.45 0.37 2.33 3.29 2.25 3.25 3.25 3.25 3.25 3.25 2.25 3.29 2.33 0.37 2.45 3.53 3.61 2.69 0.77 1.89 2.01 2.13 2.25 0.37 3.53 3.65 1.73 3.85 3.93 2.97 4.01 2.01 1.01 1.01 1.01 1.01 1.01 1.01 1.01 1.01 1.01 
1.01 1.01 1.01 1.01 1.01 1.01 1.01 1.01 1.01 1.01 1.01 2.01 4.01 3.97 1.89 3.85 3.77 2.65 0.53 2.45 2.37 3.29 3.21 3.13 1.05 3.01 3.97 3.93 3.89 1.85 3.85 3.85 3.85 3.85 3.85 3.85 3.85 1.85 3.89 3.93 3.97 3.01 1.05 3.13 3.21 3.29 2.37 2.45 0.53 2.65 3.77 3.85 1.89 3.97 4.01 2.01 1.01 1.01 1.01 1.01 1.01 1.01 1.01 1.01 1.01 1.01 1.01 
1.01 1.01 1.01 1.01 1.01 1.01 1.01 1.01 1.01 1.01 1.01 1.01 1.01 3.01 0.97 3.97 3.93 2.85 2.77 0.69 3.65 0.57 3.53 0.45 2.41 2.37 0.33 3.33 0.29 2.29 2.29 2.29 2.29 2.29 2.29 2.29 2.29 2.29 0.29 3.33 0.33 2.37 2.41 0.45 3.53 0.57 3.65 0.69 2.77 2.85 3.93 3.97 0.97 3.01 1.01 1.01 1.01 1.01 1.01 1.01 1.01 1.01 1.01 1.01 1.01 1.01 1.01 
1.01 1.01 1.01 1.01 1.01 1.01 1.01 1.01 1.01 1.01 1.01 1.01 1.01 1.01 2.01 2.01 4.01 2.97 2.93 3.89 2.85 3.81 2.77 3.73 2.69 0.65 2.65 2.65 3.65 3.65 3.65 3.65 3.65 3.65 3.65 3.65 3.65 3.65 3.65 2.65 2.65 0.65 2.69 3.73 2.77 3.81 2.85 3.89 2.93 2.97 4.01 2.01 2.01 1.01 1.01 1.01 1.01 1.01 1.01 1.01 1.01 1.01 1.01 1.01 1.01 1.01 1.01 
1.01 1.01 1.01 1.01 1.01 1.01 1.01 1.01 1.01 1.01 1.01 1.01 1.01 1.01 1.01 1.01 1.01 2.01 4.01 0.97 3.97 0.93 3.93 0.89 2.89 3.89 3.89 3.89 3.89 3.89 3.89 3.89 3.89 3.89 3.89 3.89 3.89 3.89 3.89 3.89 3.89 3.89 2.89 0.89 3.93 0.93 3.97 0.97 4.01 2.01 1.01 1.01 1.01 1.01 1.01 1.01 1.01 1.01 1.01 1.01 1.01 1.01 1.01 1.01 1.01 1.01 1.01 
1.01 1.01 1.01 1.01 1.01 1.01 1.01 1.01 1.01 1.01 1.01 1.01 1.01 1.01 1.01 1.01 1.01 1.01 1.01 2.01 2.01 3.01 3.01 4.01 4.01 4.01 4.01 4.01 4.01 4.01 4.01 4.01 4.01 4.01 4.01 4.01 4.01 4.01 4.01 4.01 4.01 4.01 4.01 4.01 3.01 3.01 2.01 2.01 1.01 1.01 1.01 1.01 1.01 1.01 1.01 1.01 1.01 1.01 1.01 1.01 1.01 1.01 1.01 1.01 1.01 1.01 1.01 
