0.9 0.9 0.9 0.9 0.9 0.9 0.9 0.9 0.9 0.9 0.9 0.9 0.9 0.9 0.9 0.9 0.9 0.9 0.9 0.9 0.9 1.9 1.9 1.9 1.9 1.9 1.9 1.9 1.9 1.9 1.9 1.9 1.9 1.9 1.9 1.9 1.9 1.9 1.9 1.9 1.9 1.9 1.9 1.9 1.9 1.9 0.9 0.9 0.9 0.9 0.9 0.9 0.9 0.9 0.9 0.9 0.9 0.9 0.9 0.9 0.9 0.9 0.9 0.9 0.9 0.9 0.9 
0.9 0.9 0.9 0.9 0.9 0.9 0.9 0.9 0.9 0.9 0.9 0.9 0.9 0.9 0.9 0.9 0.9 0.9 1.9 1.9 3.9 0.86 2.86 2.86 3.86 3.86 3.86 3.86 3.86 3.86 3.86 3.86 3.86 3.86 3.86 3.86 3.86 3.86 3.86 3.86 3.86 3.86 3.86 2.86 2.86 0.86 3.9 1.9 1.9 0.9 0.9 0.9 0.9 0.9 0.9 0.9 0.9 0.9 0.9 0.9 0.9 0.9 0.9 0.9 0.9 0.9 0.9 
0.9 0.9 0.9 0.9 0.9 0.9 0.9 0.9 0.9 0.9 0.9 0.9 0.9 0.9 0.9 0.9 1.9 3.9 0.86 3.86 2.82 2.78 0.74 3.74 0.7 2.7 3.7 3.7 3.7 3.7 3.7 3.7 3.7 3.7 3.7 3.7 3.7 3.7 3.7 3.7 3.7 2.7 0.7 3.74 0.74 2.78 2.82 3.86 0.86 3.9 1.9 0.9 0.9 0.9 0.9 0.9 0.9 0.9 0.9 0.9 0.9 0.9 0.9 0.9 0.9 0.9 0.9 
0.9 0.9 0.9 0.9 0.9 0.9 0.9 0.9 0.9 0.9 0.9 0.9 0.9 0.9 1.9 3.9 2.86 2.82 3.78 3.74 0.66 2.62 3.58 2.54 3.5 2.46 0.42 2.42 3.42 3.42 3.42 3.42 3.42 3.42 3.42 3.42 3.42 3.42 3.42 2.42 0.42 2.46 3.5 2.54 3.58 2.62 0.66 3.74 3.78 2.82 2.86 3.9 1.9 0.9 0.9 0.9 0.9 0.9 0.9 0.9 0.9 0.9 0.9 0.9 0.9 0.9 0.9 
0.9 0.9 0.9 0.9 0.9 0.9 0.9 0.9 0.9 0.9 0.9 0.9 1.9 3.9 2.86 3.82 2.74 2.66 0.58 3.54 3.46 2.38 0.3 3.26 0.18 2.14 3.1 3.06 1.02 3.02 4.02 4.02 4.02 4.02 4.02 4.02 4.02 3.02 1.02 3.06 3.1 2.14 0.18 3.26 0.3 2.38 3.46 3.54 0.58 2.66 2.74 3.82 2.86 3.9 1.9 0.9 0.9 0.9 0.9 0.9 0.9 0.9 0.9 0.9 0.9 0.9 0.9 
0.9 0.9 0.9 0.9 0.9 0.9 0.9 0.9 0.9 0.9 0.9 2.9 1.86 3.82 2.74 3.66 1.54 0.42 2.34 3.26 0.14 2.06 2.98 2.9 3.82 3.74 3.66 1.58 3.54 3.5 1.46 2.46 2.46 2.46 2.46 2.46 1.46 3.5 3.54 1.58 3.66 3.74 3.82 2.9 2.98 2.06 0.14 3.26 2.34 0.42 1.54 3.66 2.74 3.82 1.86 2.9 0.9 0.9 0.9 0.9 0.9 0.9 0.9 0.9 0.9 0.9 0.9 
0.9 0.9 0.9 0.9 0.9 0.9 0.9 0.9 0.9 1.9 3.9 3.86 3.78 1.66 1.54 1.42 3.3 1.14 3.02 2.9 3.78 3.66 3.54 3.42 3.3 3.18 2.06 3.98 3.9 1.82 1.78 3.78 3.78 3.78 3.78 3.78 1.78 1.82 3.9 3.98 2.06 3.18 3.3 3.42 3.54 3.66 3.78 2.9 3.02 1.14 3.3 1.42 1.54 1.66 3.78 3.86 3.9 1.9 0.9 0.9 0.9 0.9 0.9 0.9 0.9 0.9 0.9 
0.9 0.9 0.9 0.9 0.9 0.9 0.9 0.9 2.9 1.86 3.82 3.74 3.62 2.46 2.3 3.14 3.98 2.78 0.58 2.42 2.26 3.1 2.94 2.78 2.62 2.46 1.3 2.18 1.06 1.98 3.94 1.9 3.9 3.9 3.9 1.9 3.94 1.98 1.06 2.18 1.3 2.46 2.62 2.78 2.94 3.1 2.26 2.42 0.58 2.78 3.98 3.14 2.3 2.46 3.62 3.74 3.82 1.86 2.9 0.9 0.9 0.9 0.9 0.9 0.9 0.9 0.9 
0.9 0.9 0.9 0.9 0.9 0.9 0.9 2.9 2.86 2.78 0.66 2.54 3.38 3.18 3.98 0.74 3.54 3.3 3.06 0.82 3.62 0.38 2.18 2.98 3.78 3.58 2.38 3.22 2.06 1.94 1.86 3.82 2.78 3.78 2.78 3.82 1.86 1.94 2.06 3.22 2.38 3.58 3.78 2.98 2.18 0.38 3.62 0.82 3.06 3.3 3.54 0.74 3.98 3.18 3.38 2.54 0.66 2.78 2.86 2.9 0.9 0.9 0.9 0.9 0.9 0.9 0.9 
0.9 0.9 0.9 0.9 0.9 0.9 1.9 1.86 2.78 2.66 3.5 3.3 3.06 0.78 3.54 3.26 3.98 0.66 2.38 3.1 2.82 3.54 3.26 1.98 0.7 2.46 2.22 4.02 2.82 2.66 2.54 3.46 0.38 3.38 0.38 3.46 2.54 2.66 2.82 4.02 2.22 2.46 0.7 1.98 3.26 3.54 2.82 3.1 2.38 0.66 3.98 3.26 3.54 0.78 3.06 3.3 3.5 2.66 2.78 1.86 1.9 0.9 0.9 0.9 0.9 0.9 0.9 
0.9 0.9 0.9 0.9 0.9 0.9 3.9 3.82 0.66 3.5 2.26 2.98 3.66 1.3 3.98 2.62 2.26 2.9 2.54 2.18 1.82 1.46 0.1 3.78 1.42 3.1 1.78 1.5 2.26 3.06 3.9 3.78 3.7 1.66 3.7 3.78 3.9 3.06 2.26 1.5 1.78 3.1 1.42 3.78 0.1 1.46 1.82 2.18 2.54 2.9 2.26 2.62 3.98 1.3 3.66 2.98 2.26 3.5 0.66 3.82 3.9 0.9 0.9 0.9 0.9 0.9 0.9 
0.9 0.9 0.9 0.9 0.9 2.9 3.86 3.74 2.54 3.3 2.98 1.58 3.14 3.7 3.26 2.82 3.38 2.94 3.5 3.06 3.62 3.18 3.74 3.3 3.86 2.42 3.02 3.66 3.34 3.06 1.82 1.66 3.58 2.54 3.58 1.66 1.82 3.06 3.34 3.66 3.02 2.42 3.86 3.3 3.74 3.18 3.62 3.06 3.5 2.94 3.38 2.82 3.26 3.7 3.14 1.58 2.98 3.3 2.54 3.74 3.86 2.9 0.9 0.9 0.9 0.9 0.9 
0.9 0.9 0.9 0.9 1.9 1.86 3.78 3.62 3.38 3.06 3.66 3.14 0.56 4 1.44 3.92 0.36 2.84 0.28 2.76 0.2 3.68 3.12 3.56 3 2.44 1.92 0.44 3.04 3.68 0.36 2.16 2.04 3 2.04 2.16 0.36 3.68 3.04 0.44 1.92 2.44 3 3.56 3.12 3.68 0.2 2.76 0.28 2.84 0.36 3.92 1.44 4 0.56 3.14 3.66 3.06 3.38 3.62 3.78 1.86 1.9 0.9 0.9 0.9 0.9 
0.9 0.9 0.9 0.9 3.9 3.82 1.66 2.46 3.18 0.78 1.3 3.7 4 1.28 3.64 3 3.36 3.72 1.04 3.4 2.72 4.04 2.32 0.6 3.92 0.2 2.56 3.96 2.4 0.92 3.56 2.28 3.12 0.04 3.12 2.28 3.56 0.92 2.4 3.96 2.56 0.2 3.92 0.6 2.32 4.04 2.72 3.4 1.04 3.72 3.36 3 3.64 1.28 4 3.7 1.3 0.78 3.18 2.46 1.66 3.82 3.9 0.9 0.9 0.9 0.9 
0.9 0.9 0.9 1.9 2.86 2.74 1.54 2.3 3.98 3.54 3.98 3.26 1.44 3.64 3.88 3.12 2.36 3.6 2.8 3 3.16 1.28 2.4 3.52 3.64 3.76 3.92 2.12 1.4 2.8 3.32 1.96 3.76 3.68 3.76 1.96 3.32 2.8 1.4 2.12 3.92 3.76 3.64 3.52 2.4 1.28 3.16 3 2.8 3.6 2.36 3.12 3.88 3.64 1.44 3.26 3.98 3.54 3.98 2.3 1.54 2.74 2.86 1.9 0.9 0.9 0.9 
0.9 0.9 0.9 3.9 3.82 3.66 1.42 3.14 0.74 3.26 2.62 2.82 3.92 3 3.12 2.24 3.36 2.44 0.48 3.52 2.48 3.4 2.28 2.16 3.04 2.92 2.84 3.84 3.92 2.12 1.48 4.04 3.76 0.64 3.76 4.04 1.48 2.12 3.92 3.84 2.84 2.92 3.04 2.16 2.28 3.4 2.48 3.52 0.48 2.44 3.36 2.24 3.12 3 3.92 2.82 2.62 3.26 0.74 3.14 1.42 3.66 3.82 3.9 0.9 0.9 0.9 
0.9 0.9 1.9 2.86 2.74 1.54 3.3 3.98 3.54 3.98 2.26 3.38 0.36 3.36 2.36 3.36 2.32 1.24 3.12 2.92 2.64 1.28 0.88 3.48 3.04 2.6 1.2 3.92 0.72 3.72 1.88 2.28 2.92 3.8 2.92 2.28 1.88 3.72 0.72 3.92 1.2 2.6 3.04 3.48 0.88 1.28 2.64 2.92 3.12 1.24 2.32 3.36 2.36 3.36 0.36 3.38 2.26 3.98 3.54 3.98 3.3 1.54 2.74 2.86 1.9 0.9 0.9 
0.9 0.9 3.9 2.82 2.66 0.42 1.14 2.78 3.3 0.66 2.9 2.94 2.84 3.72 3.6 2.44 1.24 4 3.64 2.16 3.6 2.92 2.16 3.36 3.52 3.68 2.88 2.2 2.68 2.36 3.28 3.48 4 3.84 4 3.48 3.28 2.36 2.68 2.2 2.88 3.68 3.52 3.36 2.16 2.92 3.6 2.16 3.64 4 1.24 2.44 3.6 3.72 2.84 2.94 2.9 0.66 3.3 2.78 1.14 0.42 2.66 2.82 3.9 0.9 0.9 
0.9 1.9 0.86 3.78 0.58 2.34 3.02 0.58 3.06 2.38 2.54 3.5 0.28 1.04 2.8 0.48 3.12 3.64 3 1.2 2.28 2.2 4 2.68 3.32 3.96 1.64 2.48 3.52 3.8 2.36 0.28 1.64 3.44 1.64 0.28 2.36 3.8 3.52 2.48 1.64 3.96 3.32 2.68 4 2.2 2.28 1.2 3 3.64 3.12 0.48 2.8 1.04 0.28 3.5 2.54 2.38 3.06 0.58 3.02 2.34 0.58 3.78 0.86 1.9 0.9 
0.9 1.9 3.86 3.74 3.54 3.26 2.9 2.42 0.82 3.1 2.18 3.06 2.76 3.4 3 3.52 2.92 2.16 1.2 1.04 2.68 3.08 3.28 3.32 3.28 2.24 2.28 1.48 1.92 3.68 2.8 3.4 1.52 3.24 1.52 3.4 2.8 3.68 1.92 1.48 2.28 2.24 3.28 3.32 3.28 3.08 2.68 1.04 1.2 2.16 2.92 3.52 3 3.4 2.76 3.06 2.18 3.1 0.82 2.42 2.9 3.26 3.54 3.74 3.86 1.9 0.9 
0.9 3.9 2.82 0.66 3.46 0.14 3.78 2.26 3.62 2.82 1.82 3.62 0.2 2.72 3.16 2.48 2.64 3.6 2.28 2.68 3.76 1.48 1.92 2.12 0.2 2.32 1.52 3.92 1.56 2.6 1.12 3.28 3.12 1.72 3.12 3.28 1.12 2.6 1.56 3.92 1.52 2.32 0.2 2.12 1.92 1.48 3.76 2.68 2.28 3.6 2.64 2.48 3.16 2.72 0.2 3.62 1.82 2.82 3.62 2.26 3.78 0.14 3.46 0.66 2.82 3.9 0.9 
1.9 0.86 2.78 2.62 2.38 2.06 3.66 3.1 0.38 3.54 1.46 3.18 3.68 4.04 1.28 3.4 1.28 2.92 2.2 3.08 1.48 0.4 3.88 2.96 2.92 3.92 4.04 3.36 4 2.08 1.8 2.32 1.76 3.24 1.76 2.32 1.8 2.08 4 3.36 4.04 3.92 2.92 2.96 3.88 0.4 1.48 3.08 2.2 2.92 1.28 3.4 1.28 4.04 3.68 3.18 1.46 3.54 0.38 3.1 3.66 2.06 2.38 2.62 2.78 0.86 1.9 
1.9 2.86 0.74 3.58 0.3 2.98 3.54 2.94 2.18 3.26 0.1 3.74 3.12 2.32 2.4 2.28 0.88 2.16 4 3.28 1.92 3.88 0.04 3.56 4.04 0.6 3.36 2.32 2.64 1.48 3.12 2.76 3.64 3.92 3.64 2.76 3.12 1.48 2.64 2.32 3.36 0.6 4.04 3.56 0.04 3.88 1.92 3.28 4 2.16 0.88 2.28 2.4 2.32 3.12 3.74 0.1 3.26 2.18 2.94 3.54 2.98 0.3 3.58 0.74 2.86 1.9 
1.9 2.86 3.74 2.54 3.26 2.9 3.42 2.78 2.98 1.98 3.78 3.3 3.56 0.6 3.52 2.16 3.48 3.36 2.68 3.32 2.12 2.96 3.56 1.52 3.12 4 2.04 1.28 2.88 1.04 3.16 3.56 1.6 3.6 1.6 3.56 3.16 1.04 2.88 1.28 2.04 4 3.12 1.52 3.56 2.96 2.12 3.32 2.68 3.36 3.48 2.16 3.52 0.6 3.56 3.3 3.78 1.98 2.98 2.78 3.42 2.9 3.26 2.54 3.74 2.86 1.9 
1.9 3.86 0.7 3.5 0.18 3.82 3.3 2.62 3.78 0.7 1.42 3.86 3 3.92 3.64 3.04 3.04 3.52 3.32 3.28 0.2 2.92 4.04 3.12 0.8 1.76 3.8 2.88 3.2 2.08 3.04 3.64 3.48 4.04 3.48 3.64 3.04 2.08 3.2 2.88 3.8 1.76 0.8 3.12 4.04 2.92 0.2 3.28 3.32 3.52 3.04 3.04 3.64 3.92 3 3.86 1.42 0.7 3.78 2.62 3.3 3.82 0.18 3.5 0.7 3.86 1.9 
1.9 3.86 2.7 2.46 2.14 3.74 3.18 2.46 3.58 2.46 3.1 2.42 2.44 0.2 3.76 2.92 2.6 3.68 3.96 2.24 2.32 3.92 0.6 4 1.76 2.56 3.16 2.52 1.84 3.6 3.48 2.4 2.4 1.28 2.4 2.4 3.48 3.6 1.84 2.52 3.16 2.56 1.76 4 0.6 3.92 2.32 2.24 3.96 3.68 2.6 2.92 3.76 0.2 2.44 2.42 3.1 2.46 3.58 2.46 3.18 3.74 2.14 2.46 2.7 3.86 1.9 
1.9 3.86 3.7 0.42 3.1 3.66 2.06 1.3 2.38 2.22 1.78 3.02 1.92 2.56 3.92 2.84 1.2 2.88 1.64 2.28 1.52 4.04 3.36 2.04 3.8 3.16 0.84 3.8 1.16 1.56 4 1.88 4 0.8 4 1.88 4 1.56 1.16 3.8 0.84 3.16 3.8 2.04 3.36 4.04 1.52 2.28 1.64 2.88 1.2 2.84 3.92 2.56 1.92 3.02 1.78 2.22 2.38 1.3 2.06 3.66 3.1 0.42 3.7 3.86 1.9 
1.9 3.86 3.7 2.42 3.06 1.58 3.98 2.18 3.22 4.02 1.5 3.66 0.44 3.96 2.12 3.84 3.92 2.2 2.48 1.48 3.92 3.36 2.32 1.28 2.88 2.52 3.8 2.48 2.68 3.04 3.92 1.52 2.88 3.88 2.88 1.52 3.92 3.04 2.68 2.48 3.8 2.52 2.88 1.28 2.32 3.36 3.92 1.48 2.48 2.2 3.92 3.84 2.12 3.96 0.44 3.66 1.5 4.02 3.22 2.18 3.98 1.58 3.06 2.42 3.7 3.86 1.9 
1.9 3.86 3.7 3.42 1.02 3.54 3.9 1.06 2.06 2.82 2.26 3.34 3.04 2.4 1.4 3.92 0.72 2.68 3.52 1.92 1.56 4 2.64 2.88 3.2 1.84 1.16 2.68 2.2 0.24 1.44 3.04 2.16 1.76 2.16 3.04 1.44 0.24 2.2 2.68 1.16 1.84 3.2 2.88 2.64 4 1.56 1.92 3.52 2.68 0.72 3.92 1.4 2.4 3.04 3.34 2.26 2.82 2.06 1.06 3.9 3.54 1.02 3.42 3.7 3.86 1.9 
1.9 3.86 3.7 3.42 3.02 3.5 1.82 1.98 1.94 2.66 3.06 3.06 3.68 0.92 2.8 2.12 3.72 2.36 3.8 3.68 2.6 2.08 1.48 1.04 2.08 3.6 1.56 3.04 0.24 3.16 3.12 3.36 2.44 3 2.44 3.36 3.12 3.16 0.24 3.04 1.56 3.6 2.08 1.04 1.48 2.08 2.6 3.68 3.8 2.36 3.72 2.12 2.8 0.92 3.68 3.06 3.06 2.66 1.94 1.98 1.82 3.5 3.02 3.42 3.7 3.86 1.9 
1.9 3.86 3.7 3.42 4.02 1.46 1.78 3.94 1.86 2.54 3.9 1.82 0.36 3.56 3.32 1.48 1.88 3.28 2.36 2.8 1.12 1.8 3.12 3.16 3.04 3.48 4 3.92 1.44 3.12 0.76 3.24 3.2 3.68 3.2 3.24 0.76 3.12 1.44 3.92 4 3.48 3.04 3.16 3.12 1.8 1.12 2.8 2.36 3.28 1.88 1.48 3.32 3.56 0.36 1.82 3.9 2.54 1.86 3.94 1.78 1.46 4.02 3.42 3.7 3.86 1.9 
1.9 3.86 3.7 3.42 4.02 2.46 3.78 1.9 3.82 3.46 3.78 1.66 2.16 2.28 1.96 4.04 2.28 3.48 0.28 3.4 3.28 2.32 2.76 3.56 3.64 2.4 1.88 1.52 3.04 3.36 3.24 1.32 1.48 4.04 1.48 1.32 3.24 3.36 3.04 1.52 1.88 2.4 3.64 3.56 2.76 2.32 3.28 3.4 0.28 3.48 2.28 4.04 1.96 2.28 2.16 1.66 3.78 3.46 3.82 1.9 3.78 2.46 4.02 3.42 3.7 3.86 1.9 
1.9 3.86 3.7 3.42 4.02 2.46 3.78 3.9 2.78 0.38 3.7 3.58 2.04 3.12 3.76 3.76 2.92 4 1.64 1.52 3.12 1.76 3.64 1.6 3.48 2.4 4 2.88 2.16 2.44 3.2 1.48 3.52 3.28 3.52 1.48 3.2 2.44 2.16 2.88 4 2.4 3.48 1.6 3.64 1.76 3.12 1.52 1.64 4 2.92 3.76 3.76 3.12 2.04 3.58 3.7 0.38 2.78 3.9 3.78 2.46 4.02 3.42 3.7 3.86 1.9 
1.9 3.86 3.7 3.42 4.02 2.46 3.78 3.9 3.78 3.38 1.66 2.54 3 0.04 3.68 0.64 3.8 3.84 3.44 3.24 1.72 3.24 3.92 3.6 4.04 1.28 0.8 3.88 1.76 3 3.68 4.04 3.28 1.16 3.28 4.04 3.68 3 1.76 3.88 0.8 1.28 4.04 3.6 3.92 3.24 1.72 3.24 3.44 3.84 3.8 0.64 3.68 0.04 3 2.54 1.66 3.38 3.78 3.9 3.78 2.46 4.02 3.42 3.7 3.86 1.9 
1.9 3.86 3.7 3.42 4.02 2.46 3.78 3.9 2.78 0.38 3.7 3.58 2.04 3.12 3.76 3.76 2.92 4 1.64 1.52 3.12 1.76 3.64 1.6 3.48 2.4 4 2.88 2.16 2.44 3.2 1.48 3.52 3.28 3.52 1.48 3.2 2.44 2.16 2.88 4 2.4 3.48 1.6 3.64 1.76 3.12 1.52 1.64 4 2.92 3.76 3.76 3.12 2.04 3.58 3.7 0.38 2.78 3.9 3.78 2.46 4.02 3.42 3.7 3.86 1.9 
1.9 3.86 3.7 3.42 4.02 2.46 3.78 1.9 3.82 3.46 3.78 1.66 2.16 2.28 1.96 4.04 2.28 3.48 0.28 3.4 3.28 2.32 2.76 3.56 3.64 2.4 1.88 1.52 3.04 3.36 3.24 1.32 1.48 4.04 1.48 1.32 3.24 3.36 3.04 1.52 1.88 2.4 3.64 3.56 2.76 2.32 3.28 3.4 0.28 3.48 2.28 4.04 1.96 2.28 2.16 1.66 3.78 3.46 3.82 1.9 3.78 2.46 4.02 3.42 3.7 3.86 1.9 
1.9 3.86 3.7 3.42 4.02 1.46 1.78 3.94 1.86 2.54 3.9 1.82 0.36 3.56 3.32 1.48 1.88 3.28 2.36 2.8 1.12 1.8 3.12 3.16 3.04 3.48 4 3.92 1.44 3.12 0.76 3.24 3.2 3.68 3.2 3.24 0.76 3.12 1.44 3.92 4 3.48 3.04 3.16 3.12 1.8 1.12 2.8 2.36 3.28 1.88 1.48 3.32 3.56 0.36 1.82 3.9 2.54 1.86 3.94 1.78 1.46 4.02 3.42 3.7 3.86 1.9 
1.9 3.86 3.7 3.42 3.02 3.5 1.82 1.98 1.94 2.66 3.06 3.06 3.68 0.92 2.8 2.12 3.72 2.36 3.8 3.68 2.6 2.08 1.48 1.04 2.08 3.6 1.56 3.04 0.24 3.16 3.12 3.36 2.44 3 2.44 3.36 3.12 3.16 0.24 3.04 1.56 3.6 2.08 1.04 1.48 2.08 2.6 3.68 3.8 2.36 3.72 2.12 2.8 0.92 3.68 3.06 3.06 2.66 1.94 1.98 1.82 3.5 3.02 3.42 3.7 3.86 1.9 
1.9 3.86 3.7 3.42 1.02 3.54 3.9 1.06 2.06 2.82 2.26 3.34 3.04 2.4 1.4 3.92 0.72 2.68 3.52 1.92 1.56 4 2.64 2.88 3.2 1.84 1.16 2.68 2.2 0.24 1.44 3.04 2.16 1.76 2.16 3.04 1.44 0.24 2.2 2.68 1.16 1.84 3.2 2.88 2.64 4 1.56 1.92 3.52 2.68 0.72 3.92 1.4 2.4 3.04 3.34 2.26 2.82 2.06 1.06 3.9 3.54 1.02 3.42 3.7 3.86 1.9 
1.9 3.86 3.7 2.42 3.06 1.58 3.98 2.18 3.22 4.02 1.5 3.66 0.44 3.96 2.12 3.84 3.92 2.2 2.48 1.48 3.92 3.36 2.32 1.28 2.88 2.52 3.8 2.48 2.68 3.04 3.92 1.52 2.88 3.88 2.88 1.52 3.92 3.04 2.68 2.48 3.8 2.52 2.88 1.28 2.32 3.36 3.92 1.48 2.48 2.2 3.92 3.84 2.12 3.96 0.44 3.66 1.5 4.02 3.22 2.18 3.98 1.58 3.06 2.42 3.7 3.86 1.9 
1.9 3.86 3.7 0.42 3.1 3.66 2.06 1.3 2.38 2.22 1.78 3.02 1.92 2.56 3.92 2.84 1.2 2.88 1.64 2.28 1.52 4.04 3.36 2.04 3.8 3.16 0.84 3.8 1.16 1.56 4 1.88 4 0.8 4 1.88 4 1.56 1.16 3.8 0.84 3.16 3.8 2.04 3.36 4.04 1.52 2.28 1.64 2.88 1.2 2.84 3.92 2.56 1.92 3.02 1.78 2.22 2.38 1.3 2.06 3.66 3.1 0.42 3.7 3.86 1.9 
1.9 3.86 2.7 2.46 2.14 3.74 3.18 2.46 3.58 2.46 3.1 2.42 2.44 0.2 3.76 2.92 2.6 3.68 3.96 2.24 2.32 3.92 0.6 4 1.76 2.56 3.16 2.52 1.84 3.6 3.48 2.4 2.4 1.28 2.4 2.4 3.48 3.6 1.84 2.52 3.16 2.56 1.76 4 0.6 3.92 2.32 2.24 3.96 3.68 2.6 2.92 3.76 0.2 2.44 2.42 3.1 2.46 3.58 2.46 3.18 3.74 2.14 2.46 2.7 3.86 1.9 
1.9 3.86 0.7 3.5 0.18 3.82 3.3 2.62 3.78 0.7 1.42 3.86 3 3.92 3.64 3.04 3.04 3.52 3.32 3.28 0.2 2.92 4.04 3.12 0.8 1.76 3.8 2.88 3.2 2.08 3.04 3.64 3.48 4.04 3.48 3.64 3.04 2.08 3.2 2.88 3.8 1.76 0.8 3.12 4.04 2.92 0.2 3.28 3.32 3.52 3.04 3.04 3.64 3.92 3 3.86 1.42 0.7 3.78 2.62 3.3 3.82 0.18 3.5 0.7 3.86 1.9 
1.9 2.86 3.74 2.54 3.26 2.9 3.42 2.78 2.98 1.98 3.78 3.3 3.56 0.6 3.52 2.16 3.48 3.36 2.68 3.32 2.12 2.96 3.56 1.52 3.12 4 2.04 1.28 2.88 1.04 3.16 3.56 1.6 3.6 1.6 3.56 3.16 1.04 2.88 1.28 2.04 4 3.12 1.52 3.56 2.96 2.12 3.32 2.68 3.36 3.48 2.16 3.52 0.6 3.56 3.3 3.78 1.98 2.98 2.78 3.42 2.9 3.26 2.54 3.74 2.86 1.9 
1.9 2.86 0.74 3.58 0.3 2.98 3.54 2.94 2.18 3.26 0.1 3.74 3.12 2.32 2.4 2.28 0.88 2.16 4 3.28 1.92 3.88 0.04 3.56 4.04 0.6 3.36 2.32 2.64 1.48 3.12 2.76 3.64 3.92 3.64 2.76 3.12 1.48 2.64 2.32 3.36 0.6 4.04 3.56 0.04 3.88 1.92 3.28 4 2.16 0.88 2.28 2.4 2.32 3.12 3.74 0.1 3.26 2.18 2.94 3.54 2.98 0.3 3.58 0.74 2.86 1.9 
1.9 0.86 2.78 2.62 2.38 2.06 3.66 3.1 0.38 3.54 1.46 3.18 3.68 4.04 1.28 3.4 1.28 2.92 2.2 3.08 1.48 0.4 3.88 2.96 2.92 3.92 4.04 3.36 4 2.08 1.8 2.32 1.76 3.24 1.76 2.32 1.8 2.08 4 3.36 4.04 3.92 2.92 2.96 3.88 0.4 1.48 3.08 2.2 2.92 1.28 3.4 1.28 4.04 3.68 3.18 1.46 3.54 0.38 3.1 3.66 2.06 2.38 2.62 2.78 0.86 1.9 
0.9 3.9 2.82 0.66 3.46 0.14 3.78 2.26 3.62 2.82 1.82 3.62 0.2 2.72 3.16 2.48 2.64 3.6 2.28 2.68 3.76 1.48 1.92 2.12 0.2 2.32 1.52 3.92 1.56 2.6 1.12 3.28 3.12 1.72 3.12 3.28 1.12 2.6 1.56 3.92 1.52 2.32 0.2 2.12 1.92 1.48 3.76 2.68 2.28 3.6 2.64 2.48 3.16 2.72 0.2 3.62 1.82 2.82 3.62 2.26 3.78 0.14 3.46 0.66 2.82 3.9 0.9 
0.9 1.9 3.86 3.74 3.54 3.26 2.9 2.42 0.82 3.1 2.18 3.06 2.76 3.4 3 3.52 2.92 2.16 1.2 1.04 2.68 3.08 3.28 3.32 3.28 2.24 2.28 1.48 1.92 3.68 2.8 3.4 1.52 3.24 1.52 3.4 2.8 3.68 1.92 1.48 2.28 2.24 3.28 3.32 3.28 3.08 2.68 1.04 1.2 2.16 2.92 3.52 3 3.4 2.76 3.06 2.18 3.1 0.82 2.42 2.9 3.26 3.54 3.74 3.86 1.9 0.9 
0.9 1.9 0.86 3.78 0.58 2.34 3.02 0.58 3.06 2.38 2.54 3.5 0.28 1.04 2.8 0.48 3.12 3.64 3 1.2 2.28 2.2 4 2.68 3.32 3.96 1.64 2.48 3.52 3.8 2.36 0.28 1.64 3.44 1.64 0.28 2.36 3.8 3.52 2.48 1.64 3.96 3.32 2.68 4 2.2 2.28 1.2 3 3.64 3.12 0.48 2.8 1.04 0.28 3.5 2.54 2.38 3.06 0.58 3.02 2.34 0.58 3.78 0.86 1.9 0.9 
0.9 0.9 3.9 2.82 2.66 0.42 1.14 2.78 3.3 0.66 2.9 2.94 2.84 3.72 3.6 2.44 1.24 4 3.64 2.16 3.6 2.92 2.16 3.36 3.52 3.68 2.88 2.2 2.68 2.36 3.28 3.48 4 3.84 4 3.48 3.28 2.36 2.68 2.2 2.88 3.68 3.52 3.36 2.16 2.92 3.6 2.16 3.64 4 1.24 2.44 3.6 3.72 2.84 2.94 2.9 0.66 3.3 2.78 1.14 0.42 2.66 2.82 3.9 0.9 0.9 
0.9 0.9 1.9 2.86 2.74 1.54 3.3 3.98 3.54 3.98 2.26 3.38 0.36 3.36 2.36 3.36 2.32 1.24 3.12 2.92 2.64 1.28 0.88 3.48 3.04 2.6 1.2 3.92 0.72 3.72 1.88 2.28 2.92 3.8 2.92 2.28 1.88 3.72 0.72 3.92 1.2 2.6 3.04 3.48 0.88 1.28 2.64 2.92 3.12 1.24 2.32 3.36 2.36 3.36 0.36 3.38 2.26 3.98 3.54 3.98 3.3 1.54 2.74 2.86 1.9 0.9 0.9 
0.9 0.9 0.9 3.9 3.82 3.66 1.42 3.14 0.74 3.26 2.62 2.82 3.92 3 3.12 2.24 3.36 2.44 0.48 3.52 2.48 3.4 2.28 2.16 3.04 2.92 2.84 3.84 3.92 2.12 1.48 4.04 3.76 0.64 3.76 4.04 1.48 2.12 3.92 3.84 2.84 2.92 3.04 2.16 2.28 3.4 2.48 3.52 0.48 2.44 3.36 2.24 3.12 3 3.92 2.82 2.62 3.26 0.74 3.14 1.42 3.66 3.82 3.9 0.9 0.9 0.9 
0.9 0.9 0.9 1.9 2.86 2.74 1.54 2.3 3.98 3.54 3.98 3.26 1.44 3.64 3.88 3.12 2.36 3.6 2.8 3 3.16 1.28 2.4 3.52 3.64 3.76 3.92 2.12 1.4 2.8 3.32 1.96 3.76 3.68 3.76 1.96 3.32 2.8 1.4 2.12 3.92 3.76 3.64 3.52 2.4 1.28 3.16 3 2.8 3.6 2.36 3.12 3.88 3.64 1.44 3.26 3.98 3.54 3.98 2.3 1.54 2.74 2.86 1.9 0.9 0.9 0.9 
0.9 0.9 0.9 0.9 3.9 3.82 1.66 2.46 3.18 0.78 1.3 3.7 4 1.28 3.64 3 3.36 3.72 1.04 3.4 2.72 4.04 2.32 0.6 3.92 0.2 2.56 3.96 2.4 0.92 3.56 2.28 3.12 0.04 3.12 2.28 3.56 0.92 2.4 3.96 2.56 0.2 3.92 0.6 2.32 4.04 2.72 3.4 1.04 3.72 3.36 3 3.64 1.28 4 3.7 1.3 0.78 3.18 2.46 1.66 3.82 3.9 0.9 0.9 0.9 0.9 
0.9 0.9 0.9 0.9 1.9 1.86 3.78 3.62 3.38 3.06 3.66 3.14 0.56 4 1.44 3.92 0.36 2.84 0.28 2.76 0.2 3.68 3.12 3.56 3 2.44 1.92 0.44 3.04 3.68 0.36 2.16 2.04 3 2.04 2.16 0.36 3.68 3.04 0.44 1.92 2.44 3 3.56 3.12 3.68 0.2 2.76 0.28 2.84 0.36 3.92 1.44 4 0.56 3.14 3.66 3.06 3.38 3.62 3.78 1.86 1.9 0.9 0.9 0.9 0.9 
0.9 0.9 0.9 0.9 0.9 2.9 3.86 3.74 2.54 3.3 2.98 1.58 3.14 3.7 3.26 2.82 3.38 2.94 3.5 3.06 3.62 3.18 3.74 3.3 3.86 2.42 3.02 3.66 3.34 3.06 1.82 1.66 3.58 2.54 3.58 1.66 1.82 3.06 3.34 3.66 3.02 2.42 3.86 3.3 3.74 3.18 3.62 3.06 3.5 2.94 3.38 2.82 3.26 3.7 3.14 1.58 2.98 3.3 2.54 3.74 3.86 2.9 0.9 0.9 0.9 0.9 0.9 
0.9 0.9 0.9 0.9 0.9 0.9 3.9 3.82 0.66 3.5 2.26 2.98 3.66 1.3 3.98 2.62 2.26 2.9 2.54 2.18 1.82 1.46 0.1 3.78 1.42 3.1 1.78 1.5 2.26 3.06 3.9 3.78 3.7 1.66 3.7 3.78 3.9 3.06 2.26 1.5 1.78 3.1 1.42 3.78 0.1 1.46 1.82 2.18 2.54 2.9 2.26 2.62 3.98 1.3 3.66 2.98 2.26 3.5 0.66 3.82 3.9 0.9 0.9 0.9 0.9 0.9 0.9 
0.9 0.9 0.9 0.9 0.9 0.9 1.9 1.86 2.78 2.66 3.5 3.3 3.06 0.78 3.54 3.26 3.98 0.66 2.38 3.1 2.82 3.54 3.26 1.98 0.7 2.46 2.22 4.02 2.82 2.66 2.54 3.46 0.38 3.38 0.38 3.46 2.54 2.66 2.82 4.02 2.22 2.46 0.7 1.98 3.26 3.54 2.82 3.1 2.38 0.66 3.98 3.26 3.54 0.78 3.06 3.3 3.5 2.66 2.78 1.86 1.9 0.9 0.9 0.9 0.9 0.9 0.9 
0.9 0.9 0.9 0.9 0.9 0.9 0.9 2.9 2.86 2.78 0.66 2.54 3.38 3.18 3.98 0.74 3.54 3.3 3.06 0.82 3.62 0.38 2.18 2.98 3.78 3.58 2.38 3.22 2.06 1.94 1.86 3.82 2.78 3.78 2.78 3.82 1.86 1.94 2.06 3.22 2.38 3.58 3.78 2.98 2.18 0.38 3.62 0.82 3.06 3.3 3.54 0.74 3.98 3.18 3.38 2.54 0.66 2.78 2.86 2.9 0.9 0.9 0.9 0.9 0.9 0.9 0.9 
0.9 0.9 0.9 0.9 0.9 0.9 0.9 0.9 2.9 1.86 3.82 3.74 3.62 2.46 2.3 3.14 3.98 2.78 0.58 2.42 2.26 3.1 2.94 2.78 2.62 2.46 1.3 2.18 1.06 1.98 3.94 1.9 3.9 3.9 3.9 1.9 3.94 1.98 1.06 2.18 1.3 2.46 2.62 2.78 2.94 3.1 2.26 2.42 0.58 2.78 3.98 3.14 2.3 2.46 3.62 3.74 3.82 1.86 2.9 0.9 0.9 0.9 0.9 0.9 0.9 0.9 0.9 
0.9 0.9 0.9 0.9 0.9 0.9 0.9 0.9 0.9 1.9 3.9 3.86 3.78 1.66 1.54 1.42 3.3 1.14 3.02 2.9 3.78 3.66 3.54 3.42 3.3 3.18 2.06 3.98 3.9 1.82 1.78 3.78 3.78 3.78 3.78 3.78 1.78 1.82 3.9 3.98 2.06 3.18 3.3 3.42 3.54 3.66 3.78 2.9 3.02 1.14 3.3 1.42 1.54 1.66 3.78 3.86 3.9 1.9 0.9 0.9 0.9 0.9 0.9 0.9 0.9 0.9 0.9 
0.9 0.9 0.9 0.9 0.9 0.9 0.9 0.9 0.9 0.9 0.9 2.9 1.86 3.82 2.74 3.66 1.54 0.42 2.34 3.26 0.14 2.06 2.98 2.9 3.82 3.74 3.66 1.58 3.54 3.5 1.46 2.46 2.46 2.46 2.46 2.46 1.46 3.5 3.54 1.58 3.66 3.74 3.82 2.9 2.98 2.06 0.14 3.26 2.34 0.42 1.54 3.66 2.74 3.82 1.86 2.9 0.9 0.9 0.9 0.9 0.9 0.9 0.9 0.9 0.9 0.9 0.9 
0.9 0.9 0.9 0.9 0.9 0.9 0.9 0.9 0.9 0.9 0.9 0.9 1.9 3.9 2.86 3.82 2.74 2.66 0.58 3.54 3.46 2.38 0.3 3.26 0.18 2.14 3.1 3.06 1.02 3.02 4.02 4.02 4.02 4.02 4.02 4.02 4.02 3.02 1.02 3.06 3.1 2.14 0.18 3.26 0.3 2.38 3.46 3.54 0.58 2.66 2.74 3.82 2.86 3.9 1.9 0.9 0.9 0.9 0.9 0.9 0.9 0.9 0.9 0.9 0.9 0.9 0.9 
0.9 0.9 0.9 0.9 0.9 0.9 0.9 0.9 0.9 0.9 0.9 0.9 0.9 0.9 1.9 3.9 2.86 2.82 3.78 3.74 0.66 2.62 3.58 2.54 3.5 2.46 0.42 2.42 3.42 3.42 3.42 3.42 3.42 3.42 3.42 3.42 3.42 3.42 3.42 2.42 0.42 2.46 3.5 2.54 3.58 2.62 0.66 3.74 3.78 2.82 2.86 3.9 1.9 0.9 0.9 0.9 0.9 0.9 0.9 0.9 0.9 0.9 0.9 0.9 0.9 0.9 0.9 
0.9 0.9 0.9 0.9 0.9 0.9 0.9 0.9 0.9 0.9 0.9 0.9 0.9 0.9 0.9 0.9 1.9 3.9 0.86 3.86 2.82 2.78 0.74 3.74 0.7 2.7 3.7 3.7 3.7 3.7 3.7 3.7 3.7 3.7 3.7 3.7 3.7 3.7 3.7 3.7 3.7 2.7 0.7 3.74 0.74 2.78 2.82 3.86 0.86 3.9 1.9 0.9 0.9 0.9 0.9 0.9 0.9 0.9 0.9 0.9 0.9 0.9 0.9 0.9 0.9 0.9 0.9 
0.9 0.9 0.9 0.9 0.9 0.9 0.9 0.9 0.9 0.9 0.9 0.9 0.9 0.9 0.9 0.9 0.9 0.9 1.9 1.9 3.9 0.86 2.86 2.86 3.86 3.86 3.86 3.86 3.86 3.86 3.86 3.86 3.86 3.86 3.86 3.86 3.86 3.86 3.86 3.86 3.86 3.86 3.86 2.86 2.86 0.86 3.9 1.9 1.9 0.9 0.9 0.9 0.9 0.9 0.9 0.9 0.9 0.9 0.9 0.9 0.9 0.9 0.9 0.9 0.9 0.9 0.9 
0.9 0.9 0.9 0.9 0.9 0.9 0.9 0.9 0.9 0.9 0.9 0.9 0.9 0.9 0.9 0.9 0.9 0.9 0.9 0.9 0.9 1.9 1.9 1.9 1.9 1.9 1.9 1.9 1.9 1.9 1.9 1.9 1.9 1.9 1.9 1.9 1.9 1.9 1.9 1.9 1.9 1.9 1.9 1.9 1.9 1.9 0.9 0.9 0.9 0.9 0.9 0.9 0.9 0.9 0.9 0.9 0.9 0.9 0.9 0.9 0.9 0.9 0.9 0.9 0.9 0.9 0.9 
