1 1 1 1 1 1 1 1 1 1 1 1 1 1 1 1 1 1 1 1 2 2 3 3 4 4 4 4 4 4 4 4 4 4 4 4 4 4 4 4 4 4 4 3 3 2 2 1 1 1 1 1 1 1 1 1 1 1 1 1 1 1 1 1 1 1 1 
1 1 1 1 1 1 1 1 1 1 1 1 1 1 1 1 1 2 3 4 0.96 3.96 0.92 3.92 0.88 2.88 2.88 2.88 2.88 2.88 2.88 2.88 2.88 2.88 2.88 2.88 2.88 2.88 2.88 2.88 2.88 2.88 0.88 3.92 0.92 3.96 0.96 4 3 2 1 1 1 1 1 1 1 1 1 1 1 1 1 1 1 1 1 
1 1 1 1 1 1 1 1 1 1 1 1 1 1 1 2 4 2.96 0.92 3.92 3.88 2.84 3.8 2.76 2.72 0.68 2.68 3.68 3.68 3.68 3.68 3.68 3.68 3.68 3.68 3.68 3.68 3.68 3.68 3.68 2.68 0.68 2.72 2.76 3.8 2.84 3.88 3.92 0.92 2.96 4 2 1 1 1 1 1 1 1 1 1 1 1 1 1 1 1 
1 1 1 1 1 1 1 1 1 1 1 1 1 2 4 2.96 3.92 0.84 2.8 3.76 0.68 3.64 0.56 2.52 3.48 3.44 2.4 0.36 2.36 3.36 3.36 3.36 3.36 3.36 3.36 3.36 3.36 3.36 2.36 0.36 2.4 3.44 3.48 2.52 0.56 3.64 0.68 3.76 2.8 0.84 3.92 2.96 4 2 1 1 1 1 1 1 1 1 1 1 1 1 1 
1 1 1 1 1 1 1 1 1 1 1 2 4 2.96 3.92 2.84 2.76 3.68 2.6 2.52 3.44 2.36 3.28 2.2 0.12 2.08 3.04 4 3.96 1.92 3.92 3.92 3.92 3.92 3.92 3.92 3.92 1.92 3.96 4 3.04 2.08 0.12 2.2 3.28 2.36 3.44 2.52 2.6 3.68 2.76 2.84 3.92 2.96 4 2 1 1 1 1 1 1 1 1 1 1 1 
1 1 1 1 1 1 1 1 1 1 3 1.96 3.92 2.84 3.76 2.64 2.52 0.4 3.32 2.2 1.08 4 0.88 2.8 3.72 3.64 3.56 3.48 1.4 3.36 1.32 3.32 3.32 3.32 3.32 3.32 1.32 3.36 1.4 3.48 3.56 3.64 3.72 2.8 0.88 4 1.08 2.2 3.32 0.4 2.52 2.64 3.76 2.84 3.92 1.96 3 1 1 1 1 1 1 1 1 1 1 
1 1 1 1 1 1 1 1 2 4 3.96 3.88 1.76 2.64 3.52 1.36 0.2 3.08 3.96 2.8 1.64 2.52 3.4 3.28 3.16 3.04 2.92 0.8 2.72 1.64 3.6 2.56 3.56 3.56 3.56 2.56 3.6 1.64 2.72 0.8 2.92 3.04 3.16 3.28 3.4 2.52 1.64 2.8 3.96 3.08 0.2 1.36 3.52 2.64 1.76 3.88 3.96 4 2 1 1 1 1 1 1 1 1 
1 1 1 1 1 1 1 3 1.96 2.92 3.84 3.72 3.56 0.36 2.2 4.04 2.84 0.64 3.48 2.28 1.08 2.92 2.76 3.6 3.44 3.28 2.12 4 3.88 2.76 3.68 0.6 3.6 3.6 3.6 0.6 3.68 2.76 3.88 4 2.12 3.28 3.44 3.6 2.76 2.92 1.08 2.28 3.48 0.64 2.84 4.04 2.2 0.36 3.56 3.72 3.84 2.92 1.96 3 1 1 1 1 1 1 1 
1 1 1 1 1 1 2 1.96 0.88 3.8 0.64 2.48 3.28 3.04 0.8 3.6 2.36 3.12 2.88 2.64 3.4 1.16 3.96 0.72 2.52 3.32 2.12 3.96 3.8 2.64 2.52 2.44 2.4 3.4 2.4 2.44 2.52 2.64 3.8 3.96 2.12 3.32 2.52 0.72 3.96 1.16 3.4 2.64 2.88 3.12 2.36 3.6 0.8 3.04 3.28 2.48 0.64 3.8 0.88 1.96 2 1 1 1 1 1 1 
1 1 1 1 1 1 4 2.92 3.8 2.64 3.44 3.2 2.92 0.6 2.32 2.04 3.76 2.44 1.12 3.84 1.52 3.24 2.96 3.68 3.4 2.12 3.88 1.64 3.44 2.24 1.08 4 0.92 3.92 0.92 4 1.08 2.24 3.44 1.64 3.88 2.12 3.4 3.68 2.96 3.24 1.52 3.84 1.12 2.44 3.76 2.04 2.32 0.6 2.92 3.2 3.44 2.64 3.8 2.92 4 1 1 1 1 1 1 
1 1 1 1 1 3 3.96 3.84 0.64 3.44 2.16 2.84 3.48 2.08 3.72 3.36 4 2.6 1.2 3.84 1.44 3.08 3.72 3.36 3 1.64 2.32 4.04 2.76 3.52 2.32 3.2 3.12 1.08 3.12 3.2 2.32 3.52 2.76 4.04 2.32 1.64 3 3.36 3.72 3.08 1.44 3.84 1.2 2.6 4 3.36 3.72 2.08 3.48 2.84 2.16 3.44 0.64 3.84 3.96 3 1 1 1 1 1 
1 1 1 1 2 1.96 3.88 3.72 2.48 3.2 2.84 1.4 3.92 1.4 0.92 2.48 4.04 3.56 3.08 2.6 3.12 2.64 1.16 2.72 3.28 3.84 1.4 4.04 3.68 1.36 2.12 1.96 3.88 2.84 3.88 1.96 2.12 1.36 3.68 4.04 1.4 3.84 3.28 2.72 1.16 2.64 3.12 2.6 3.08 3.56 4.04 2.48 0.92 1.4 3.92 1.4 2.84 3.2 2.48 3.72 3.88 1.96 2 1 1 1 1 
1 1 1 1 4 3.92 1.76 3.56 3.28 2.92 3.48 3.92 3.2 3.56 2.96 3.4 3.84 0.24 3.68 2.08 1.48 1.88 1.28 2.72 3.16 3.6 1.04 3.56 0.08 3.72 1.4 3.2 3.08 4.04 3.08 3.2 1.4 3.72 0.08 3.56 1.04 3.6 3.16 2.72 1.28 1.88 1.48 2.08 3.68 0.24 3.84 3.4 2.96 3.56 3.2 3.92 3.48 2.92 3.28 3.56 1.76 3.92 4 1 1 1 1 
1 1 1 2 2.96 2.84 2.64 0.36 3.04 0.6 2.08 1.4 3.56 3.8 3.08 3.4 2.72 4.04 1.32 1.6 3.88 2.12 1.36 2.64 2.92 2.2 3.52 2.88 1.28 2.8 2.4 2.12 3.96 0.88 3.96 2.12 2.4 2.8 1.28 2.88 3.52 2.2 2.92 2.64 1.36 2.12 3.88 1.6 1.32 4.04 2.72 3.4 3.08 3.8 3.56 1.4 2.08 0.6 3.04 0.36 2.64 2.84 2.96 2 1 1 1 
1 1 1 4 3.92 3.76 3.52 2.2 0.8 2.32 3.72 0.92 2.96 3.08 2.24 3.44 2.64 3.84 4 3.12 1.2 3.28 1.32 2.4 3.48 2.56 1.68 3.88 2.12 2.48 1.96 3.6 2.36 2.28 2.36 3.6 1.96 2.48 2.12 3.88 1.68 2.56 3.48 2.4 1.32 3.28 1.2 3.12 4 3.84 2.64 3.44 2.24 3.08 2.96 0.92 3.72 2.32 0.8 2.2 3.52 3.76 3.92 4 1 1 1 
1 1 2 2.96 2.84 2.64 1.36 4.04 3.6 2.04 3.36 2.48 3.4 3.4 3.44 0.48 2.56 1.6 1.6 3.56 2.44 2.28 0.08 3.92 1.72 2.56 2.44 3.4 3.44 1.6 0.92 2.44 0.12 3.04 0.12 2.44 0.92 1.6 3.44 3.4 2.44 2.56 1.72 3.92 0.08 2.28 2.44 3.56 1.6 1.6 2.56 0.48 3.44 3.4 3.4 2.48 3.36 2.04 3.6 4.04 1.36 2.64 2.84 2.96 2 1 1 
1 1 4 3.92 2.76 2.52 0.2 2.84 2.36 3.76 4 4.04 3.84 2.72 2.64 2.56 2.48 3.36 3.16 2.88 3.52 2.08 3.6 2.08 1.56 3.08 3.64 3.28 1.04 4 2.12 2.48 2.08 2.96 2.08 2.48 2.12 4 1.04 3.28 3.64 3.08 1.56 2.08 3.6 2.08 3.52 2.88 3.16 3.36 2.48 2.56 2.64 2.72 3.84 4.04 4 3.76 2.36 2.84 0.2 2.52 2.76 3.92 4 1 1 
1 2 2.96 0.84 3.68 0.4 3.08 0.64 3.12 2.44 2.6 3.56 0.24 4.04 3.84 1.6 3.36 4.04 3.6 3.04 1.36 3.6 1.72 1.8 3.88 3.96 2.08 0.32 2.76 3.4 3.28 2.44 1.92 3.76 1.92 2.44 3.28 3.4 2.76 0.32 2.08 3.96 3.88 1.8 1.72 3.6 1.36 3.04 3.6 4.04 3.36 1.6 3.84 4.04 0.24 3.56 2.6 2.44 3.12 0.64 3.08 0.4 3.68 0.84 2.96 2 1 
1 3 0.92 2.8 2.6 3.32 3.96 3.48 2.88 1.12 1.2 3.08 3.68 1.32 4 1.6 3.16 3.6 2.88 3 3.96 3.76 2.4 2.96 3.48 2 1.6 3.36 3.32 0.52 3.08 4 3.32 2.08 3.32 4 3.08 0.52 3.32 3.36 1.6 2 3.48 2.96 2.4 3.76 3.96 3 2.88 3.6 3.16 1.6 4 1.32 3.68 3.08 1.2 1.12 2.88 3.48 3.96 3.32 2.6 2.8 0.92 3 1 
1 4 3.92 3.76 2.52 2.2 2.8 2.28 2.64 3.84 3.84 2.6 2.08 1.6 3.12 3.56 2.88 3.04 3 2.72 1.2 3.48 3.52 3.4 2.2 4.04 3.96 1.04 2.4 3.08 3.16 2.72 3.84 1.52 3.84 2.72 3.16 3.08 2.4 1.04 3.96 4.04 2.2 3.4 3.52 3.48 1.2 2.72 3 3.04 2.88 3.56 3.12 1.6 2.08 2.6 3.84 3.84 2.64 2.28 2.8 2.2 2.52 3.76 3.92 4 1 
2 0.96 3.88 0.68 3.44 1.08 1.64 1.08 3.4 1.52 1.44 3.12 1.48 3.88 1.2 2.44 3.52 1.36 3.96 1.2 1.12 3.72 2.96 3.96 2.84 1.76 0.8 3.08 2.64 3.6 1.04 0.12 2.96 3.56 2.96 0.12 1.04 3.6 2.64 3.08 0.8 1.76 2.84 3.96 2.96 3.72 1.12 1.2 3.96 1.36 3.52 2.44 1.2 3.88 1.48 3.12 1.44 1.52 3.4 1.08 1.64 1.08 3.44 0.68 3.88 0.96 2 
2 3.96 2.84 3.64 2.36 4 2.52 2.92 1.16 3.24 3.08 2.64 1.88 2.12 3.28 2.28 2.08 3.6 3.76 3.48 3.72 3.44 3.64 3.44 0.12 3.92 1.84 4.04 3.56 3.56 3.2 2.64 3.04 1.48 3.04 2.64 3.2 3.56 3.56 4.04 1.84 3.92 0.12 3.44 3.64 3.44 3.72 3.48 3.76 3.6 2.08 2.28 3.28 2.12 1.88 2.64 3.08 3.24 1.16 2.92 2.52 4 2.36 3.64 2.84 3.96 2 
3 0.92 3.8 0.56 3.28 0.88 3.4 2.76 3.96 2.96 3.72 1.16 1.28 1.36 1.32 0.08 3.6 1.72 2.4 3.52 2.96 3.64 2.48 1.6 3.76 3.08 2.6 3.4 2.56 0.28 3.84 3.4 1.2 0.44 1.2 3.4 3.84 0.28 2.56 3.4 2.6 3.08 3.76 1.6 2.48 3.64 2.96 3.52 2.4 1.72 3.6 0.08 1.32 1.36 1.28 1.16 3.72 2.96 3.96 2.76 3.4 0.88 3.28 0.56 3.8 0.92 3 
3 3.92 2.76 2.52 2.2 2.8 3.28 3.6 0.72 3.68 3.36 2.72 2.72 2.64 2.4 3.92 2.08 1.8 2.96 3.4 3.96 3.44 1.6 4.04 2.2 2.76 3.56 3.6 2 2.04 2.04 2.36 2.36 2.32 2.36 2.36 2.04 2.04 2 3.6 3.56 2.76 2.2 4.04 1.6 3.44 3.96 3.4 2.96 1.8 2.08 3.92 2.4 2.64 2.72 2.72 3.36 3.68 0.72 3.6 3.28 2.8 2.2 2.52 2.76 3.92 3 
4 0.88 2.72 3.48 0.12 3.72 3.16 3.44 2.52 3.4 3 3.28 3.16 2.92 3.48 1.72 1.56 3.88 3.48 2.2 2.84 0.12 3.76 2.2 0.4 4 3.72 2.56 1.68 3.44 3.28 3.8 3.6 1.12 3.6 3.8 3.28 3.44 1.68 2.56 3.72 4 0.4 2.2 3.76 0.12 2.84 2.2 3.48 3.88 1.56 1.72 3.48 2.92 3.16 3.28 3 3.4 2.52 3.44 3.16 3.72 0.12 3.48 2.72 0.88 4 
4 2.88 0.68 3.44 2.08 3.64 3.04 3.28 3.32 2.12 1.64 3.84 3.6 2.2 2.56 2.56 3.08 3.96 2 4.04 1.76 3.92 3.08 2.76 4 3.36 0.6 2.72 1.84 2.44 3.2 0.04 4.04 3.92 4.04 0.04 3.2 2.44 1.84 2.72 0.6 3.36 4 2.76 3.08 3.92 1.76 4.04 2 3.96 3.08 2.56 2.56 2.2 3.6 3.84 1.64 2.12 3.32 3.28 3.04 3.64 2.08 3.44 0.68 2.88 4 
4 2.88 2.68 2.4 3.04 3.56 2.92 2.12 2.12 3.88 2.32 1.4 1.04 3.52 1.68 2.44 3.64 2.08 1.6 3.96 0.8 1.84 2.6 3.56 3.72 0.6 2.96 3.64 1.8 4.04 1.32 3.16 3.24 2.04 3.24 3.16 1.32 4.04 1.8 3.64 2.96 0.6 3.72 3.56 2.6 1.84 0.8 3.96 1.6 2.08 3.64 2.44 1.68 3.52 1.04 1.4 2.32 3.88 2.12 2.12 2.92 3.56 3.04 2.4 2.68 2.88 4 
4 2.88 3.68 0.36 4 3.48 0.8 4 3.96 1.64 4.04 4.04 3.56 2.88 3.88 3.4 3.28 0.32 3.36 1.04 3.08 4.04 3.4 3.6 2.56 2.72 3.64 2.04 4.04 0.2 1.96 2.52 3.84 1.8 3.84 2.52 1.96 0.2 4.04 2.04 3.64 2.72 2.56 3.6 3.4 4.04 3.08 1.04 3.36 0.32 3.28 3.4 3.88 2.88 3.56 4.04 4.04 1.64 3.96 4 0.8 3.48 4 0.36 3.68 2.88 4 
4 2.88 3.68 2.36 3.96 1.4 2.72 3.88 3.8 3.44 2.76 3.68 0.08 1.28 2.12 3.44 1.04 2.76 3.32 2.4 2.64 3.56 2.56 2 1.68 1.84 1.8 4.04 3.36 2.24 3.32 3.84 3.92 1.48 3.92 3.84 3.32 2.24 3.36 4.04 1.8 1.84 1.68 2 2.56 3.56 2.64 2.4 3.32 2.76 1.04 3.44 2.12 1.28 0.08 3.68 2.76 3.44 3.8 3.88 2.72 1.4 3.96 2.36 3.68 2.88 4 
4 2.88 3.68 3.36 1.92 3.36 1.64 2.76 2.64 2.24 3.52 1.36 3.72 2.8 2.48 1.6 4 3.4 0.52 3.08 3.6 3.56 0.28 2.04 3.44 2.44 4.04 0.2 2.24 4 3.84 4 4.04 2.56 4.04 4 3.84 4 2.24 0.2 4.04 2.44 3.44 2.04 0.28 3.56 3.6 3.08 0.52 3.4 4 1.6 2.48 2.8 3.72 1.36 3.52 2.24 2.64 2.76 1.64 3.36 1.92 3.36 3.68 2.88 4 
4 2.88 3.68 3.36 3.92 1.32 3.6 3.68 2.52 1.08 2.32 2.12 1.4 2.4 1.96 0.92 2.12 3.28 3.08 3.16 1.04 3.2 3.84 2.04 3.28 3.2 1.32 1.96 3.32 3.84 1.36 2.76 3.68 2.12 3.68 2.76 1.36 3.84 3.32 1.96 1.32 3.2 3.28 2.04 3.84 3.2 1.04 3.16 3.08 3.28 2.12 0.92 1.96 2.4 1.4 2.12 2.32 1.08 2.52 3.68 3.6 1.32 3.92 3.36 3.68 2.88 4 
4 2.88 3.68 3.36 3.92 3.32 2.56 0.6 2.44 4 3.2 1.96 3.2 2.12 3.6 2.44 2.48 2.44 4 2.72 0.12 2.64 3.4 2.36 3.8 0.04 3.16 2.52 3.84 4 2.76 3.8 3.92 3.44 3.92 3.8 2.76 4 3.84 2.52 3.16 0.04 3.8 2.36 3.4 2.64 0.12 2.72 4 2.44 2.48 2.44 3.6 2.12 3.2 1.96 3.2 4 2.44 0.6 2.56 3.32 3.92 3.36 3.68 2.88 4 
4 2.88 3.68 3.36 3.92 3.32 3.56 3.6 2.4 0.92 3.12 3.88 3.08 3.96 2.36 0.12 2.08 1.92 3.32 3.84 2.96 3.04 1.2 2.36 3.6 4.04 3.24 3.84 3.92 4.04 3.68 3.92 3.92 3.68 3.92 3.92 3.68 4.04 3.92 3.84 3.24 4.04 3.6 2.36 1.2 3.04 2.96 3.84 3.32 1.92 2.08 0.12 2.36 3.96 3.08 3.88 3.12 0.92 2.4 3.6 3.56 3.32 3.92 3.36 3.68 2.88 4 
4 2.88 3.68 3.36 3.92 3.32 3.56 3.6 3.4 3.92 1.08 2.84 4.04 0.88 2.28 3.04 2.96 3.76 2.08 1.52 3.56 1.48 0.44 2.32 1.12 3.92 2.04 1.8 1.48 2.56 2.12 3.44 3.68 1.64 3.68 3.44 2.12 2.56 1.48 1.8 2.04 3.92 1.12 2.32 0.44 1.48 3.56 1.52 2.08 3.76 2.96 3.04 2.28 0.88 4.04 2.84 1.08 3.92 3.4 3.6 3.56 3.32 3.92 3.36 3.68 2.88 4 
4 2.88 3.68 3.36 3.92 3.32 3.56 3.6 2.4 0.92 3.12 3.88 3.08 3.96 2.36 0.12 2.08 1.92 3.32 3.84 2.96 3.04 1.2 2.36 3.6 4.04 3.24 3.84 3.92 4.04 3.68 3.92 3.92 3.68 3.92 3.92 3.68 4.04 3.92 3.84 3.24 4.04 3.6 2.36 1.2 3.04 2.96 3.84 3.32 1.92 2.08 0.12 2.36 3.96 3.08 3.88 3.12 0.92 2.4 3.6 3.56 3.32 3.92 3.36 3.68 2.88 4 
4 2.88 3.68 3.36 3.92 3.32 2.56 0.6 2.44 4 3.2 1.96 3.2 2.12 3.6 2.44 2.48 2.44 4 2.72 0.12 2.64 3.4 2.36 3.8 0.04 3.16 2.52 3.84 4 2.76 3.8 3.92 3.44 3.92 3.8 2.76 4 3.84 2.52 3.16 0.04 3.8 2.36 3.4 2.64 0.12 2.72 4 2.44 2.48 2.44 3.6 2.12 3.2 1.96 3.2 4 2.44 0.6 2.56 3.32 3.92 3.36 3.68 2.88 4 
4 2.88 3.68 3.36 3.92 1.32 3.6 3.68 2.52 1.08 2.32 2.12 1.4 2.4 1.96 0.92 2.12 3.28 3.08 3.16 1.04 3.2 3.84 2.04 3.28 3.2 1.32 1.96 3.32 3.84 1.36 2.76 3.68 2.12 3.68 2.76 1.36 3.84 3.32 1.96 1.32 3.2 3.28 2.04 3.84 3.2 1.04 3.16 3.08 3.28 2.12 0.92 1.96 2.4 1.4 2.12 2.32 1.08 2.52 3.68 3.6 1.32 3.92 3.36 3.68 2.88 4 
4 2.88 3.68 3.36 1.92 3.36 1.64 2.76 2.64 2.24 3.52 1.36 3.72 2.8 2.48 1.6 4 3.4 0.52 3.08 3.6 3.56 0.28 2.04 3.44 2.44 4.04 0.2 2.24 4 3.84 4 4.04 2.56 4.04 4 3.84 4 2.24 0.2 4.04 2.44 3.44 2.04 0.28 3.56 3.6 3.08 0.52 3.4 4 1.6 2.48 2.8 3.72 1.36 3.52 2.24 2.64 2.76 1.64 3.36 1.92 3.36 3.68 2.88 4 
4 2.88 3.68 2.36 3.96 1.4 2.72 3.88 3.8 3.44 2.76 3.68 0.08 1.28 2.12 3.44 1.04 2.76 3.32 2.4 2.64 3.56 2.56 2 1.68 1.84 1.8 4.04 3.36 2.24 3.32 3.84 3.92 1.48 3.92 3.84 3.32 2.24 3.36 4.04 1.8 1.84 1.68 2 2.56 3.56 2.64 2.4 3.32 2.76 1.04 3.44 2.12 1.28 0.08 3.68 2.76 3.44 3.8 3.88 2.72 1.4 3.96 2.36 3.68 2.88 4 
4 2.88 3.68 0.36 4 3.48 0.8 4 3.96 1.64 4.04 4.04 3.56 2.88 3.88 3.4 3.28 0.32 3.36 1.04 3.08 4.04 3.4 3.6 2.56 2.72 3.64 2.04 4.04 0.2 1.96 2.52 3.84 1.8 3.84 2.52 1.96 0.2 4.04 2.04 3.64 2.72 2.56 3.6 3.4 4.04 3.08 1.04 3.36 0.32 3.28 3.4 3.88 2.88 3.56 4.04 4.04 1.64 3.96 4 0.8 3.48 4 0.36 3.68 2.88 4 
4 2.88 2.68 2.4 3.04 3.56 2.92 2.12 2.12 3.88 2.32 1.4 1.04 3.52 1.68 2.44 3.64 2.08 1.6 3.96 0.8 1.84 2.6 3.56 3.72 0.6 2.96 3.64 1.8 4.04 1.32 3.16 3.24 2.04 3.24 3.16 1.32 4.04 1.8 3.64 2.96 0.6 3.72 3.56 2.6 1.84 0.8 3.96 1.6 2.08 3.64 2.44 1.68 3.52 1.04 1.4 2.32 3.88 2.12 2.12 2.92 3.56 3.04 2.4 2.68 2.88 4 
4 2.88 0.68 3.44 2.08 3.64 3.04 3.28 3.32 2.12 1.64 3.84 3.6 2.2 2.56 2.56 3.08 3.96 2 4.04 1.76 3.92 3.08 2.76 4 3.36 0.6 2.72 1.84 2.44 3.2 0.04 4.04 3.92 4.04 0.04 3.2 2.44 1.84 2.72 0.6 3.36 4 2.76 3.08 3.92 1.76 4.04 2 3.96 3.08 2.56 2.56 2.2 3.6 3.84 1.64 2.12 3.32 3.28 3.04 3.64 2.08 3.44 0.68 2.88 4 
4 0.88 2.72 3.48 0.12 3.72 3.16 3.44 2.52 3.4 3 3.28 3.16 2.92 3.48 1.72 1.56 3.88 3.48 2.2 2.84 0.12 3.76 2.2 0.4 4 3.72 2.56 1.68 3.44 3.28 3.8 3.6 1.12 3.6 3.8 3.28 3.44 1.68 2.56 3.72 4 0.4 2.2 3.76 0.12 2.84 2.2 3.48 3.88 1.56 1.72 3.48 2.92 3.16 3.28 3 3.4 2.52 3.44 3.16 3.72 0.12 3.48 2.72 0.88 4 
3 3.92 2.76 2.52 2.2 2.8 3.28 3.6 0.72 3.68 3.36 2.72 2.72 2.64 2.4 3.92 2.08 1.8 2.96 3.4 3.96 3.44 1.6 4.04 2.2 2.76 3.56 3.6 2 2.04 2.04 2.36 2.36 2.32 2.36 2.36 2.04 2.04 2 3.6 3.56 2.76 2.2 4.04 1.6 3.44 3.96 3.4 2.96 1.8 2.08 3.92 2.4 2.64 2.72 2.72 3.36 3.68 0.72 3.6 3.28 2.8 2.2 2.52 2.76 3.92 3 
3 0.92 3.8 0.56 3.28 0.88 3.4 2.76 3.96 2.96 3.72 1.16 1.28 1.36 1.32 0.08 3.6 1.72 2.4 3.52 2.96 3.64 2.48 1.6 3.76 3.08 2.6 3.4 2.56 0.28 3.84 3.4 1.2 0.44 1.2 3.4 3.84 0.28 2.56 3.4 2.6 3.08 3.76 1.6 2.48 3.64 2.96 3.52 2.4 1.72 3.6 0.08 1.32 1.36 1.28 1.16 3.72 2.96 3.96 2.76 3.4 0.88 3.28 0.56 3.8 0.92 3 
2 3.96 2.84 3.64 2.36 4 2.52 2.92 1.16 3.24 3.08 2.64 1.88 2.12 3.28 2.28 2.08 3.6 3.76 3.48 3.72 3.44 3.64 3.44 0.12 3.92 1.84 4.04 3.56 3.56 3.2 2.64 3.04 1.48 3.04 2.64 3.2 3.56 3.56 4.04 1.84 3.92 0.12 3.44 3.64 3.44 3.72 3.48 3.76 3.6 2.08 2.28 3.28 2.12 1.88 2.64 3.08 3.24 1.16 2.92 2.52 4 2.36 3.64 2.84 3.96 2 
2 0.96 3.88 0.68 3.44 1.08 1.64 1.08 3.4 1.52 1.44 3.12 1.48 3.88 1.2 2.44 3.52 1.36 3.96 1.2 1.12 3.72 2.96 3.96 2.84 1.76 0.8 3.08 2.64 3.6 1.04 0.12 2.96 3.56 2.96 0.12 1.04 3.6 2.64 3.08 0.8 1.76 2.84 3.96 2.96 3.72 1.12 1.2 3.96 1.36 3.52 2.44 1.2 3.88 1.48 3.12 1.44 1.52 3.4 1.08 1.64 1.08 3.44 0.68 3.88 0.96 2 
1 4 3.92 3.76 2.52 2.2 2.8 2.28 2.64 3.84 3.84 2.6 2.08 1.6 3.12 3.56 2.88 3.04 3 2.72 1.2 3.48 3.52 3.4 2.2 4.04 3.96 1.04 2.4 3.08 3.16 2.72 3.84 1.52 3.84 2.72 3.16 3.08 2.4 1.04 3.96 4.04 2.2 3.4 3.52 3.48 1.2 2.72 3 3.04 2.88 3.56 3.12 1.6 2.08 2.6 3.84 3.84 2.64 2.28 2.8 2.2 2.52 3.76 3.92 4 1 
1 3 0.92 2.8 2.6 3.32 3.96 3.48 2.88 1.12 1.2 3.08 3.68 1.32 4 1.6 3.16 3.6 2.88 3 3.96 3.76 2.4 2.96 3.48 2 1.6 3.36 3.32 0.52 3.08 4 3.32 2.08 3.32 4 3.08 0.52 3.32 3.36 1.6 2 3.48 2.96 2.4 3.76 3.96 3 2.88 3.6 3.16 1.6 4 1.32 3.68 3.08 1.2 1.12 2.88 3.48 3.96 3.32 2.6 2.8 0.92 3 1 
1 2 2.96 0.84 3.68 0.4 3.08 0.64 3.12 2.44 2.6 3.56 0.24 4.04 3.84 1.6 3.36 4.04 3.6 3.04 1.36 3.6 1.72 1.8 3.88 3.96 2.08 0.32 2.76 3.4 3.28 2.44 1.92 3.76 1.92 2.44 3.28 3.4 2.76 0.32 2.08 3.96 3.88 1.8 1.72 3.6 1.36 3.04 3.6 4.04 3.36 1.6 3.84 4.04 0.24 3.56 2.6 2.44 3.12 0.64 3.08 0.4 3.68 0.84 2.96 2 1 
1 1 4 3.92 2.76 2.52 0.2 2.84 2.36 3.76 4 4.04 3.84 2.72 2.64 2.56 2.48 3.36 3.16 2.88 3.52 2.08 3.6 2.08 1.56 3.08 3.64 3.28 1.04 4 2.12 2.48 2.08 2.96 2.08 2.48 2.12 4 1.04 3.28 3.64 3.08 1.56 2.08 3.6 2.08 3.52 2.88 3.16 3.36 2.48 2.56 2.64 2.72 3.84 4.04 4 3.76 2.36 2.84 0.2 2.52 2.76 3.92 4 1 1 
1 1 2 2.96 2.84 2.64 1.36 4.04 3.6 2.04 3.36 2.48 3.4 3.4 3.44 0.48 2.56 1.6 1.6 3.56 2.44 2.28 0.08 3.92 1.72 2.56 2.44 3.4 3.44 1.6 0.92 2.44 0.12 3.04 0.12 2.44 0.92 1.6 3.44 3.4 2.44 2.56 1.72 3.92 0.08 2.28 2.44 3.56 1.6 1.6 2.56 0.48 3.44 3.4 3.4 2.48 3.36 2.04 3.6 4.04 1.36 2.64 2.84 2.96 2 1 1 
1 1 1 4 3.92 3.76 3.52 2.2 0.8 2.32 3.72 0.92 2.96 3.08 2.24 3.44 2.64 3.84 4 3.12 1.2 3.28 1.32 2.4 3.48 2.56 1.68 3.88 2.12 2.48 1.96 3.6 2.36 2.28 2.36 3.6 1.96 2.48 2.12 3.88 1.68 2.56 3.48 2.4 1.32 3.28 1.2 3.12 4 3.84 2.64 3.44 2.24 3.08 2.96 0.92 3.72 2.32 0.8 2.2 3.52 3.76 3.92 4 1 1 1 
1 1 1 2 2.96 2.84 2.64 0.36 3.04 0.6 2.08 1.4 3.56 3.8 3.08 3.4 2.72 4.04 1.32 1.6 3.88 2.12 1.36 2.64 2.92 2.2 3.52 2.88 1.28 2.8 2.4 2.12 3.96 0.88 3.96 2.12 2.4 2.8 1.28 2.88 3.52 2.2 2.92 2.64 1.36 2.12 3.88 1.6 1.32 4.04 2.72 3.4 3.08 3.8 3.56 1.4 2.08 0.6 3.04 0.36 2.64 2.84 2.96 2 1 1 1 
1 1 1 1 4 3.92 1.76 3.56 3.28 2.92 3.48 3.92 3.2 3.56 2.96 3.4 3.84 0.24 3.68 2.08 1.48 1.88 1.28 2.72 3.16 3.6 1.04 3.56 0.08 3.72 1.4 3.2 3.08 4.04 3.08 3.2 1.4 3.72 0.08 3.56 1.04 3.6 3.16 2.72 1.28 1.88 1.48 2.08 3.68 0.24 3.84 3.4 2.96 3.56 3.2 3.92 3.48 2.92 3.28 3.56 1.76 3.92 4 1 1 1 1 
1 1 1 1 2 1.96 3.88 3.72 2.48 3.2 2.84 1.4 3.92 1.4 0.92 2.48 4.04 3.56 3.08 2.6 3.12 2.64 1.16 2.72 3.28 3.84 1.4 4.04 3.68 1.36 2.12 1.96 3.88 2.84 3.88 1.96 2.12 1.36 3.68 4.04 1.4 3.84 3.28 2.72 1.16 2.64 3.12 2.6 3.08 3.56 4.04 2.48 0.92 1.4 3.92 1.4 2.84 3.2 2.48 3.72 3.88 1.96 2 1 1 1 1 
1 1 1 1 1 3 3.96 3.84 0.64 3.44 2.16 2.84 3.48 2.08 3.72 3.36 4 2.6 1.2 3.84 1.44 3.08 3.72 3.36 3 1.64 2.32 4.04 2.76 3.52 2.32 3.2 3.12 1.08 3.12 3.2 2.32 3.52 2.76 4.04 2.32 1.64 3 3.36 3.72 3.08 1.44 3.84 1.2 2.6 4 3.36 3.72 2.08 3.48 2.84 2.16 3.44 0.64 3.84 3.96 3 1 1 1 1 1 
1 1 1 1 1 1 4 2.92 3.8 2.64 3.44 3.2 2.92 0.6 2.32 2.04 3.76 2.44 1.12 3.84 1.52 3.24 2.96 3.68 3.4 2.12 3.88 1.64 3.44 2.24 1.08 4 0.92 3.92 0.92 4 1.08 2.24 3.44 1.64 3.88 2.12 3.4 3.68 2.96 3.24 1.52 3.84 1.12 2.44 3.76 2.04 2.32 0.6 2.92 3.2 3.44 2.64 3.8 2.92 4 1 1 1 1 1 1 
1 1 1 1 1 1 2 1.96 0.88 3.8 0.64 2.48 3.28 3.04 0.8 3.6 2.36 3.12 2.88 2.64 3.4 1.16 3.96 0.72 2.52 3.32 2.12 3.96 3.8 2.64 2.52 2.44 2.4 3.4 2.4 2.44 2.52 2.64 3.8 3.96 2.12 3.32 2.52 0.72 3.96 1.16 3.4 2.64 2.88 3.12 2.36 3.6 0.8 3.04 3.28 2.48 0.64 3.8 0.88 1.96 2 1 1 1 1 1 1 
1 1 1 1 1 1 1 3 1.96 2.92 3.84 3.72 3.56 0.36 2.2 4.04 2.84 0.64 3.48 2.28 1.08 2.92 2.76 3.6 3.44 3.28 2.12 4 3.88 2.76 3.68 0.6 3.6 3.6 3.6 0.6 3.68 2.76 3.88 4 2.12 3.28 3.44 3.6 2.76 2.92 1.08 2.28 3.48 0.64 2.84 4.04 2.2 0.36 3.56 3.72 3.84 2.92 1.96 3 1 1 1 1 1 1 1 
1 1 1 1 1 1 1 1 2 4 3.96 3.88 1.76 2.64 3.52 1.36 0.2 3.08 3.96 2.8 1.64 2.52 3.4 3.28 3.16 3.04 2.92 0.8 2.72 1.64 3.6 2.56 3.56 3.56 3.56 2.56 3.6 1.64 2.72 0.8 2.92 3.04 3.16 3.28 3.4 2.52 1.64 2.8 3.96 3.08 0.2 1.36 3.52 2.64 1.76 3.88 3.96 4 2 1 1 1 1 1 1 1 1 
1 1 1 1 1 1 1 1 1 1 3 1.96 3.92 2.84 3.76 2.64 2.52 0.4 3.32 2.2 1.08 4 0.88 2.8 3.72 3.64 3.56 3.48 1.4 3.36 1.32 3.32 3.32 3.32 3.32 3.32 1.32 3.36 1.4 3.48 3.56 3.64 3.72 2.8 0.88 4 1.08 2.2 3.32 0.4 2.52 2.64 3.76 2.84 3.92 1.96 3 1 1 1 1 1 1 1 1 1 1 
1 1 1 1 1 1 1 1 1 1 1 2 4 2.96 3.92 2.84 2.76 3.68 2.6 2.52 3.44 2.36 3.28 2.2 0.12 2.08 3.04 4 3.96 1.92 3.92 3.92 3.92 3.92 3.92 3.92 3.92 1.92 3.96 4 3.04 2.08 0.12 2.2 3.28 2.36 3.44 2.52 2.6 3.68 2.76 2.84 3.92 2.96 4 2 1 1 1 1 1 1 1 1 1 1 1 
1 1 1 1 1 1 1 1 1 1 1 1 1 2 4 2.96 3.92 0.84 2.8 3.76 0.68 3.64 0.56 2.52 3.48 3.44 2.4 0.36 2.36 3.36 3.36 3.36 3.36 3.36 3.36 3.36 3.36 3.36 2.36 0.36 2.4 3.44 3.48 2.52 0.56 3.64 0.68 3.76 2.8 0.84 3.92 2.96 4 2 1 1 1 1 1 1 1 1 1 1 1 1 1 
1 1 1 1 1 1 1 1 1 1 1 1 1 1 1 2 4 2.96 0.92 3.92 3.88 2.84 3.8 2.76 2.72 0.68 2.68 3.68 3.68 3.68 3.68 3.68 3.68 3.68 3.68 3.68 3.68 3.68 3.68 3.68 2.68 0.68 2.72 2.76 3.8 2.84 3.88 3.92 0.92 2.96 4 2 1 1 1 1 1 1 1 1 1 1 1 1 1 1 1 
1 1 1 1 1 1 1 1 1 1 1 1 1 1 1 1 1 2 3 4 0.96 3.96 0.92 3.92 0.88 2.88 2.88 2.88 2.88 2.88 2.88 2.88 2.88 2.88 2.88 2.88 2.88 2.88 2.88 2.88 2.88 2.88 0.88 3.92 0.92 3.96 0.96 4 3 2 1 1 1 1 1 1 1 1 1 1 1 1 1 1 1 1 1 
1 1 1 1 1 1 1 1 1 1 1 1 1 1 1 1 1 1 1 1 2 2 3 3 4 4 4 4 4 4 4 4 4 4 4 4 4 4 4 4 4 4 4 3 3 2 2 1 1 1 1 1 1 1 1 1 1 1 1 1 1 1 1 1 1 1 1 
