2 2 2 2 2 2 2 2 2 2 2 2 2 2 2 2 2 3 3 3 4 4 4 4 4 4 4 4 4 4 4 4 4 4 4 4 4 4 4 4 4 4 4 4 4 4 4 4 4 4 4 4 4 4 4 4 4 4 4 4 4 4 4 3 3 3 2 2 2 2 2 2 2 2 2 2 2 2 2 2 2 2 2 
2 2 2 2 2 2 2 2 2 2 2 2 2 2 2 3 4 0.96 2.96 3.96 0.92 2.92 2.92 2.92 2.92 2.92 2.92 2.92 2.92 2.92 2.92 2.92 2.92 2.92 2.92 2.92 2.92 2.92 2.92 2.92 2.92 2.92 2.92 2.92 2.92 2.92 2.92 2.92 2.92 2.92 2.92 2.92 2.92 2.92 2.92 2.92 2.92 2.92 2.92 2.92 2.92 2.92 0.92 3.96 2.96 0.96 4 3 2 2 2 2 2 2 2 2 2 2 2 2 2 2 2 
2 2 2 2 2 2 2 2 2 2 2 2 2 2 4 0.96 3.96 2.92 0.88 3.88 2.84 0.8 2.8 3.8 3.8 3.8 3.8 3.8 3.8 3.8 3.8 3.8 3.8 3.8 3.8 3.8 3.8 3.8 3.8 3.8 3.8 3.8 3.8 3.8 3.8 3.8 3.8 3.8 3.8 3.8 3.8 3.8 3.8 3.8 3.8 3.8 3.8 3.8 3.8 3.8 2.8 0.8 2.84 3.88 0.88 2.92 3.96 0.96 4 2 2 2 2 2 2 2 2 2 2 2 2 2 2 
2 2 2 2 2 2 2 2 2 2 2 2 2 4 2.96 2.92 2.88 2.84 3.8 2.76 3.72 3.68 2.64 0.6 2.6 2.6 3.6 3.6 3.6 3.6 3.6 3.6 3.6 3.6 3.6 3.6 3.6 3.6 3.6 3.6 3.6 3.6 3.6 3.6 3.6 3.6 3.6 3.6 3.6 3.6 3.6 3.6 3.6 3.6 3.6 3.6 3.6 2.6 2.6 0.6 2.64 3.68 3.72 2.76 3.8 2.84 2.88 2.92 2.96 4 2 2 2 2 2 2 2 2 2 2 2 2 2 
2 2 2 2 2 2 2 2 2 2 2 2 4 3.96 0.88 3.84 0.76 3.72 0.64 3.6 0.52 2.48 2.44 2.4 0.36 3.36 0.32 2.32 2.32 3.32 3.32 3.32 3.32 3.32 3.32 3.32 3.32 3.32 3.32 3.32 3.32 3.32 3.32 3.32 3.32 3.32 3.32 3.32 3.32 3.32 3.32 3.32 3.32 3.32 2.32 2.32 0.32 3.36 0.36 2.4 2.44 2.48 0.52 3.6 0.64 3.72 0.76 3.84 0.88 3.96 4 2 2 2 2 2 2 2 2 2 2 2 2 
2 2 2 2 2 2 2 2 2 2 2 4 3.96 2.88 3.8 2.72 3.64 2.56 3.48 2.4 2.32 0.24 2.2 3.16 3.12 3.08 3.04 1 4 0.96 2.96 3.96 3.96 3.96 3.96 3.96 3.96 3.96 3.96 3.96 3.96 3.96 3.96 3.96 3.96 3.96 3.96 3.96 3.96 3.96 3.96 3.96 2.96 0.96 4 1 3.04 3.08 3.12 3.16 2.2 0.24 2.32 2.4 3.48 2.56 3.64 2.72 3.8 2.88 3.96 4 2 2 2 2 2 2 2 2 2 2 2 
2 2 2 2 2 2 2 2 2 2 4 3.96 3.88 2.76 0.64 3.56 0.44 3.36 0.24 2.16 3.08 4 2.92 0.84 3.8 0.72 2.68 3.64 3.6 3.56 2.52 0.48 2.48 3.48 3.48 3.48 3.48 3.48 3.48 3.48 3.48 3.48 3.48 3.48 3.48 3.48 3.48 3.48 3.48 3.48 2.48 0.48 2.52 3.56 3.6 3.64 2.68 0.72 3.8 0.84 2.92 4 3.08 2.16 0.24 3.36 0.44 3.56 0.64 2.76 3.88 3.96 4 2 2 2 2 2 2 2 2 2 2 
2 2 2 2 2 2 2 2 2 4 3.96 3.88 3.76 0.6 2.48 2.36 3.24 3.12 4 3.88 3.76 1.64 3.56 3.48 3.4 3.32 3.24 2.16 0.08 2.04 3 3.96 2.92 0.88 2.88 3.88 3.88 3.88 3.88 3.88 3.88 3.88 3.88 3.88 3.88 3.88 3.88 3.88 2.88 0.88 2.92 3.96 3 2.04 0.08 2.16 3.24 3.32 3.4 3.48 3.56 1.64 3.76 3.88 4 3.12 3.24 2.36 2.48 0.6 3.76 3.88 3.96 4 2 2 2 2 2 2 2 2 2 
2 2 2 2 2 2 2 2 4 3.96 3.88 3.76 2.6 3.44 3.28 3.12 2.96 2.8 2.64 2.48 0.32 2.2 1.08 4 0.88 3.8 0.68 2.6 3.52 3.44 2.36 0.28 2.24 3.2 3.16 1.12 3.12 3.12 3.12 3.12 3.12 3.12 3.12 3.12 3.12 3.12 3.12 1.12 3.16 3.2 2.24 0.28 2.36 3.44 3.52 2.6 0.68 3.8 0.88 4 1.08 2.2 0.32 2.48 2.64 2.8 2.96 3.12 3.28 3.44 2.6 3.76 3.88 3.96 4 2 2 2 2 2 2 2 2 
2 2 2 2 2 2 2 4 3.96 3.88 3.76 3.6 2.4 2.2 3 3.8 3.6 3.4 3.2 2 3.84 3.68 1.52 2.4 3.28 3.16 4.04 3.92 2.8 0.68 2.6 3.52 3.44 3.36 1.28 3.24 1.2 3.2 3.2 3.2 3.2 3.2 3.2 3.2 3.2 3.2 1.2 3.24 1.28 3.36 3.44 3.52 2.6 0.68 2.8 3.92 4.04 3.16 3.28 2.4 1.52 3.68 3.84 2 3.2 3.4 3.6 3.8 3 2.2 2.4 3.6 3.76 3.88 3.96 4 2 2 2 2 2 2 2 
2 2 2 2 2 2 4 3.96 3.88 3.76 3.6 3.4 2.16 3.92 2.64 0.36 2.12 2.88 3.64 2.4 3.2 2 3.84 3.68 3.52 3.36 3.2 1.04 2.92 3.8 3.68 3.56 3.44 1.32 3.24 1.16 3.12 1.08 3.08 3.08 3.08 3.08 3.08 3.08 3.08 1.08 3.12 1.16 3.24 1.32 3.44 3.56 3.68 3.8 2.92 1.04 3.2 3.36 3.52 3.68 3.84 2 3.2 2.4 3.64 2.88 2.12 0.36 2.64 3.92 2.16 3.4 3.6 3.76 3.88 3.96 4 2 2 2 2 2 2 
2 2 2 2 2 4 3.96 3.88 3.76 3.6 3.4 3.16 3.88 3.56 1.2 3.88 3.56 3.24 1.92 1.64 3.4 2.16 3.96 3.76 3.56 3.36 2.16 4 3.84 3.68 3.52 3.36 1.2 3.08 1.96 3.88 1.8 3.76 2.72 3.72 3.72 3.72 3.72 3.72 2.72 3.76 1.8 3.88 1.96 3.08 1.2 3.36 3.52 3.68 3.84 4 2.16 3.36 3.56 3.76 3.96 2.16 3.4 1.64 1.92 3.24 3.56 3.88 1.2 3.56 3.88 3.16 3.4 3.6 3.76 3.88 3.96 4 2 2 2 2 2 
2 2 2 2 4 3.96 3.88 3.76 2.6 2.4 2.16 3.88 2.52 2.12 1.68 1.24 2.84 3.44 1.04 3.72 2.4 3.12 0.84 2.6 2.36 3.12 1.88 2.68 2.48 2.28 2.08 0.88 2.72 2.56 1.4 1.28 3.2 3.12 0.04 3.04 4.04 4.04 4.04 3.04 0.04 3.12 3.2 1.28 1.4 2.56 2.72 0.88 2.08 2.28 2.48 2.68 1.88 3.12 2.36 2.6 0.84 3.12 2.4 3.72 1.04 3.44 2.84 1.24 1.68 2.12 2.52 3.88 2.16 2.4 2.6 3.76 3.88 3.96 4 2 2 2 2 
2 2 2 4 3.96 2.88 2.76 0.6 3.44 2.2 3.92 3.56 2.12 3.64 3.08 0.48 3.96 2.44 0.96 3.56 1.16 3.84 3.52 1.2 3.92 0.6 1.32 3.08 3.84 3.6 3.36 2.12 3.92 3.72 2.52 2.36 3.24 2.12 3.04 4 2.96 3.96 2.96 4 3.04 2.12 3.24 2.36 2.52 3.72 3.92 2.12 3.36 3.6 3.84 3.08 1.32 0.6 3.92 1.2 3.52 3.84 1.16 3.56 0.96 2.44 3.96 0.48 3.08 3.64 2.12 3.56 3.92 2.2 3.44 0.6 2.76 2.88 3.96 4 2 2 2 
2 2 4 2.96 0.88 3.8 0.64 2.48 3.28 3 2.64 1.2 1.68 3.08 2.36 2.56 2.84 2.2 3.64 2.12 0.64 1.24 2.88 3.52 3.16 3.8 2.44 3.12 0.8 2.52 3.24 3.96 1.68 3.44 3.2 3 3.84 2.68 2.56 3.48 0.4 3.4 0.4 3.48 2.56 2.68 3.84 3 3.2 3.44 1.68 3.96 3.24 2.52 0.8 3.12 2.44 3.8 3.16 3.52 2.88 1.24 0.64 2.12 3.64 2.2 2.84 2.56 2.36 3.08 1.68 1.2 2.64 3 3.28 2.48 0.64 3.8 0.88 2.96 4 2 2 
2 3 0.96 2.92 3.84 2.72 3.56 2.36 3.12 3.8 0.36 3.88 1.24 0.48 2.56 2.36 0.4 3.64 2.96 3.36 1.8 3.32 3.88 3.44 3 2.56 1.12 0.72 3.36 4 3.64 2.28 3.96 3.64 0.32 2.08 3.88 2.68 2.52 2.4 2.32 0.28 2.32 2.4 2.52 2.68 3.88 2.08 0.32 3.64 3.96 2.28 3.64 4 3.36 0.72 1.12 2.56 3 3.44 3.88 3.32 1.8 3.36 2.96 3.64 0.4 2.36 2.56 0.48 1.24 3.88 0.36 3.8 3.12 2.36 3.56 2.72 3.84 2.92 0.96 3 2 
2 4 3.96 2.88 0.76 3.64 0.44 3.24 2.96 3.6 2.12 3.56 2.84 3.96 2.84 0.4 2.28 3.36 2.56 3.88 3.24 0.64 3.12 3.6 3.08 2.56 2.04 3.56 3.08 0.6 2.16 1.72 3.32 2.92 3.56 3.24 2.96 3.72 3.52 1.36 3.28 2.24 3.28 1.36 3.52 3.72 2.96 3.24 3.56 2.92 3.32 1.72 2.16 0.6 3.08 3.56 2.04 2.56 3.08 3.6 3.12 0.64 3.24 3.88 2.56 3.36 2.28 0.4 2.84 3.96 2.84 3.56 2.12 3.6 2.96 3.24 0.44 3.64 0.76 2.88 3.96 4 2 
3 0.96 2.92 2.84 3.72 2.56 3.36 3.12 2.8 3.4 2.88 3.24 3.44 2.44 2.2 3.64 3.36 2.28 0.36 3.6 3.88 3.2 3.56 0.92 2.32 3.72 1.08 2.48 0.88 3.32 3.76 3.2 3.68 1.16 2.72 3.32 2.96 1.64 1.4 3.24 1.12 1.08 1.12 3.24 1.4 1.64 2.96 3.32 2.72 1.16 3.68 3.2 3.76 3.32 0.88 2.48 1.08 3.72 2.32 0.92 3.56 3.2 3.88 3.6 0.36 2.28 3.36 3.64 2.2 2.44 3.44 3.24 2.88 3.4 2.8 3.12 3.36 2.56 3.72 2.84 2.92 0.96 3 
3 2.96 0.88 3.8 0.64 3.48 0.24 4 2.64 3.2 3.64 1.92 1.04 0.96 3.64 2.96 2.56 0.36 2.36 3.48 0.64 2.88 1.12 2.4 2.68 3.96 3.2 1.44 3.72 4 3.28 0.56 3.92 2.28 3.72 2.2 3.76 1.36 3.08 3.88 3.76 3.72 3.76 3.88 3.08 1.36 3.76 2.2 3.72 2.28 3.92 0.56 3.28 4 3.72 1.44 3.2 3.96 2.68 2.4 1.12 2.88 0.64 3.48 2.36 0.36 2.56 2.96 3.64 0.96 1.04 1.92 3.64 3.2 2.64 4 0.24 3.48 0.64 3.8 0.88 2.96 3 
3 3.96 3.88 2.76 3.6 2.4 2.16 3.88 2.48 2 2.4 1.64 3.72 3.56 2.12 3.36 3.88 3.6 3.48 2.48 3.56 3.68 1.8 3.96 2.08 3.2 2.28 3.36 2.44 1.52 3.64 3.76 2.92 2.12 1.4 1.76 2.2 1.72 3.36 0.08 3.96 3.92 3.96 0.08 3.36 1.72 2.2 1.76 1.4 2.12 2.92 3.76 3.64 1.52 2.44 3.36 2.28 3.2 2.08 3.96 1.8 3.68 3.56 2.48 3.48 3.6 3.88 3.36 2.12 3.56 3.72 1.64 2.4 2 2.48 3.88 2.16 2.4 3.6 2.76 3.88 3.96 3 
4 0.92 2.84 3.72 0.52 2.32 3.08 3.76 0.32 3.84 3.2 3.4 2.4 1.16 0.64 1.8 3.24 3.88 0.64 3.56 2.52 3.52 3.52 3.52 3.48 3.4 3.28 0.12 4 1.84 3.72 1.6 3.56 1.56 3.68 3.88 2.16 2.56 1.08 2.76 0.56 3.52 0.56 2.76 1.08 2.56 2.16 3.88 3.68 1.56 3.56 1.6 3.72 1.84 4 0.12 3.28 3.4 3.48 3.52 3.52 3.52 2.52 3.56 0.64 3.88 3.24 1.8 0.64 1.16 2.4 3.4 3.2 3.84 0.32 3.76 3.08 2.32 0.52 3.72 2.84 0.92 4 
4 2.92 0.8 3.68 2.48 0.24 4 1.64 2.2 3.68 2 2.16 3.12 3.84 1.24 3.32 0.64 3.2 2.88 3.68 3.52 2.36 1.2 4.04 3.8 2.48 3.12 3.72 2.28 2.84 1.4 1 1.68 1.44 2.32 2.32 3.44 2.68 1.08 2.68 3.44 3.36 3.44 2.68 1.08 2.68 3.44 2.32 2.32 1.44 1.68 1 1.4 2.84 2.28 3.72 3.12 2.48 3.8 4.04 1.2 2.36 3.52 3.68 2.88 3.2 0.64 3.32 1.24 3.84 3.12 2.16 2 3.68 2.2 1.64 4 0.24 2.48 3.68 0.8 2.92 4 
4 2.92 2.8 2.64 2.44 2.2 2.92 3.56 1.08 1.52 3.84 3.96 0.84 3.52 2.88 3.88 3.12 3.56 1.12 1.8 3.52 1.2 3.88 3.48 4 2.4 0.72 3 2.2 3.4 3.6 2.84 2.16 2.6 0.16 3.92 2.8 0.84 3.12 3.6 3.28 2.16 3.28 3.6 3.12 0.84 2.8 3.92 0.16 2.6 2.16 2.84 3.6 3.4 2.2 3 0.72 2.4 4 3.48 3.88 1.2 3.52 1.8 1.12 3.56 3.12 3.88 2.88 3.52 0.84 3.96 3.84 1.52 1.08 3.56 2.92 2.2 2.44 2.64 2.8 2.92 4 
4 2.92 3.8 0.6 2.4 3.16 0.84 3.48 4 2.4 3.68 3.76 2.6 1.2 3.52 3.44 3.6 0.92 2.4 3.96 3.52 4.04 3.48 0.8 3.04 2.12 3.08 3.92 0.64 2.36 2.08 3.88 2.76 3.8 4 3.4 4 2.8 3.88 2.2 3.8 1.64 3.8 2.2 3.88 2.8 4 3.4 4 3.8 2.76 3.88 2.08 2.36 0.64 3.92 3.08 2.12 3.04 0.8 3.48 4.04 3.52 3.96 2.4 0.92 3.6 3.44 3.52 1.2 2.6 3.76 3.68 2.4 4 3.48 0.84 3.16 2.4 0.6 3.8 2.92 4 
4 2.92 3.8 2.6 0.36 3.12 3.8 3.4 0.88 3.28 3.52 3.56 2.36 3.92 3.16 3 3.08 2.32 2.68 2.08 3.48 3.8 4 3.04 2.92 2.6 3.08 1.36 3.52 3.6 1.68 3.88 3.2 3.72 1.44 3.44 3.68 0.16 2 3.16 3.64 1.44 3.64 3.16 2 0.16 3.68 3.44 1.44 3.72 3.2 3.88 1.68 3.6 3.52 1.36 3.08 2.6 2.92 3.04 4 3.8 3.48 2.08 2.68 2.32 3.08 3 3.16 3.92 2.36 3.56 3.52 3.28 0.88 3.4 3.8 3.12 0.36 2.6 3.8 2.92 4 
4 2.92 3.8 2.6 3.36 3.08 0.72 3.32 3.8 3.16 3.36 3.36 3.12 0.6 3.8 2.56 2.56 3.72 3.96 3.2 3.4 2.48 2.4 2.12 2.6 3.8 2.68 3.28 2.64 1.88 3.16 2.56 1.16 2.04 2.2 2.68 3.48 2.6 3.12 3.04 1.36 0.12 1.36 3.04 3.12 2.6 3.48 2.68 2.2 2.04 1.16 2.56 3.16 1.88 2.64 3.28 2.68 3.8 2.6 2.12 2.4 2.48 3.4 3.2 3.96 3.72 2.56 2.56 3.8 0.6 3.12 3.36 3.36 3.16 3.8 3.32 0.72 3.08 3.36 2.6 3.8 2.92 4 
4 2.92 3.8 3.6 0.32 3.04 2.68 3.24 0.68 4.04 3.2 2.16 1.88 1.32 2.44 1.12 2.04 1.08 3.2 2.28 3.28 3.12 0.72 3.08 3.08 2.68 2.84 3.56 1.88 1 3.2 2.6 3.32 3.4 2.84 3.68 3.92 2.56 1.68 3.32 2.48 3.2 2.48 3.32 1.68 2.56 3.92 3.68 2.84 3.4 3.32 2.6 3.2 1 1.88 3.56 2.84 2.68 3.08 3.08 0.72 3.12 3.28 2.28 3.2 1.08 2.04 1.12 2.44 1.32 1.88 2.16 3.2 4.04 0.68 3.24 2.68 3.04 0.32 3.6 3.8 2.92 4 
4 2.92 3.8 3.6 2.32 1 3.64 2.16 2.6 3.92 1.04 4 2.68 3.08 3.12 0.72 3.56 2.48 1.44 3.36 0.12 3.72 3 3.92 1.36 3.28 3.56 3.16 3.12 2.68 2.4 1.52 0.12 3.24 1.8 0.84 3.4 1.44 3.08 0.32 3.28 2.92 3.28 0.32 3.08 1.44 3.4 0.84 1.8 3.24 0.12 1.52 2.4 2.68 3.12 3.16 3.56 3.28 1.36 3.92 3 3.72 0.12 3.36 1.44 2.48 3.56 0.72 3.12 3.08 2.68 4 1.04 3.92 2.6 2.16 3.64 1 2.32 3.6 3.8 2.92 4 
4 2.92 3.8 3.6 2.32 4 3.6 0.08 3.52 2.8 2.92 3.84 2.48 3.84 0.8 3.36 3.08 0.88 3.72 2.44 4 2.28 2.2 0.64 3.52 2.64 1.88 3.12 3.24 3.44 2.2 3.76 4.04 1.96 2.48 1.56 3.24 2.52 3.52 3.28 3.92 1.44 3.92 3.28 3.52 2.52 3.24 1.56 2.48 1.96 4.04 3.76 2.2 3.44 3.24 3.12 1.88 2.64 3.52 0.64 2.2 2.28 4 2.44 3.72 0.88 3.08 3.36 0.8 3.84 2.48 3.84 2.92 2.8 3.52 0.08 3.6 4 2.32 3.6 3.8 2.92 4 
4 2.92 3.8 3.6 3.32 0.96 3.56 2.04 3.44 0.68 3.8 3.68 2.28 3.6 2.52 4 0.6 3.32 4 1.52 1.84 2.84 3.4 2.36 3.6 1.88 1 2.68 3.44 1.44 2.72 2.44 1.2 2.8 3.08 4 2.56 0.84 4 0.08 3.32 3.72 3.32 0.08 4 0.84 2.56 4 3.08 2.8 1.2 2.44 2.72 1.44 3.44 2.68 1 1.88 3.6 2.36 3.4 2.84 1.84 1.52 4 3.32 0.6 4 2.52 3.6 2.28 3.68 3.8 0.68 3.44 2.04 3.56 0.96 3.32 3.6 3.8 2.92 4 
4 2.92 3.8 3.6 3.32 2.96 2.52 3 2.36 2.6 3.68 3.52 2.08 3.36 3.24 3.64 2.16 3.76 3.28 3.64 3.72 1.4 3.6 2.08 1.68 3.16 3.2 2.4 2.2 2.72 3.88 3.8 3.96 4.04 2.84 2.32 3.52 2.52 2.52 2.72 3.36 3.56 3.36 2.72 2.52 2.52 3.52 2.32 2.84 4.04 3.96 3.8 3.88 2.72 2.2 2.4 3.2 3.16 1.68 2.08 3.6 1.4 3.72 3.64 3.28 3.76 2.16 3.64 3.24 3.36 2.08 3.52 3.68 2.6 2.36 3 2.52 2.96 3.32 3.6 3.8 2.92 4 
4 2.92 3.8 3.6 3.32 3.96 0.48 3.96 0.28 3.52 3.56 3.36 0.88 2.12 3.96 2.28 1.72 3.2 0.56 3.76 1.6 1 2.84 3.88 3.88 2.56 2.6 1.52 3.76 2.44 3.8 4 3.48 3.88 1.96 0.68 1.12 3.44 2.88 0.8 1.6 3.52 1.6 0.8 2.88 3.44 1.12 0.68 1.96 3.88 3.48 4 3.8 2.44 3.76 1.52 2.6 2.56 3.88 3.88 2.84 1 1.6 3.76 0.56 3.2 1.72 2.28 3.96 2.12 0.88 3.36 3.56 3.52 0.28 3.96 0.48 3.96 3.32 3.6 3.8 2.92 4 
4 2.92 3.8 3.6 3.32 3.96 2.48 2.92 2.24 3.44 3.44 1.2 2.72 3.92 1.68 3.96 3.32 3.68 3.92 2.92 3.56 1.68 2.16 2.76 3.2 1.16 3.32 0.12 4.04 1.2 3.96 3.48 3.2 2.72 2.8 2.36 3.52 3.52 3.8 3.92 1.48 2.96 1.48 3.92 3.8 3.52 3.52 2.36 2.8 2.72 3.2 3.48 3.96 1.2 4.04 0.12 3.32 1.16 3.2 2.76 2.16 1.68 3.56 2.92 3.92 3.68 3.32 3.96 1.68 3.92 2.72 1.2 3.44 3.44 2.24 2.92 2.48 3.96 3.32 3.6 3.8 2.92 4 
4 2.92 3.8 3.6 3.32 3.96 3.48 0.88 3.2 3.36 1.32 3.08 2.56 3.72 3.44 3.64 2.92 1.16 2.28 2.12 1.56 1.44 2.6 3.8 3.72 2.04 3.4 3.24 1.96 2.8 4.04 3.88 2.72 2.12 3.8 2.64 3.8 3.64 3.84 0.28 4.04 2.84 4.04 0.28 3.84 3.64 3.8 2.64 3.8 2.12 2.72 3.88 4.04 2.8 1.96 3.24 3.4 2.04 3.72 3.8 2.6 1.44 1.56 2.12 2.28 1.16 2.92 3.64 3.44 3.72 2.56 3.08 1.32 3.36 3.2 0.88 3.48 3.96 3.32 3.6 3.8 2.92 4 
4 2.92 3.8 3.6 3.32 3.96 3.48 2.88 3.16 1.28 3.24 1.96 1.4 2.52 3.2 0.32 3.56 2.72 3.72 1.4 3.68 2.32 0.16 4 1.44 2.2 2.84 1.8 2.48 3.08 2.84 1.96 2.8 3.8 0.56 3 2.2 1.68 3.44 2.88 2.72 0.44 2.72 2.88 3.44 1.68 2.2 3 0.56 3.8 2.8 1.96 2.84 3.08 2.48 1.8 2.84 2.2 1.44 4 0.16 2.32 3.68 1.4 3.72 2.72 3.56 0.32 3.2 2.52 1.4 1.96 3.24 1.28 3.16 2.88 3.48 3.96 3.32 3.6 3.8 2.92 4 
4 2.92 3.8 3.6 3.32 3.96 3.48 3.88 1.12 3.24 1.16 3.88 1.28 2.36 3 2.08 3.24 3.32 2.2 1.76 3.88 2.32 3.92 3.4 3.44 2.68 3.68 0.84 1.56 4 2.32 0.68 2.36 2.64 3 1.16 3.2 1.64 0.84 4.04 2.12 4.04 2.12 4.04 0.84 1.64 3.2 1.16 3 2.64 2.36 0.68 2.32 4 1.56 0.84 3.68 2.68 3.44 3.4 3.92 2.32 3.88 1.76 2.2 3.32 3.24 2.08 3 2.36 1.28 3.88 1.16 3.24 1.12 3.88 3.48 3.96 3.32 3.6 3.8 2.92 4 
4 2.92 3.8 3.6 3.32 3.96 3.48 3.88 3.12 1.2 3.12 1.8 3.2 3.24 3.84 3.88 2.96 2.96 3.76 2.2 2.16 3.44 2.8 4 3.68 3.48 3.92 3.4 3.24 2.56 3.52 1.12 3.52 3.8 2.2 3.2 2.56 3.72 2.24 3.4 3.28 2.8 3.28 3.4 2.24 3.72 2.56 3.2 2.2 3.8 3.52 1.12 3.52 2.56 3.24 3.4 3.92 3.48 3.68 4 2.8 3.44 2.16 2.2 3.76 2.96 2.96 3.88 3.84 3.24 3.2 1.8 3.12 1.2 3.12 3.88 3.48 3.96 3.32 3.6 3.8 2.92 4 
4 2.92 3.8 3.6 3.32 3.96 3.48 3.88 3.12 3.2 1.08 3.76 3.12 2.12 2.68 2.68 3.72 1.64 1.36 1.72 2.56 2.68 0.84 2.8 0.16 2.6 2.56 1.44 2.52 0.84 2.52 3.44 3.52 3.64 1.68 1.64 3.72 1.72 3.04 0.84 3.72 3.2 3.72 0.84 3.04 1.72 3.72 1.64 1.68 3.64 3.52 3.44 2.52 0.84 2.52 1.44 2.56 2.6 0.16 2.8 0.84 2.68 2.56 1.72 1.36 1.64 3.72 2.68 2.68 2.12 3.12 3.76 1.08 3.2 3.12 3.88 3.48 3.96 3.32 3.6 3.8 2.92 4 
4 2.92 3.8 3.6 3.32 3.96 3.48 3.88 3.12 3.2 3.08 2.72 0.04 3.04 2.56 2.52 3.52 1.4 3.08 3.36 1.08 1.08 3.12 3.88 2 3.12 1.68 3.08 3.52 4 2.52 2.88 3.8 3.84 3.44 0.84 2.24 3.04 2.08 3.16 3.92 2.32 3.92 3.16 2.08 3.04 2.24 0.84 3.44 3.84 3.8 2.88 2.52 4 3.52 3.08 1.68 3.12 2 3.88 3.12 1.08 1.08 3.36 3.08 1.4 3.52 2.52 2.56 3.04 0.04 2.72 3.08 3.2 3.12 3.88 3.48 3.96 3.32 3.6 3.8 2.92 4 
4 2.92 3.8 3.6 3.32 3.96 3.48 3.88 3.12 3.2 3.08 3.72 3.04 4 3.48 2.4 1.36 3.24 3.88 0.08 2.76 2.68 3.6 2.2 3.16 3.04 3.32 0.32 3.28 0.08 2.72 0.8 3.92 0.28 2.88 4.04 3.4 0.84 3.16 3.92 2.92 1.44 2.92 3.92 3.16 0.84 3.4 4.04 2.88 0.28 3.92 0.8 2.72 0.08 3.28 0.32 3.32 3.04 3.16 2.2 3.6 2.68 2.76 0.08 3.88 3.24 1.36 2.4 3.48 4 3.04 3.72 3.08 3.2 3.12 3.88 3.48 3.96 3.32 3.6 3.8 2.92 4 
4 2.92 3.8 3.6 3.32 3.96 3.48 3.88 3.12 3.2 3.08 3.72 4.04 2.96 0.4 2.32 3.28 1.12 3.76 3.96 0.56 3.44 3.28 3.8 3.64 1.36 2.48 3.28 3.92 3.32 3.36 1.6 1.48 4.04 2.72 2.12 3.28 3.72 3.92 2.92 1.92 3.88 1.92 2.92 3.92 3.72 3.28 2.12 2.72 4.04 1.48 1.6 3.36 3.32 3.92 3.28 2.48 1.36 3.64 3.8 3.28 3.44 0.56 3.96 3.76 1.12 3.28 2.32 0.4 2.96 4.04 3.72 3.08 3.2 3.12 3.88 3.48 3.96 3.32 3.6 3.8 2.92 4 
4 2.92 3.8 3.6 3.32 3.96 3.48 3.88 3.12 3.2 3.08 3.72 4.04 3.96 3.4 0.28 2.24 1.08 3.72 3.92 3.52 3.36 2.16 1.64 1.44 0.12 3.2 2.92 1.44 3.72 3.56 3.52 2.96 2.84 0.44 4.04 2.8 3.2 2.32 1.44 3.88 2.76 3.88 1.44 2.32 3.2 2.8 4.04 0.44 2.84 2.96 3.52 3.56 3.72 1.44 2.92 3.2 0.12 1.44 1.64 2.16 3.36 3.52 3.92 3.72 1.08 2.24 0.28 3.4 3.96 4.04 3.72 3.08 3.2 3.12 3.88 3.48 3.96 3.32 3.6 3.8 2.92 4 
4 2.92 3.8 3.6 3.32 3.96 3.48 3.88 3.12 3.2 3.08 3.72 4.04 2.96 0.4 2.32 3.28 1.12 3.76 3.96 0.56 3.44 3.28 3.8 3.64 1.36 2.48 3.28 3.92 3.32 3.36 1.6 1.48 4.04 2.72 2.12 3.28 3.72 3.92 2.92 1.92 3.88 1.92 2.92 3.92 3.72 3.28 2.12 2.72 4.04 1.48 1.6 3.36 3.32 3.92 3.28 2.48 1.36 3.64 3.8 3.28 3.44 0.56 3.96 3.76 1.12 3.28 2.32 0.4 2.96 4.04 3.72 3.08 3.2 3.12 3.88 3.48 3.96 3.32 3.6 3.8 2.92 4 
4 2.92 3.8 3.6 3.32 3.96 3.48 3.88 3.12 3.2 3.08 3.72 3.04 4 3.48 2.4 1.36 3.24 3.88 0.08 2.76 2.68 3.6 2.2 3.16 3.04 3.32 0.32 3.28 0.08 2.72 0.8 3.92 0.28 2.88 4.04 3.4 0.84 3.16 3.92 2.92 1.44 2.92 3.92 3.16 0.84 3.4 4.04 2.88 0.28 3.92 0.8 2.72 0.08 3.28 0.32 3.32 3.04 3.16 2.2 3.6 2.68 2.76 0.08 3.88 3.24 1.36 2.4 3.48 4 3.04 3.72 3.08 3.2 3.12 3.88 3.48 3.96 3.32 3.6 3.8 2.92 4 
4 2.92 3.8 3.6 3.32 3.96 3.48 3.88 3.12 3.2 3.08 2.72 0.04 3.04 2.56 2.52 3.52 1.4 3.08 3.36 1.08 1.08 3.12 3.88 2 3.12 1.68 3.08 3.52 4 2.52 2.88 3.8 3.84 3.44 0.84 2.24 3.04 2.08 3.16 3.92 2.32 3.92 3.16 2.08 3.04 2.24 0.84 3.44 3.84 3.8 2.88 2.52 4 3.52 3.08 1.68 3.12 2 3.88 3.12 1.08 1.08 3.36 3.08 1.4 3.52 2.52 2.56 3.04 0.04 2.72 3.08 3.2 3.12 3.88 3.48 3.96 3.32 3.6 3.8 2.92 4 
4 2.92 3.8 3.6 3.32 3.96 3.48 3.88 3.12 3.2 1.08 3.76 3.12 2.12 2.68 2.68 3.72 1.64 1.36 1.72 2.56 2.68 0.84 2.8 0.16 2.6 2.56 1.44 2.52 0.84 2.52 3.44 3.52 3.64 1.68 1.64 3.72 1.72 3.04 0.84 3.72 3.2 3.72 0.84 3.04 1.72 3.72 1.64 1.68 3.64 3.52 3.44 2.52 0.84 2.52 1.44 2.56 2.6 0.16 2.8 0.84 2.68 2.56 1.72 1.36 1.64 3.72 2.68 2.68 2.12 3.12 3.76 1.08 3.2 3.12 3.88 3.48 3.96 3.32 3.6 3.8 2.92 4 
4 2.92 3.8 3.6 3.32 3.96 3.48 3.88 3.12 1.2 3.12 1.8 3.2 3.24 3.84 3.88 2.96 2.96 3.76 2.2 2.16 3.44 2.8 4 3.68 3.48 3.92 3.4 3.24 2.56 3.52 1.12 3.52 3.8 2.2 3.2 2.56 3.72 2.24 3.4 3.28 2.8 3.28 3.4 2.24 3.72 2.56 3.2 2.2 3.8 3.52 1.12 3.52 2.56 3.24 3.4 3.92 3.48 3.68 4 2.8 3.44 2.16 2.2 3.76 2.96 2.96 3.88 3.84 3.24 3.2 1.8 3.12 1.2 3.12 3.88 3.48 3.96 3.32 3.6 3.8 2.92 4 
4 2.92 3.8 3.6 3.32 3.96 3.48 3.88 1.12 3.24 1.16 3.88 1.28 2.36 3 2.08 3.24 3.32 2.2 1.76 3.88 2.32 3.92 3.4 3.44 2.68 3.68 0.84 1.56 4 2.32 0.68 2.36 2.64 3 1.16 3.2 1.64 0.84 4.04 2.12 4.04 2.12 4.04 0.84 1.64 3.2 1.16 3 2.64 2.36 0.68 2.32 4 1.56 0.84 3.68 2.68 3.44 3.4 3.92 2.32 3.88 1.76 2.2 3.32 3.24 2.08 3 2.36 1.28 3.88 1.16 3.24 1.12 3.88 3.48 3.96 3.32 3.6 3.8 2.92 4 
4 2.92 3.8 3.6 3.32 3.96 3.48 2.88 3.16 1.28 3.24 1.96 1.4 2.52 3.2 0.32 3.56 2.72 3.72 1.4 3.68 2.32 0.16 4 1.44 2.2 2.84 1.8 2.48 3.08 2.84 1.96 2.8 3.8 0.56 3 2.2 1.68 3.44 2.88 2.72 0.44 2.72 2.88 3.44 1.68 2.2 3 0.56 3.8 2.8 1.96 2.84 3.08 2.48 1.8 2.84 2.2 1.44 4 0.16 2.32 3.68 1.4 3.72 2.72 3.56 0.32 3.2 2.52 1.4 1.96 3.24 1.28 3.16 2.88 3.48 3.96 3.32 3.6 3.8 2.92 4 
4 2.92 3.8 3.6 3.32 3.96 3.48 0.88 3.2 3.36 1.32 3.08 2.56 3.72 3.44 3.64 2.92 1.16 2.28 2.12 1.56 1.44 2.6 3.8 3.72 2.04 3.4 3.24 1.96 2.8 4.04 3.88 2.72 2.12 3.8 2.64 3.8 3.64 3.84 0.28 4.04 2.84 4.04 0.28 3.84 3.64 3.8 2.64 3.8 2.12 2.72 3.88 4.04 2.8 1.96 3.24 3.4 2.04 3.72 3.8 2.6 1.44 1.56 2.12 2.28 1.16 2.92 3.64 3.44 3.72 2.56 3.08 1.32 3.36 3.2 0.88 3.48 3.96 3.32 3.6 3.8 2.92 4 
4 2.92 3.8 3.6 3.32 3.96 2.48 2.92 2.24 3.44 3.44 1.2 2.72 3.92 1.68 3.96 3.32 3.68 3.92 2.92 3.56 1.68 2.16 2.76 3.2 1.16 3.32 0.12 4.04 1.2 3.96 3.48 3.2 2.72 2.8 2.36 3.52 3.52 3.8 3.92 1.48 2.96 1.48 3.92 3.8 3.52 3.52 2.36 2.8 2.72 3.2 3.48 3.96 1.2 4.04 0.12 3.32 1.16 3.2 2.76 2.16 1.68 3.56 2.92 3.92 3.68 3.32 3.96 1.68 3.92 2.72 1.2 3.44 3.44 2.24 2.92 2.48 3.96 3.32 3.6 3.8 2.92 4 
4 2.92 3.8 3.6 3.32 3.96 0.48 3.96 0.28 3.52 3.56 3.36 0.88 2.12 3.96 2.28 1.72 3.2 0.56 3.76 1.6 1 2.84 3.88 3.88 2.56 2.6 1.52 3.76 2.44 3.8 4 3.48 3.88 1.96 0.68 1.12 3.44 2.88 0.8 1.6 3.52 1.6 0.8 2.88 3.44 1.12 0.68 1.96 3.88 3.48 4 3.8 2.44 3.76 1.52 2.6 2.56 3.88 3.88 2.84 1 1.6 3.76 0.56 3.2 1.72 2.28 3.96 2.12 0.88 3.36 3.56 3.52 0.28 3.96 0.48 3.96 3.32 3.6 3.8 2.92 4 
4 2.92 3.8 3.6 3.32 2.96 2.52 3 2.36 2.6 3.68 3.52 2.08 3.36 3.24 3.64 2.16 3.76 3.28 3.64 3.72 1.4 3.6 2.08 1.68 3.16 3.2 2.4 2.2 2.72 3.88 3.8 3.96 4.04 2.84 2.32 3.52 2.52 2.52 2.72 3.36 3.56 3.36 2.72 2.52 2.52 3.52 2.32 2.84 4.04 3.96 3.8 3.88 2.72 2.2 2.4 3.2 3.16 1.68 2.08 3.6 1.4 3.72 3.64 3.28 3.76 2.16 3.64 3.24 3.36 2.08 3.52 3.68 2.6 2.36 3 2.52 2.96 3.32 3.6 3.8 2.92 4 
4 2.92 3.8 3.6 3.32 0.96 3.56 2.04 3.44 0.68 3.8 3.68 2.28 3.6 2.52 4 0.6 3.32 4 1.52 1.84 2.84 3.4 2.36 3.6 1.88 1 2.68 3.44 1.44 2.72 2.44 1.2 2.8 3.08 4 2.56 0.84 4 0.08 3.32 3.72 3.32 0.08 4 0.84 2.56 4 3.08 2.8 1.2 2.44 2.72 1.44 3.44 2.68 1 1.88 3.6 2.36 3.4 2.84 1.84 1.52 4 3.32 0.6 4 2.52 3.6 2.28 3.68 3.8 0.68 3.44 2.04 3.56 0.96 3.32 3.6 3.8 2.92 4 
4 2.92 3.8 3.6 2.32 4 3.6 0.08 3.52 2.8 2.92 3.84 2.48 3.84 0.8 3.36 3.08 0.88 3.72 2.44 4 2.28 2.2 0.64 3.52 2.64 1.88 3.12 3.24 3.44 2.2 3.76 4.04 1.96 2.48 1.56 3.24 2.52 3.52 3.28 3.92 1.44 3.92 3.28 3.52 2.52 3.24 1.56 2.48 1.96 4.04 3.76 2.2 3.44 3.24 3.12 1.88 2.64 3.52 0.64 2.2 2.28 4 2.44 3.72 0.88 3.08 3.36 0.8 3.84 2.48 3.84 2.92 2.8 3.52 0.08 3.6 4 2.32 3.6 3.8 2.92 4 
4 2.92 3.8 3.6 2.32 1 3.64 2.16 2.6 3.92 1.04 4 2.68 3.08 3.12 0.72 3.56 2.48 1.44 3.36 0.12 3.72 3 3.92 1.36 3.28 3.56 3.16 3.12 2.68 2.4 1.52 0.12 3.24 1.8 0.84 3.4 1.44 3.08 0.32 3.28 2.92 3.28 0.32 3.08 1.44 3.4 0.84 1.8 3.24 0.12 1.52 2.4 2.68 3.12 3.16 3.56 3.28 1.36 3.92 3 3.72 0.12 3.36 1.44 2.48 3.56 0.72 3.12 3.08 2.68 4 1.04 3.92 2.6 2.16 3.64 1 2.32 3.6 3.8 2.92 4 
4 2.92 3.8 3.6 0.32 3.04 2.68 3.24 0.68 4.04 3.2 2.16 1.88 1.32 2.44 1.12 2.04 1.08 3.2 2.28 3.28 3.12 0.72 3.08 3.08 2.68 2.84 3.56 1.88 1 3.2 2.6 3.32 3.4 2.84 3.68 3.92 2.56 1.68 3.32 2.48 3.2 2.48 3.32 1.68 2.56 3.92 3.68 2.84 3.4 3.32 2.6 3.2 1 1.88 3.56 2.84 2.68 3.08 3.08 0.72 3.12 3.28 2.28 3.2 1.08 2.04 1.12 2.44 1.32 1.88 2.16 3.2 4.04 0.68 3.24 2.68 3.04 0.32 3.6 3.8 2.92 4 
4 2.92 3.8 2.6 3.36 3.08 0.72 3.32 3.8 3.16 3.36 3.36 3.12 0.6 3.8 2.56 2.56 3.72 3.96 3.2 3.4 2.48 2.4 2.12 2.6 3.8 2.68 3.28 2.64 1.88 3.16 2.56 1.16 2.04 2.2 2.68 3.48 2.6 3.12 3.04 1.36 0.12 1.36 3.04 3.12 2.6 3.48 2.68 2.2 2.04 1.16 2.56 3.16 1.88 2.64 3.28 2.68 3.8 2.6 2.12 2.4 2.48 3.4 3.2 3.96 3.72 2.56 2.56 3.8 0.6 3.12 3.36 3.36 3.16 3.8 3.32 0.72 3.08 3.36 2.6 3.8 2.92 4 
4 2.92 3.8 2.6 0.36 3.12 3.8 3.4 0.88 3.28 3.52 3.56 2.36 3.92 3.16 3 3.08 2.32 2.68 2.08 3.48 3.8 4 3.04 2.92 2.6 3.08 1.36 3.52 3.6 1.68 3.88 3.2 3.72 1.44 3.44 3.68 0.16 2 3.16 3.64 1.44 3.64 3.16 2 0.16 3.68 3.44 1.44 3.72 3.2 3.88 1.68 3.6 3.52 1.36 3.08 2.6 2.92 3.04 4 3.8 3.48 2.08 2.68 2.32 3.08 3 3.16 3.92 2.36 3.56 3.52 3.28 0.88 3.4 3.8 3.12 0.36 2.6 3.8 2.92 4 
4 2.92 3.8 0.6 2.4 3.16 0.84 3.48 4 2.4 3.68 3.76 2.6 1.2 3.52 3.44 3.6 0.92 2.4 3.96 3.52 4.04 3.48 0.8 3.04 2.12 3.08 3.92 0.64 2.36 2.08 3.88 2.76 3.8 4 3.4 4 2.8 3.88 2.2 3.8 1.64 3.8 2.2 3.88 2.8 4 3.4 4 3.8 2.76 3.88 2.08 2.36 0.64 3.92 3.08 2.12 3.04 0.8 3.48 4.04 3.52 3.96 2.4 0.92 3.6 3.44 3.52 1.2 2.6 3.76 3.68 2.4 4 3.48 0.84 3.16 2.4 0.6 3.8 2.92 4 
4 2.92 2.8 2.64 2.44 2.2 2.92 3.56 1.08 1.52 3.84 3.96 0.84 3.52 2.88 3.88 3.12 3.56 1.12 1.8 3.52 1.2 3.88 3.48 4 2.4 0.72 3 2.2 3.4 3.6 2.84 2.16 2.6 0.16 3.92 2.8 0.84 3.12 3.6 3.28 2.16 3.28 3.6 3.12 0.84 2.8 3.92 0.16 2.6 2.16 2.84 3.6 3.4 2.2 3 0.72 2.4 4 3.48 3.88 1.2 3.52 1.8 1.12 3.56 3.12 3.88 2.88 3.52 0.84 3.96 3.84 1.52 1.08 3.56 2.92 2.2 2.44 2.64 2.8 2.92 4 
4 2.92 0.8 3.68 2.48 0.24 4 1.64 2.2 3.68 2 2.16 3.12 3.84 1.24 3.32 0.64 3.2 2.88 3.68 3.52 2.36 1.2 4.04 3.8 2.48 3.12 3.72 2.28 2.84 1.4 1 1.68 1.44 2.32 2.32 3.44 2.68 1.08 2.68 3.44 3.36 3.44 2.68 1.08 2.68 3.44 2.32 2.32 1.44 1.68 1 1.4 2.84 2.28 3.72 3.12 2.48 3.8 4.04 1.2 2.36 3.52 3.68 2.88 3.2 0.64 3.32 1.24 3.84 3.12 2.16 2 3.68 2.2 1.64 4 0.24 2.48 3.68 0.8 2.92 4 
4 0.92 2.84 3.72 0.52 2.32 3.08 3.76 0.32 3.84 3.2 3.4 2.4 1.16 0.64 1.8 3.24 3.88 0.64 3.56 2.52 3.52 3.52 3.52 3.48 3.4 3.28 0.12 4 1.84 3.72 1.6 3.56 1.56 3.68 3.88 2.16 2.56 1.08 2.76 0.56 3.52 0.56 2.76 1.08 2.56 2.16 3.88 3.68 1.56 3.56 1.6 3.72 1.84 4 0.12 3.28 3.4 3.48 3.52 3.52 3.52 2.52 3.56 0.64 3.88 3.24 1.8 0.64 1.16 2.4 3.4 3.2 3.84 0.32 3.76 3.08 2.32 0.52 3.72 2.84 0.92 4 
3 3.96 3.88 2.76 3.6 2.4 2.16 3.88 2.48 2 2.4 1.64 3.72 3.56 2.12 3.36 3.88 3.6 3.48 2.48 3.56 3.68 1.8 3.96 2.08 3.2 2.28 3.36 2.44 1.52 3.64 3.76 2.92 2.12 1.4 1.76 2.2 1.72 3.36 0.08 3.96 3.92 3.96 0.08 3.36 1.72 2.2 1.76 1.4 2.12 2.92 3.76 3.64 1.52 2.44 3.36 2.28 3.2 2.08 3.96 1.8 3.68 3.56 2.48 3.48 3.6 3.88 3.36 2.12 3.56 3.72 1.64 2.4 2 2.48 3.88 2.16 2.4 3.6 2.76 3.88 3.96 3 
3 2.96 0.88 3.8 0.64 3.48 0.24 4 2.64 3.2 3.64 1.92 1.04 0.96 3.64 2.96 2.56 0.36 2.36 3.48 0.64 2.88 1.12 2.4 2.68 3.96 3.2 1.44 3.72 4 3.28 0.56 3.92 2.28 3.72 2.2 3.76 1.36 3.08 3.88 3.76 3.72 3.76 3.88 3.08 1.36 3.76 2.2 3.72 2.28 3.92 0.56 3.28 4 3.72 1.44 3.2 3.96 2.68 2.4 1.12 2.88 0.64 3.48 2.36 0.36 2.56 2.96 3.64 0.96 1.04 1.92 3.64 3.2 2.64 4 0.24 3.48 0.64 3.8 0.88 2.96 3 
3 0.96 2.92 2.84 3.72 2.56 3.36 3.12 2.8 3.4 2.88 3.24 3.44 2.44 2.2 3.64 3.36 2.28 0.36 3.6 3.88 3.2 3.56 0.92 2.32 3.72 1.08 2.48 0.88 3.32 3.76 3.2 3.68 1.16 2.72 3.32 2.96 1.64 1.4 3.24 1.12 1.08 1.12 3.24 1.4 1.64 2.96 3.32 2.72 1.16 3.68 3.2 3.76 3.32 0.88 2.48 1.08 3.72 2.32 0.92 3.56 3.2 3.88 3.6 0.36 2.28 3.36 3.64 2.2 2.44 3.44 3.24 2.88 3.4 2.8 3.12 3.36 2.56 3.72 2.84 2.92 0.96 3 
2 4 3.96 2.88 0.76 3.64 0.44 3.24 2.96 3.6 2.12 3.56 2.84 3.96 2.84 0.4 2.28 3.36 2.56 3.88 3.24 0.64 3.12 3.6 3.08 2.56 2.04 3.56 3.08 0.6 2.16 1.72 3.32 2.92 3.56 3.24 2.96 3.72 3.52 1.36 3.28 2.24 3.28 1.36 3.52 3.72 2.96 3.24 3.56 2.92 3.32 1.72 2.16 0.6 3.08 3.56 2.04 2.56 3.08 3.6 3.12 0.64 3.24 3.88 2.56 3.36 2.28 0.4 2.84 3.96 2.84 3.56 2.12 3.6 2.96 3.24 0.44 3.64 0.76 2.88 3.96 4 2 
2 3 0.96 2.92 3.84 2.72 3.56 2.36 3.12 3.8 0.36 3.88 1.24 0.48 2.56 2.36 0.4 3.64 2.96 3.36 1.8 3.32 3.88 3.44 3 2.56 1.12 0.72 3.36 4 3.64 2.28 3.96 3.64 0.32 2.08 3.88 2.68 2.52 2.4 2.32 0.28 2.32 2.4 2.52 2.68 3.88 2.08 0.32 3.64 3.96 2.28 3.64 4 3.36 0.72 1.12 2.56 3 3.44 3.88 3.32 1.8 3.36 2.96 3.64 0.4 2.36 2.56 0.48 1.24 3.88 0.36 3.8 3.12 2.36 3.56 2.72 3.84 2.92 0.96 3 2 
2 2 4 2.96 0.88 3.8 0.64 2.48 3.28 3 2.64 1.2 1.68 3.08 2.36 2.56 2.84 2.2 3.64 2.12 0.64 1.24 2.88 3.52 3.16 3.8 2.44 3.12 0.8 2.52 3.24 3.96 1.68 3.44 3.2 3 3.84 2.68 2.56 3.48 0.4 3.4 0.4 3.48 2.56 2.68 3.84 3 3.2 3.44 1.68 3.96 3.24 2.52 0.8 3.12 2.44 3.8 3.16 3.52 2.88 1.24 0.64 2.12 3.64 2.2 2.84 2.56 2.36 3.08 1.68 1.2 2.64 3 3.28 2.48 0.64 3.8 0.88 2.96 4 2 2 
2 2 2 4 3.96 2.88 2.76 0.6 3.44 2.2 3.92 3.56 2.12 3.64 3.08 0.48 3.96 2.44 0.96 3.56 1.16 3.84 3.52 1.2 3.92 0.6 1.32 3.08 3.84 3.6 3.36 2.12 3.92 3.72 2.52 2.36 3.24 2.12 3.04 4 2.96 3.96 2.96 4 3.04 2.12 3.24 2.36 2.52 3.72 3.92 2.12 3.36 3.6 3.84 3.08 1.32 0.6 3.92 1.2 3.52 3.84 1.16 3.56 0.96 2.44 3.96 0.48 3.08 3.64 2.12 3.56 3.92 2.2 3.44 0.6 2.76 2.88 3.96 4 2 2 2 
2 2 2 2 4 3.96 3.88 3.76 2.6 2.4 2.16 3.88 2.52 2.12 1.68 1.24 2.84 3.44 1.04 3.72 2.4 3.12 0.84 2.6 2.36 3.12 1.88 2.68 2.48 2.28 2.08 0.88 2.72 2.56 1.4 1.28 3.2 3.12 0.04 3.04 4.04 4.04 4.04 3.04 0.04 3.12 3.2 1.28 1.4 2.56 2.72 0.88 2.08 2.28 2.48 2.68 1.88 3.12 2.36 2.6 0.84 3.12 2.4 3.72 1.04 3.44 2.84 1.24 1.68 2.12 2.52 3.88 2.16 2.4 2.6 3.76 3.88 3.96 4 2 2 2 2 
2 2 2 2 2 4 3.96 3.88 3.76 3.6 3.4 3.16 3.88 3.56 1.2 3.88 3.56 3.24 1.92 1.64 3.4 2.16 3.96 3.76 3.56 3.36 2.16 4 3.84 3.68 3.52 3.36 1.2 3.08 1.96 3.88 1.8 3.76 2.72 3.72 3.72 3.72 3.72 3.72 2.72 3.76 1.8 3.88 1.96 3.08 1.2 3.36 3.52 3.68 3.84 4 2.16 3.36 3.56 3.76 3.96 2.16 3.4 1.64 1.92 3.24 3.56 3.88 1.2 3.56 3.88 3.16 3.4 3.6 3.76 3.88 3.96 4 2 2 2 2 2 
2 2 2 2 2 2 4 3.96 3.88 3.76 3.6 3.4 2.16 3.92 2.64 0.36 2.12 2.88 3.64 2.4 3.2 2 3.84 3.68 3.52 3.36 3.2 1.04 2.92 3.8 3.68 3.56 3.44 1.32 3.24 1.16 3.12 1.08 3.08 3.08 3.08 3.08 3.08 3.08 3.08 1.08 3.12 1.16 3.24 1.32 3.44 3.56 3.68 3.8 2.92 1.04 3.2 3.36 3.52 3.68 3.84 2 3.2 2.4 3.64 2.88 2.12 0.36 2.64 3.92 2.16 3.4 3.6 3.76 3.88 3.96 4 2 2 2 2 2 2 
2 2 2 2 2 2 2 4 3.96 3.88 3.76 3.6 2.4 2.2 3 3.8 3.6 3.4 3.2 2 3.84 3.68 1.52 2.4 3.28 3.16 4.04 3.92 2.8 0.68 2.6 3.52 3.44 3.36 1.28 3.24 1.2 3.2 3.2 3.2 3.2 3.2 3.2 3.2 3.2 3.2 1.2 3.24 1.28 3.36 3.44 3.52 2.6 0.68 2.8 3.92 4.04 3.16 3.28 2.4 1.52 3.68 3.84 2 3.2 3.4 3.6 3.8 3 2.2 2.4 3.6 3.76 3.88 3.96 4 2 2 2 2 2 2 2 
2 2 2 2 2 2 2 2 4 3.96 3.88 3.76 2.6 3.44 3.28 3.12 2.96 2.8 2.64 2.48 0.32 2.2 1.08 4 0.88 3.8 0.68 2.6 3.52 3.44 2.36 0.28 2.24 3.2 3.16 1.12 3.12 3.12 3.12 3.12 3.12 3.12 3.12 3.12 3.12 3.12 3.12 1.12 3.16 3.2 2.24 0.28 2.36 3.44 3.52 2.6 0.68 3.8 0.88 4 1.08 2.2 0.32 2.48 2.64 2.8 2.96 3.12 3.28 3.44 2.6 3.76 3.88 3.96 4 2 2 2 2 2 2 2 2 
2 2 2 2 2 2 2 2 2 4 3.96 3.88 3.76 0.6 2.48 2.36 3.24 3.12 4 3.88 3.76 1.64 3.56 3.48 3.4 3.32 3.24 2.16 0.08 2.04 3 3.96 2.92 0.88 2.88 3.88 3.88 3.88 3.88 3.88 3.88 3.88 3.88 3.88 3.88 3.88 3.88 3.88 2.88 0.88 2.92 3.96 3 2.04 0.08 2.16 3.24 3.32 3.4 3.48 3.56 1.64 3.76 3.88 4 3.12 3.24 2.36 2.48 0.6 3.76 3.88 3.96 4 2 2 2 2 2 2 2 2 2 
2 2 2 2 2 2 2 2 2 2 4 3.96 3.88 2.76 0.64 3.56 0.44 3.36 0.24 2.16 3.08 4 2.92 0.84 3.8 0.72 2.68 3.64 3.6 3.56 2.52 0.48 2.48 3.48 3.48 3.48 3.48 3.48 3.48 3.48 3.48 3.48 3.48 3.48 3.48 3.48 3.48 3.48 3.48 3.48 2.48 0.48 2.52 3.56 3.6 3.64 2.68 0.72 3.8 0.84 2.92 4 3.08 2.16 0.24 3.36 0.44 3.56 0.64 2.76 3.88 3.96 4 2 2 2 2 2 2 2 2 2 2 
2 2 2 2 2 2 2 2 2 2 2 4 3.96 2.88 3.8 2.72 3.64 2.56 3.48 2.4 2.32 0.24 2.2 3.16 3.12 3.08 3.04 1 4 0.96 2.96 3.96 3.96 3.96 3.96 3.96 3.96 3.96 3.96 3.96 3.96 3.96 3.96 3.96 3.96 3.96 3.96 3.96 3.96 3.96 3.96 3.96 2.96 0.96 4 1 3.04 3.08 3.12 3.16 2.2 0.24 2.32 2.4 3.48 2.56 3.64 2.72 3.8 2.88 3.96 4 2 2 2 2 2 2 2 2 2 2 2 
2 2 2 2 2 2 2 2 2 2 2 2 4 3.96 0.88 3.84 0.76 3.72 0.64 3.6 0.52 2.48 2.44 2.4 0.36 3.36 0.32 2.32 2.32 3.32 3.32 3.32 3.32 3.32 3.32 3.32 3.32 3.32 3.32 3.32 3.32 3.32 3.32 3.32 3.32 3.32 3.32 3.32 3.32 3.32 3.32 3.32 3.32 3.32 2.32 2.32 0.32 3.36 0.36 2.4 2.44 2.48 0.52 3.6 0.64 3.72 0.76 3.84 0.88 3.96 4 2 2 2 2 2 2 2 2 2 2 2 2 
2 2 2 2 2 2 2 2 2 2 2 2 2 4 2.96 2.92 2.88 2.84 3.8 2.76 3.72 3.68 2.64 0.6 2.6 2.6 3.6 3.6 3.6 3.6 3.6 3.6 3.6 3.6 3.6 3.6 3.6 3.6 3.6 3.6 3.6 3.6 3.6 3.6 3.6 3.6 3.6 3.6 3.6 3.6 3.6 3.6 3.6 3.6 3.6 3.6 3.6 2.6 2.6 0.6 2.64 3.68 3.72 2.76 3.8 2.84 2.88 2.92 2.96 4 2 2 2 2 2 2 2 2 2 2 2 2 2 
2 2 2 2 2 2 2 2 2 2 2 2 2 2 4 0.96 3.96 2.92 0.88 3.88 2.84 0.8 2.8 3.8 3.8 3.8 3.8 3.8 3.8 3.8 3.8 3.8 3.8 3.8 3.8 3.8 3.8 3.8 3.8 3.8 3.8 3.8 3.8 3.8 3.8 3.8 3.8 3.8 3.8 3.8 3.8 3.8 3.8 3.8 3.8 3.8 3.8 3.8 3.8 3.8 2.8 0.8 2.84 3.88 0.88 2.92 3.96 0.96 4 2 2 2 2 2 2 2 2 2 2 2 2 2 2 
2 2 2 2 2 2 2 2 2 2 2 2 2 2 2 3 4 0.96 2.96 3.96 0.92 2.92 2.92 2.92 2.92 2.92 2.92 2.92 2.92 2.92 2.92 2.92 2.92 2.92 2.92 2.92 2.92 2.92 2.92 2.92 2.92 2.92 2.92 2.92 2.92 2.92 2.92 2.92 2.92 2.92 2.92 2.92 2.92 2.92 2.92 2.92 2.92 2.92 2.92 2.92 2.92 2.92 0.92 3.96 2.96 0.96 4 3 2 2 2 2 2 2 2 2 2 2 2 2 2 2 2 
2 2 2 2 2 2 2 2 2 2 2 2 2 2 2 2 2 3 3 3 4 4 4 4 4 4 4 4 4 4 4 4 4 4 4 4 4 4 4 4 4 4 4 4 4 4 4 4 4 4 4 4 4 4 4 4 4 4 4 4 4 4 4 3 3 3 2 2 2 2 2 2 2 2 2 2 2 2 2 2 2 2 2 
