0.99 0.99 0.99 0.99 0.99 0.99 0.99 0.99 0.99 0.99 0.99 0.99 0.99 0.99 0.99 0.99 0.99 0.99 0.99 0.99 1.99 1.99 2.99 2.99 2.99 2.99 2.99 2.99 2.99 2.99 2.99 2.99 2.99 2.99 2.99 2.99 2.99 2.99 2.99 2.99 2.99 2.99 2.99 2.99 2.99 1.99 1.99 0.99 0.99 0.99 0.99 0.99 0.99 0.99 0.99 0.99 0.99 0.99 0.99 0.99 0.99 0.99 0.99 0.99 0.99 0.99 0.99 
0.99 0.99 0.99 0.99 0.99 0.99 0.99 0.99 0.99 0.99 0.99 0.99 0.99 0.99 0.99 0.99 0.99 1.99 1.99 3.99 0.95 3.95 0.91 2.91 2.91 3.91 3.91 3.91 3.91 3.91 3.91 3.91 3.91 3.91 3.91 3.91 3.91 3.91 3.91 3.91 3.91 3.91 2.91 2.91 0.91 3.95 0.95 3.99 1.99 1.99 0.99 0.99 0.99 0.99 0.99 0.99 0.99 0.99 0.99 0.99 0.99 0.99 0.99 0.99 0.99 0.99 0.99 
0.99 0.99 0.99 0.99 0.99 0.99 0.99 0.99 0.99 0.99 0.99 0.99 0.99 0.99 0.99 1.99 3.99 0.95 3.95 2.91 2.87 2.83 2.79 0.75 3.75 0.71 2.71 3.71 3.71 3.71 3.71 3.71 3.71 3.71 3.71 3.71 3.71 3.71 3.71 3.71 2.71 0.71 3.75 0.75 2.79 2.83 2.87 2.91 3.95 0.95 3.99 1.99 0.99 0.99 0.99 0.99 0.99 0.99 0.99 0.99 0.99 0.99 0.99 0.99 0.99 0.99 0.99 
0.99 0.99 0.99 0.99 0.99 0.99 0.99 0.99 0.99 0.99 0.99 0.99 0.99 1.99 3.99 2.95 2.91 3.87 3.83 0.75 3.71 0.63 2.59 3.55 3.51 3.47 2.43 0.39 2.39 3.39 3.39 3.39 3.39 3.39 3.39 3.39 3.39 3.39 2.39 0.39 2.43 3.47 3.51 3.55 2.59 0.63 3.71 0.75 3.83 3.87 2.91 2.95 3.99 1.99 0.99 0.99 0.99 0.99 0.99 0.99 0.99 0.99 0.99 0.99 0.99 0.99 0.99 
0.99 0.99 0.99 0.99 0.99 0.99 0.99 0.99 0.99 0.99 0.99 1.99 3.99 2.95 3.91 2.83 2.75 0.67 3.63 3.55 3.47 3.39 3.31 2.23 0.15 2.11 3.07 4.03 3.99 1.95 3.95 3.95 3.95 3.95 3.95 3.95 3.95 1.95 3.99 4.03 3.07 2.11 0.15 2.23 3.31 3.39 3.47 3.55 3.63 0.67 2.75 2.83 3.91 2.95 3.99 1.99 0.99 0.99 0.99 0.99 0.99 0.99 0.99 0.99 0.99 0.99 0.99 
0.99 0.99 0.99 0.99 0.99 0.99 0.99 0.99 0.99 0.99 2.99 1.95 3.91 2.83 3.75 2.63 0.51 2.43 3.35 2.23 1.11 4.03 0.91 2.83 3.75 3.67 3.59 3.51 1.43 3.39 1.35 3.35 3.35 3.35 3.35 3.35 1.35 3.39 1.43 3.51 3.59 3.67 3.75 2.83 0.91 4.03 1.11 2.23 3.35 2.43 0.51 2.63 3.75 2.83 3.91 1.95 2.99 0.99 0.99 0.99 0.99 0.99 0.99 0.99 0.99 0.99 0.99 
0.99 0.99 0.99 0.99 0.99 0.99 0.99 0.99 1.99 3.99 3.95 3.87 1.75 2.63 3.51 0.35 3.23 3.11 3.99 2.83 1.67 2.55 3.43 3.31 3.19 3.07 2.95 0.83 2.75 1.67 3.63 2.59 3.59 3.59 3.59 2.59 3.63 1.67 2.75 0.83 2.95 3.07 3.19 3.31 3.43 2.55 1.67 2.83 3.99 3.11 3.23 0.35 3.51 2.63 1.75 3.87 3.95 3.99 1.99 0.99 0.99 0.99 0.99 0.99 0.99 0.99 0.99 
0.99 0.99 0.99 0.99 0.99 0.99 0.99 2.99 1.95 2.91 3.83 3.71 3.55 0.35 2.19 4.03 0.83 2.67 3.51 2.31 1.11 2.95 2.79 3.63 3.47 3.31 2.15 4.03 3.91 2.79 3.71 0.63 3.63 3.63 3.63 0.63 3.71 2.79 3.91 4.03 2.15 3.31 3.47 3.63 2.79 2.95 1.11 2.31 3.51 2.67 0.83 4.03 2.19 0.35 3.55 3.71 3.83 2.91 1.95 2.99 0.99 0.99 0.99 0.99 0.99 0.99 0.99 
0.99 0.99 0.99 0.99 0.99 0.99 1.99 1.95 0.87 3.79 0.63 2.47 3.27 3.03 0.79 3.59 2.35 1.11 3.91 2.67 3.43 1.19 3.99 0.75 2.55 3.35 2.15 3.99 3.83 2.67 2.55 2.47 2.43 3.43 2.43 2.47 2.55 2.67 3.83 3.99 2.15 3.35 2.55 0.75 3.99 1.19 3.43 2.67 3.91 1.11 2.35 3.59 0.79 3.03 3.27 2.47 0.63 3.79 0.87 1.95 1.99 0.99 0.99 0.99 0.99 0.99 0.99 
0.99 0.99 0.99 0.99 0.99 0.99 3.99 2.91 3.79 2.63 3.43 3.19 2.91 0.59 2.31 2.03 3.75 1.43 2.15 3.87 1.55 3.27 2.99 3.71 3.43 2.15 3.91 2.67 3.47 2.27 1.11 4.03 0.95 3.95 0.95 4.03 1.11 2.27 3.47 2.67 3.91 2.15 3.43 3.71 2.99 3.27 1.55 3.87 2.15 1.43 3.75 2.03 2.31 0.59 2.91 3.19 3.43 2.63 3.79 2.91 3.99 0.99 0.99 0.99 0.99 0.99 0.99 
0.99 0.99 0.99 0.99 0.99 2.99 3.95 3.83 0.63 3.43 2.15 2.83 3.47 2.07 3.71 3.35 3.99 1.59 3.23 3.87 1.47 3.11 3.75 3.39 3.03 1.67 3.35 1.03 3.79 2.55 1.35 2.23 3.15 1.11 3.15 2.23 1.35 2.55 3.79 1.03 3.35 1.67 3.03 3.39 3.75 3.11 1.47 3.87 3.23 1.59 3.99 3.35 3.71 2.07 3.47 2.83 2.15 3.43 0.63 3.83 3.95 2.99 0.99 0.99 0.99 0.99 0.99 
0.99 0.99 0.99 0.99 1.99 1.95 3.87 3.71 2.47 3.19 2.83 1.39 3.91 1.39 0.91 2.47 4.03 3.55 1.07 3.63 3.15 2.67 1.19 2.75 3.31 3.87 1.43 1.03 2.71 3.43 3.19 4.03 1.91 1.87 1.91 4.03 3.19 3.43 2.71 1.03 1.43 3.87 3.31 2.75 1.19 2.67 3.15 3.63 1.07 3.55 4.03 2.47 0.91 1.39 3.91 1.39 2.83 3.19 2.47 3.71 3.87 1.95 1.99 0.99 0.99 0.99 0.99 
0.99 0.99 0.99 0.99 3.99 3.91 1.75 3.55 3.27 2.91 3.47 3.91 3.1 3.46 2.86 3.3 3.74 0.14 2.58 3.02 1.42 1.82 0.22 1.66 2.1 1.54 4.02 1.5 1.06 2.7 0.38 2.18 3.06 4.02 3.06 2.18 0.38 2.7 1.06 1.5 4.02 1.54 2.1 1.66 0.22 1.82 1.42 3.02 2.58 0.14 3.74 3.3 2.86 3.46 3.1 3.91 3.47 2.91 3.27 3.55 1.75 3.91 3.99 0.99 0.99 0.99 0.99 
0.99 0.99 0.99 1.99 2.95 2.83 2.63 0.35 3.03 0.59 2.07 1.39 3.46 3.7 2.98 3.3 2.62 3.94 0.22 3.54 3.82 1.06 3.34 3.62 3.9 3.18 3.5 2.86 3.3 3.82 2.42 2.14 3.98 0.9 3.98 2.14 2.42 3.82 3.3 2.86 3.5 3.18 3.9 3.62 3.34 1.06 3.82 3.54 0.22 3.94 2.62 3.3 2.98 3.7 3.46 1.39 2.07 0.59 3.03 0.35 2.63 2.83 2.95 1.99 0.99 0.99 0.99 
0.99 0.99 0.99 3.99 3.91 3.75 3.51 2.19 0.79 2.31 3.71 0.91 2.86 2.98 2.14 2.34 1.54 2.74 2.9 1.02 2.14 2.22 2.3 2.38 3.46 2.54 1.66 2.86 3.14 0.5 3.02 3.66 2.42 3.34 2.42 3.66 3.02 0.5 3.14 2.86 1.66 2.54 3.46 2.38 2.3 2.22 2.14 1.02 2.9 2.74 1.54 2.34 2.14 2.98 2.86 0.91 3.71 2.31 0.79 2.19 3.51 3.75 3.91 3.99 0.99 0.99 0.99 
0.99 0.99 1.99 2.95 2.83 2.63 0.35 4.03 3.59 2.03 3.35 2.47 3.3 3.3 2.34 2.42 3.5 2.54 3.54 0.46 3.38 1.22 2.06 3.9 1.7 2.54 2.42 1.38 2.46 2.66 3.02 3.54 2.22 1.1 2.22 3.54 3.02 2.66 2.46 1.38 2.42 2.54 1.7 3.9 2.06 1.22 3.38 0.46 3.54 2.54 3.5 2.42 2.34 3.3 3.3 2.47 3.35 2.03 3.59 4.03 0.35 2.63 2.83 2.95 1.99 0.99 0.99 
0.99 0.99 3.99 2.91 2.75 0.51 3.23 0.83 2.35 3.75 3.99 4.03 3.74 2.62 1.54 3.5 2.42 3.3 3.1 3.82 3.46 2.02 0.54 3.06 1.54 2.06 0.62 2.3 2.1 2.06 3.22 2.58 3.18 1.02 3.18 2.58 3.22 2.06 2.1 2.3 0.62 2.06 1.54 3.06 0.54 2.02 3.46 3.82 3.1 3.3 2.42 3.5 1.54 2.62 3.74 4.03 3.99 3.75 2.35 0.83 3.23 0.51 2.75 2.91 3.99 0.99 0.99 
0.99 1.99 0.95 3.87 0.67 2.43 3.11 2.67 1.11 1.43 1.59 3.55 0.14 3.94 2.74 2.54 3.3 3.98 3.54 2.98 1.3 2.54 3.7 1.78 1.86 3.98 3.14 3.42 3.86 3.5 3.38 2.54 3.02 0.82 3.02 2.54 3.38 3.5 3.86 3.42 3.14 3.98 1.86 1.78 3.7 2.54 1.3 2.98 3.54 3.98 3.3 2.54 2.74 3.94 0.14 3.55 1.59 1.43 1.11 2.67 3.11 2.43 0.67 3.87 0.95 1.99 0.99 
0.99 1.99 3.95 3.83 3.63 3.35 3.99 3.51 3.91 2.15 3.23 1.07 2.58 0.22 2.9 3.54 3.1 3.54 2.82 2.94 3.9 2.7 3.38 0.94 3.5 2.06 2.7 1.46 0.42 2.66 0.18 2.1 2.42 2.18 2.42 2.1 0.18 2.66 0.42 1.46 2.7 2.06 3.5 0.94 3.38 2.7 3.9 2.94 2.82 3.54 3.1 3.54 2.9 0.22 2.58 1.07 3.23 2.15 3.91 3.51 3.99 3.35 3.63 3.83 3.95 1.99 0.99 
0.99 3.99 2.91 0.75 3.55 2.23 2.83 2.31 2.67 3.87 3.87 3.63 3.02 3.54 1.02 0.46 3.82 2.98 2.94 2.66 0.14 1.42 2.5 3.42 1.26 3.14 3.1 3.22 3.58 3.26 3.34 3.9 1.98 0.66 1.98 3.9 3.34 3.26 3.58 3.22 3.1 3.14 1.26 3.42 2.5 1.42 0.14 2.66 2.94 2.98 3.82 0.46 1.02 3.54 3.02 3.63 3.87 3.87 2.67 2.31 2.83 2.23 3.55 0.75 2.91 3.99 0.99 
1.99 0.95 2.87 3.71 3.47 1.11 1.67 1.11 3.43 1.55 1.47 3.15 1.42 3.82 2.14 3.38 3.46 1.3 3.9 0.14 3.1 2.7 2.98 2.02 3.98 2.94 3.02 3.3 2.86 1.82 3.3 2.38 2.18 3.78 2.18 2.38 3.3 1.82 2.86 3.3 3.02 2.94 3.98 2.02 2.98 2.7 3.1 0.14 3.9 1.3 3.46 3.38 2.14 3.82 1.42 3.15 1.47 1.55 3.43 1.11 1.67 1.11 3.47 3.71 2.87 0.95 1.99 
1.99 3.95 2.83 0.63 3.39 4.03 2.55 2.95 1.19 3.27 3.11 2.67 1.82 1.06 2.22 1.22 2.02 2.54 2.7 1.42 2.7 3.46 1.7 3.58 3.34 3.14 3.1 3.3 0.82 3.86 2.5 1.94 2.34 0.78 2.34 1.94 2.5 3.86 0.82 3.3 3.1 3.14 3.34 3.58 1.7 3.46 2.7 1.42 2.7 2.54 2.02 1.22 2.22 1.06 1.82 2.67 3.11 3.27 1.19 2.95 2.55 4.03 3.39 0.63 2.83 3.95 1.99 
2.99 0.91 2.79 2.59 3.31 0.91 3.43 2.79 3.99 2.99 3.75 1.19 0.22 3.34 2.3 2.06 0.54 3.7 3.38 2.5 2.98 1.7 2.62 3.82 4.02 1.34 1.9 3.74 3.94 3.7 2.22 1.78 3.62 1.86 3.62 1.78 2.22 3.7 3.94 3.74 1.9 1.34 4.02 3.82 2.62 1.7 2.98 2.5 3.38 3.7 0.54 2.06 2.3 3.34 0.22 1.19 3.75 2.99 3.99 2.79 3.43 0.91 3.31 2.59 2.79 0.91 2.99 
2.99 2.91 0.75 3.55 2.23 2.83 3.31 3.63 0.75 3.71 3.39 2.75 1.66 3.62 2.38 3.9 3.06 1.78 0.94 3.42 2.02 3.58 3.82 1.4 3.64 1.2 3.04 3.12 1.56 3.64 3.64 3.96 2.96 2.92 2.96 3.96 3.64 3.64 1.56 3.12 3.04 1.2 3.64 1.4 3.82 3.58 2.02 3.42 0.94 1.78 3.06 3.9 2.38 3.62 1.66 2.75 3.39 3.71 0.75 3.63 3.31 2.83 2.23 3.55 0.75 2.91 2.99 
2.99 2.91 3.75 3.51 0.15 3.75 3.19 3.47 2.55 3.43 3.03 3.31 2.1 3.9 3.46 1.7 1.54 1.86 3.5 1.26 3.98 3.34 4.02 3.64 3.92 3.52 3.28 2.16 2.32 2.08 1.92 2.44 3.24 0.76 3.24 2.44 1.92 2.08 2.32 2.16 3.28 3.52 3.92 3.64 4.02 3.34 3.98 1.26 3.5 1.86 1.54 1.7 3.46 3.9 2.1 3.31 3.03 3.43 2.55 3.47 3.19 3.75 0.15 3.51 3.75 2.91 2.99 
2.99 3.91 0.71 3.47 2.11 3.67 3.07 3.31 3.35 2.15 1.67 3.87 1.54 3.18 2.54 2.54 2.06 3.98 2.06 3.14 2.94 3.14 1.34 1.2 3.52 0.92 2.24 3.4 3.56 3.16 3.92 2.76 2.72 3.6 2.72 2.76 3.92 3.16 3.56 3.4 2.24 0.92 3.52 1.2 1.34 3.14 2.94 3.14 2.06 3.98 2.06 2.54 2.54 3.18 1.54 3.87 1.67 2.15 3.35 3.31 3.07 3.67 2.11 3.47 0.71 3.91 2.99 
2.99 3.91 2.71 2.43 3.07 3.59 2.95 2.15 2.15 3.91 3.35 1.43 4.02 3.5 1.66 2.42 0.62 3.14 2.7 3.1 3.02 3.1 1.9 3.04 3.28 2.24 2.64 3.36 3.56 3.8 3.08 1.88 3.96 2.76 3.96 1.88 3.08 3.8 3.56 3.36 2.64 2.24 3.28 3.04 1.9 3.1 3.02 3.1 2.7 3.14 0.62 2.42 1.66 3.5 4.02 1.43 3.35 3.91 2.15 2.15 2.95 3.59 3.07 2.43 2.71 3.91 2.99 
2.99 3.91 3.71 0.39 4.03 3.51 0.83 4.03 3.99 2.67 1.03 1.03 1.5 2.86 2.86 1.38 2.3 3.42 1.46 3.22 3.3 3.3 3.74 3.12 2.16 3.4 3.36 3.8 2.8 4 2.72 1.24 3.56 1.52 3.56 1.24 2.72 4 2.8 3.8 3.36 3.4 2.16 3.12 3.74 3.3 3.3 3.22 1.46 3.42 2.3 1.38 2.86 2.86 1.5 1.03 1.03 2.67 3.99 4.03 0.83 3.51 4.03 0.39 3.71 3.91 2.99 
2.99 3.91 3.71 2.39 3.99 1.43 2.75 3.91 3.83 3.47 3.79 2.71 1.06 3.3 3.14 2.46 2.1 3.86 0.42 3.58 2.86 0.82 3.94 1.56 2.32 3.56 3.56 2.8 3.12 3 1.04 3.56 3.64 1.2 3.64 3.56 1.04 3 3.12 2.8 3.56 3.56 2.32 1.56 3.94 0.82 2.86 3.58 0.42 3.86 2.1 2.46 3.14 3.3 1.06 2.71 3.79 3.47 3.83 3.91 2.75 1.43 3.99 2.39 3.71 3.91 2.99 
2.99 3.91 3.71 3.39 1.95 3.39 1.67 2.79 2.67 2.27 2.55 3.43 2.7 3.82 0.5 2.66 2.06 3.5 2.66 3.26 1.82 3.86 3.7 3.64 2.08 3.16 3.8 4 3 1.72 3.56 3.72 3.76 2.28 3.76 3.72 3.56 1.72 3 4 3.8 3.16 2.08 3.64 3.7 3.86 1.82 3.26 2.66 3.5 2.06 2.66 0.5 3.82 2.7 3.43 2.55 2.27 2.67 2.79 1.67 3.39 1.95 3.39 3.71 3.91 2.99 
2.99 3.91 3.71 3.39 3.95 1.35 3.63 3.71 2.55 1.11 1.35 3.19 0.38 2.42 3.02 3.02 3.22 3.38 0.18 3.34 3.3 2.5 2.22 3.64 1.92 3.92 3.08 2.72 1.04 3.56 1.08 2.48 3.4 1.84 3.4 2.48 1.08 3.56 1.04 2.72 3.08 3.92 1.92 3.64 2.22 2.5 3.3 3.34 0.18 3.38 3.22 3.02 3.02 2.42 0.38 3.19 1.35 1.11 2.55 3.71 3.63 1.35 3.95 3.39 3.71 3.91 2.99 
2.99 3.91 3.71 3.39 3.95 3.35 2.59 0.63 2.47 4.03 2.23 4.03 2.18 2.14 3.66 3.54 2.58 2.54 2.1 3.9 2.38 1.94 1.78 3.96 2.44 2.76 1.88 1.24 3.56 3.72 2.48 3.52 3.64 3.16 3.64 3.52 2.48 3.72 3.56 1.24 1.88 2.76 2.44 3.96 1.78 1.94 2.38 3.9 2.1 2.54 2.58 3.54 3.66 2.14 2.18 4.03 2.23 4.03 2.47 0.63 2.59 3.35 3.95 3.39 3.71 3.91 2.99 
2.99 3.91 3.71 3.39 3.95 3.35 3.59 3.63 2.43 0.95 3.15 1.91 3.06 3.98 2.42 2.22 3.18 3.02 2.42 1.98 2.18 2.34 3.62 2.96 3.24 2.72 3.96 3.56 3.64 3.76 3.4 3.64 3.64 3.4 3.64 3.64 3.4 3.76 3.64 3.56 3.96 2.72 3.24 2.96 3.62 2.34 2.18 1.98 2.42 3.02 3.18 2.22 2.42 3.98 3.06 1.91 3.15 0.95 2.43 3.63 3.59 3.35 3.95 3.39 3.71 3.91 2.99 
2.99 3.91 3.71 3.39 3.95 3.35 3.59 3.63 3.43 3.95 1.11 1.87 4.02 0.9 3.34 1.1 1.02 0.82 2.18 0.66 3.78 0.78 1.86 2.92 0.76 3.6 2.76 1.52 1.2 2.28 1.84 3.16 3.4 2.36 3.4 3.16 1.84 2.28 1.2 1.52 2.76 3.6 0.76 2.92 1.86 0.78 3.78 0.66 2.18 0.82 1.02 1.1 3.34 0.9 4.02 1.87 1.11 3.95 3.43 3.63 3.59 3.35 3.95 3.39 3.71 3.91 2.99 
2.99 3.91 3.71 3.39 3.95 3.35 3.59 3.63 2.43 0.95 3.15 1.91 3.06 3.98 2.42 2.22 3.18 3.02 2.42 1.98 2.18 2.34 3.62 2.96 3.24 2.72 3.96 3.56 3.64 3.76 3.4 3.64 3.64 3.4 3.64 3.64 3.4 3.76 3.64 3.56 3.96 2.72 3.24 2.96 3.62 2.34 2.18 1.98 2.42 3.02 3.18 2.22 2.42 3.98 3.06 1.91 3.15 0.95 2.43 3.63 3.59 3.35 3.95 3.39 3.71 3.91 2.99 
2.99 3.91 3.71 3.39 3.95 3.35 2.59 0.63 2.47 4.03 2.23 4.03 2.18 2.14 3.66 3.54 2.58 2.54 2.1 3.9 2.38 1.94 1.78 3.96 2.44 2.76 1.88 1.24 3.56 3.72 2.48 3.52 3.64 3.16 3.64 3.52 2.48 3.72 3.56 1.24 1.88 2.76 2.44 3.96 1.78 1.94 2.38 3.9 2.1 2.54 2.58 3.54 3.66 2.14 2.18 4.03 2.23 4.03 2.47 0.63 2.59 3.35 3.95 3.39 3.71 3.91 2.99 
2.99 3.91 3.71 3.39 3.95 1.35 3.63 3.71 2.55 1.11 1.35 3.19 0.38 2.42 3.02 3.02 3.22 3.38 0.18 3.34 3.3 2.5 2.22 3.64 1.92 3.92 3.08 2.72 1.04 3.56 1.08 2.48 3.4 1.84 3.4 2.48 1.08 3.56 1.04 2.72 3.08 3.92 1.92 3.64 2.22 2.5 3.3 3.34 0.18 3.38 3.22 3.02 3.02 2.42 0.38 3.19 1.35 1.11 2.55 3.71 3.63 1.35 3.95 3.39 3.71 3.91 2.99 
2.99 3.91 3.71 3.39 1.95 3.39 1.67 2.79 2.67 2.27 2.55 3.43 2.7 3.82 0.5 2.66 2.06 3.5 2.66 3.26 1.82 3.86 3.7 3.64 2.08 3.16 3.8 4 3 1.72 3.56 3.72 3.76 2.28 3.76 3.72 3.56 1.72 3 4 3.8 3.16 2.08 3.64 3.7 3.86 1.82 3.26 2.66 3.5 2.06 2.66 0.5 3.82 2.7 3.43 2.55 2.27 2.67 2.79 1.67 3.39 1.95 3.39 3.71 3.91 2.99 
2.99 3.91 3.71 2.39 3.99 1.43 2.75 3.91 3.83 3.47 3.79 2.71 1.06 3.3 3.14 2.46 2.1 3.86 0.42 3.58 2.86 0.82 3.94 1.56 2.32 3.56 3.56 2.8 3.12 3 1.04 3.56 3.64 1.2 3.64 3.56 1.04 3 3.12 2.8 3.56 3.56 2.32 1.56 3.94 0.82 2.86 3.58 0.42 3.86 2.1 2.46 3.14 3.3 1.06 2.71 3.79 3.47 3.83 3.91 2.75 1.43 3.99 2.39 3.71 3.91 2.99 
2.99 3.91 3.71 0.39 4.03 3.51 0.83 4.03 3.99 2.67 1.03 1.03 1.5 2.86 2.86 1.38 2.3 3.42 1.46 3.22 3.3 3.3 3.74 3.12 2.16 3.4 3.36 3.8 2.8 4 2.72 1.24 3.56 1.52 3.56 1.24 2.72 4 2.8 3.8 3.36 3.4 2.16 3.12 3.74 3.3 3.3 3.22 1.46 3.42 2.3 1.38 2.86 2.86 1.5 1.03 1.03 2.67 3.99 4.03 0.83 3.51 4.03 0.39 3.71 3.91 2.99 
2.99 3.91 2.71 2.43 3.07 3.59 2.95 2.15 2.15 3.91 3.35 1.43 4.02 3.5 1.66 2.42 0.62 3.14 2.7 3.1 3.02 3.1 1.9 3.04 3.28 2.24 2.64 3.36 3.56 3.8 3.08 1.88 3.96 2.76 3.96 1.88 3.08 3.8 3.56 3.36 2.64 2.24 3.28 3.04 1.9 3.1 3.02 3.1 2.7 3.14 0.62 2.42 1.66 3.5 4.02 1.43 3.35 3.91 2.15 2.15 2.95 3.59 3.07 2.43 2.71 3.91 2.99 
2.99 3.91 0.71 3.47 2.11 3.67 3.07 3.31 3.35 2.15 1.67 3.87 1.54 3.18 2.54 2.54 2.06 3.98 2.06 3.14 2.94 3.14 1.34 1.2 3.52 0.92 2.24 3.4 3.56 3.16 3.92 2.76 2.72 3.6 2.72 2.76 3.92 3.16 3.56 3.4 2.24 0.92 3.52 1.2 1.34 3.14 2.94 3.14 2.06 3.98 2.06 2.54 2.54 3.18 1.54 3.87 1.67 2.15 3.35 3.31 3.07 3.67 2.11 3.47 0.71 3.91 2.99 
2.99 2.91 3.75 3.51 0.15 3.75 3.19 3.47 2.55 3.43 3.03 3.31 2.1 3.9 3.46 1.7 1.54 1.86 3.5 1.26 3.98 3.34 4.02 3.64 3.92 3.52 3.28 2.16 2.32 2.08 1.92 2.44 3.24 0.76 3.24 2.44 1.92 2.08 2.32 2.16 3.28 3.52 3.92 3.64 4.02 3.34 3.98 1.26 3.5 1.86 1.54 1.7 3.46 3.9 2.1 3.31 3.03 3.43 2.55 3.47 3.19 3.75 0.15 3.51 3.75 2.91 2.99 
2.99 2.91 0.75 3.55 2.23 2.83 3.31 3.63 0.75 3.71 3.39 2.75 1.66 3.62 2.38 3.9 3.06 1.78 0.94 3.42 2.02 3.58 3.82 1.4 3.64 1.2 3.04 3.12 1.56 3.64 3.64 3.96 2.96 2.92 2.96 3.96 3.64 3.64 1.56 3.12 3.04 1.2 3.64 1.4 3.82 3.58 2.02 3.42 0.94 1.78 3.06 3.9 2.38 3.62 1.66 2.75 3.39 3.71 0.75 3.63 3.31 2.83 2.23 3.55 0.75 2.91 2.99 
2.99 0.91 2.79 2.59 3.31 0.91 3.43 2.79 3.99 2.99 3.75 1.19 0.22 3.34 2.3 2.06 0.54 3.7 3.38 2.5 2.98 1.7 2.62 3.82 4.02 1.34 1.9 3.74 3.94 3.7 2.22 1.78 3.62 1.86 3.62 1.78 2.22 3.7 3.94 3.74 1.9 1.34 4.02 3.82 2.62 1.7 2.98 2.5 3.38 3.7 0.54 2.06 2.3 3.34 0.22 1.19 3.75 2.99 3.99 2.79 3.43 0.91 3.31 2.59 2.79 0.91 2.99 
1.99 3.95 2.83 0.63 3.39 4.03 2.55 2.95 1.19 3.27 3.11 2.67 1.82 1.06 2.22 1.22 2.02 2.54 2.7 1.42 2.7 3.46 1.7 3.58 3.34 3.14 3.1 3.3 0.82 3.86 2.5 1.94 2.34 0.78 2.34 1.94 2.5 3.86 0.82 3.3 3.1 3.14 3.34 3.58 1.7 3.46 2.7 1.42 2.7 2.54 2.02 1.22 2.22 1.06 1.82 2.67 3.11 3.27 1.19 2.95 2.55 4.03 3.39 0.63 2.83 3.95 1.99 
1.99 0.95 2.87 3.71 3.47 1.11 1.67 1.11 3.43 1.55 1.47 3.15 1.42 3.82 2.14 3.38 3.46 1.3 3.9 0.14 3.1 2.7 2.98 2.02 3.98 2.94 3.02 3.3 2.86 1.82 3.3 2.38 2.18 3.78 2.18 2.38 3.3 1.82 2.86 3.3 3.02 2.94 3.98 2.02 2.98 2.7 3.1 0.14 3.9 1.3 3.46 3.38 2.14 3.82 1.42 3.15 1.47 1.55 3.43 1.11 1.67 1.11 3.47 3.71 2.87 0.95 1.99 
0.99 3.99 2.91 0.75 3.55 2.23 2.83 2.31 2.67 3.87 3.87 3.63 3.02 3.54 1.02 0.46 3.82 2.98 2.94 2.66 0.14 1.42 2.5 3.42 1.26 3.14 3.1 3.22 3.58 3.26 3.34 3.9 1.98 0.66 1.98 3.9 3.34 3.26 3.58 3.22 3.1 3.14 1.26 3.42 2.5 1.42 0.14 2.66 2.94 2.98 3.82 0.46 1.02 3.54 3.02 3.63 3.87 3.87 2.67 2.31 2.83 2.23 3.55 0.75 2.91 3.99 0.99 
0.99 1.99 3.95 3.83 3.63 3.35 3.99 3.51 3.91 2.15 3.23 1.07 2.58 0.22 2.9 3.54 3.1 3.54 2.82 2.94 3.9 2.7 3.38 0.94 3.5 2.06 2.7 1.46 0.42 2.66 0.18 2.1 2.42 2.18 2.42 2.1 0.18 2.66 0.42 1.46 2.7 2.06 3.5 0.94 3.38 2.7 3.9 2.94 2.82 3.54 3.1 3.54 2.9 0.22 2.58 1.07 3.23 2.15 3.91 3.51 3.99 3.35 3.63 3.83 3.95 1.99 0.99 
0.99 1.99 0.95 3.87 0.67 2.43 3.11 2.67 1.11 1.43 1.59 3.55 0.14 3.94 2.74 2.54 3.3 3.98 3.54 2.98 1.3 2.54 3.7 1.78 1.86 3.98 3.14 3.42 3.86 3.5 3.38 2.54 3.02 0.82 3.02 2.54 3.38 3.5 3.86 3.42 3.14 3.98 1.86 1.78 3.7 2.54 1.3 2.98 3.54 3.98 3.3 2.54 2.74 3.94 0.14 3.55 1.59 1.43 1.11 2.67 3.11 2.43 0.67 3.87 0.95 1.99 0.99 
0.99 0.99 3.99 2.91 2.75 0.51 3.23 0.83 2.35 3.75 3.99 4.03 3.74 2.62 1.54 3.5 2.42 3.3 3.1 3.82 3.46 2.02 0.54 3.06 1.54 2.06 0.62 2.3 2.1 2.06 3.22 2.58 3.18 1.02 3.18 2.58 3.22 2.06 2.1 2.3 0.62 2.06 1.54 3.06 0.54 2.02 3.46 3.82 3.1 3.3 2.42 3.5 1.54 2.62 3.74 4.03 3.99 3.75 2.35 0.83 3.23 0.51 2.75 2.91 3.99 0.99 0.99 
0.99 0.99 1.99 2.95 2.83 2.63 0.35 4.03 3.59 2.03 3.35 2.47 3.3 3.3 2.34 2.42 3.5 2.54 3.54 0.46 3.38 1.22 2.06 3.9 1.7 2.54 2.42 1.38 2.46 2.66 3.02 3.54 2.22 1.1 2.22 3.54 3.02 2.66 2.46 1.38 2.42 2.54 1.7 3.9 2.06 1.22 3.38 0.46 3.54 2.54 3.5 2.42 2.34 3.3 3.3 2.47 3.35 2.03 3.59 4.03 0.35 2.63 2.83 2.95 1.99 0.99 0.99 
0.99 0.99 0.99 3.99 3.91 3.75 3.51 2.19 0.79 2.31 3.71 0.91 2.86 2.98 2.14 2.34 1.54 2.74 2.9 1.02 2.14 2.22 2.3 2.38 3.46 2.54 1.66 2.86 3.14 0.5 3.02 3.66 2.42 3.34 2.42 3.66 3.02 0.5 3.14 2.86 1.66 2.54 3.46 2.38 2.3 2.22 2.14 1.02 2.9 2.74 1.54 2.34 2.14 2.98 2.86 0.91 3.71 2.31 0.79 2.19 3.51 3.75 3.91 3.99 0.99 0.99 0.99 
0.99 0.99 0.99 1.99 2.95 2.83 2.63 0.35 3.03 0.59 2.07 1.39 3.46 3.7 2.98 3.3 2.62 3.94 0.22 3.54 3.82 1.06 3.34 3.62 3.9 3.18 3.5 2.86 3.3 3.82 2.42 2.14 3.98 0.9 3.98 2.14 2.42 3.82 3.3 2.86 3.5 3.18 3.9 3.62 3.34 1.06 3.82 3.54 0.22 3.94 2.62 3.3 2.98 3.7 3.46 1.39 2.07 0.59 3.03 0.35 2.63 2.83 2.95 1.99 0.99 0.99 0.99 
0.99 0.99 0.99 0.99 3.99 3.91 1.75 3.55 3.27 2.91 3.47 3.91 3.1 3.46 2.86 3.3 3.74 0.14 2.58 3.02 1.42 1.82 0.22 1.66 2.1 1.54 4.02 1.5 1.06 2.7 0.38 2.18 3.06 4.02 3.06 2.18 0.38 2.7 1.06 1.5 4.02 1.54 2.1 1.66 0.22 1.82 1.42 3.02 2.58 0.14 3.74 3.3 2.86 3.46 3.1 3.91 3.47 2.91 3.27 3.55 1.75 3.91 3.99 0.99 0.99 0.99 0.99 
0.99 0.99 0.99 0.99 1.99 1.95 3.87 3.71 2.47 3.19 2.83 1.39 3.91 1.39 0.91 2.47 4.03 3.55 1.07 3.63 3.15 2.67 1.19 2.75 3.31 3.87 1.43 1.03 2.71 3.43 3.19 4.03 1.91 1.87 1.91 4.03 3.19 3.43 2.71 1.03 1.43 3.87 3.31 2.75 1.19 2.67 3.15 3.63 1.07 3.55 4.03 2.47 0.91 1.39 3.91 1.39 2.83 3.19 2.47 3.71 3.87 1.95 1.99 0.99 0.99 0.99 0.99 
0.99 0.99 0.99 0.99 0.99 2.99 3.95 3.83 0.63 3.43 2.15 2.83 3.47 2.07 3.71 3.35 3.99 1.59 3.23 3.87 1.47 3.11 3.75 3.39 3.03 1.67 3.35 1.03 3.79 2.55 1.35 2.23 3.15 1.11 3.15 2.23 1.35 2.55 3.79 1.03 3.35 1.67 3.03 3.39 3.75 3.11 1.47 3.87 3.23 1.59 3.99 3.35 3.71 2.07 3.47 2.83 2.15 3.43 0.63 3.83 3.95 2.99 0.99 0.99 0.99 0.99 0.99 
0.99 0.99 0.99 0.99 0.99 0.99 3.99 2.91 3.79 2.63 3.43 3.19 2.91 0.59 2.31 2.03 3.75 1.43 2.15 3.87 1.55 3.27 2.99 3.71 3.43 2.15 3.91 2.67 3.47 2.27 1.11 4.03 0.95 3.95 0.95 4.03 1.11 2.27 3.47 2.67 3.91 2.15 3.43 3.71 2.99 3.27 1.55 3.87 2.15 1.43 3.75 2.03 2.31 0.59 2.91 3.19 3.43 2.63 3.79 2.91 3.99 0.99 0.99 0.99 0.99 0.99 0.99 
0.99 0.99 0.99 0.99 0.99 0.99 1.99 1.95 0.87 3.79 0.63 2.47 3.27 3.03 0.79 3.59 2.35 1.11 3.91 2.67 3.43 1.19 3.99 0.75 2.55 3.35 2.15 3.99 3.83 2.67 2.55 2.47 2.43 3.43 2.43 2.47 2.55 2.67 3.83 3.99 2.15 3.35 2.55 0.75 3.99 1.19 3.43 2.67 3.91 1.11 2.35 3.59 0.79 3.03 3.27 2.47 0.63 3.79 0.87 1.95 1.99 0.99 0.99 0.99 0.99 0.99 0.99 
0.99 0.99 0.99 0.99 0.99 0.99 0.99 2.99 1.95 2.91 3.83 3.71 3.55 0.35 2.19 4.03 0.83 2.67 3.51 2.31 1.11 2.95 2.79 3.63 3.47 3.31 2.15 4.03 3.91 2.79 3.71 0.63 3.63 3.63 3.63 0.63 3.71 2.79 3.91 4.03 2.15 3.31 3.47 3.63 2.79 2.95 1.11 2.31 3.51 2.67 0.83 4.03 2.19 0.35 3.55 3.71 3.83 2.91 1.95 2.99 0.99 0.99 0.99 0.99 0.99 0.99 0.99 
0.99 0.99 0.99 0.99 0.99 0.99 0.99 0.99 1.99 3.99 3.95 3.87 1.75 2.63 3.51 0.35 3.23 3.11 3.99 2.83 1.67 2.55 3.43 3.31 3.19 3.07 2.95 0.83 2.75 1.67 3.63 2.59 3.59 3.59 3.59 2.59 3.63 1.67 2.75 0.83 2.95 3.07 3.19 3.31 3.43 2.55 1.67 2.83 3.99 3.11 3.23 0.35 3.51 2.63 1.75 3.87 3.95 3.99 1.99 0.99 0.99 0.99 0.99 0.99 0.99 0.99 0.99 
0.99 0.99 0.99 0.99 0.99 0.99 0.99 0.99 0.99 0.99 2.99 1.95 3.91 2.83 3.75 2.63 0.51 2.43 3.35 2.23 1.11 4.03 0.91 2.83 3.75 3.67 3.59 3.51 1.43 3.39 1.35 3.35 3.35 3.35 3.35 3.35 1.35 3.39 1.43 3.51 3.59 3.67 3.75 2.83 0.91 4.03 1.11 2.23 3.35 2.43 0.51 2.63 3.75 2.83 3.91 1.95 2.99 0.99 0.99 0.99 0.99 0.99 0.99 0.99 0.99 0.99 0.99 
0.99 0.99 0.99 0.99 0.99 0.99 0.99 0.99 0.99 0.99 0.99 1.99 3.99 2.95 3.91 2.83 2.75 0.67 3.63 3.55 3.47 3.39 3.31 2.23 0.15 2.11 3.07 4.03 3.99 1.95 3.95 3.95 3.95 3.95 3.95 3.95 3.95 1.95 3.99 4.03 3.07 2.11 0.15 2.23 3.31 3.39 3.47 3.55 3.63 0.67 2.75 2.83 3.91 2.95 3.99 1.99 0.99 0.99 0.99 0.99 0.99 0.99 0.99 0.99 0.99 0.99 0.99 
0.99 0.99 0.99 0.99 0.99 0.99 0.99 0.99 0.99 0.99 0.99 0.99 0.99 1.99 3.99 2.95 2.91 3.87 3.83 0.75 3.71 0.63 2.59 3.55 3.51 3.47 2.43 0.39 2.39 3.39 3.39 3.39 3.39 3.39 3.39 3.39 3.39 3.39 2.39 0.39 2.43 3.47 3.51 3.55 2.59 0.63 3.71 0.75 3.83 3.87 2.91 2.95 3.99 1.99 0.99 0.99 0.99 0.99 0.99 0.99 0.99 0.99 0.99 0.99 0.99 0.99 0.99 
0.99 0.99 0.99 0.99 0.99 0.99 0.99 0.99 0.99 0.99 0.99 0.99 0.99 0.99 0.99 1.99 3.99 0.95 3.95 2.91 2.87 2.83 2.79 0.75 3.75 0.71 2.71 3.71 3.71 3.71 3.71 3.71 3.71 3.71 3.71 3.71 3.71 3.71 3.71 3.71 2.71 0.71 3.75 0.75 2.79 2.83 2.87 2.91 3.95 0.95 3.99 1.99 0.99 0.99 0.99 0.99 0.99 0.99 0.99 0.99 0.99 0.99 0.99 0.99 0.99 0.99 0.99 
0.99 0.99 0.99 0.99 0.99 0.99 0.99 0.99 0.99 0.99 0.99 0.99 0.99 0.99 0.99 0.99 0.99 1.99 1.99 3.99 0.95 3.95 0.91 2.91 2.91 3.91 3.91 3.91 3.91 3.91 3.91 3.91 3.91 3.91 3.91 3.91 3.91 3.91 3.91 3.91 3.91 3.91 2.91 2.91 0.91 3.95 0.95 3.99 1.99 1.99 0.99 0.99 0.99 0.99 0.99 0.99 0.99 0.99 0.99 0.99 0.99 0.99 0.99 0.99 0.99 0.99 0.99 
0.99 0.99 0.99 0.99 0.99 0.99 0.99 0.99 0.99 0.99 0.99 0.99 0.99 0.99 0.99 0.99 0.99 0.99 0.99 0.99 1.99 1.99 2.99 2.99 2.99 2.99 2.99 2.99 2.99 2.99 2.99 2.99 2.99 2.99 2.99 2.99 2.99 2.99 2.99 2.99 2.99 2.99 2.99 2.99 2.99 1.99 1.99 0.99 0.99 0.99 0.99 0.99 0.99 0.99 0.99 0.99 0.99 0.99 0.99 0.99 0.99 0.99 0.99 0.99 0.99 0.99 0.99 
