3 3 3 3 3 3 3 3 3 3 3 3 3 3 3 3 3 3 3 3 3 3 3 3 3 3 3 3 3 3 3 3 3 3 3 3 3 3 3 3 3 3 3 3 3 3 3 3 3 3 3 3 3 3 3 3 3 3 3 3 3 3 3 3 3 3 3 3 3 3 3 3 3 3 3 3 3 3 3 3 4 4 4 4 4 4 4 4 4 4 4 4 4 4 4 4 4 4 4 4 4 4 4 4 4 4 4 4 4 4 4 4 4 4 4 4 4 4 4 4 4 4 4 4 4 4 4 4 4 4 4 4 4 3 3 3 3 3 3 3 3 3 3 3 3 3 3 3 3 3 3 3 3 3 3 3 3 3 3 3 3 3 3 3 3 3 3 3 3 3 3 3 3 3 3 3 3 3 3 3 3 3 3 3 3 3 3 3 3 3 3 3 3 3 3 3 3 3 3 3 3 3 3 3 3 3 3 3 3 3 3 3 3 
3 3 3 3 3 3 3 3 3 3 3 3 3 3 3 3 3 3 3 3 3 3 3 3 3 3 3 3 3 3 3 3 3 3 3 3 3 3 3 3 3 3 3 3 3 3 3 3 3 3 3 3 3 3 3 3 3 3 3 3 3 3 3 3 3 3 3 3 3 3 3 3 3 3 3 3 3 3 4 6 0 3 3 3 3 3 3 3 3 3 3 3 3 3 3 3 3 3 3 3 3 3 3 3 3 3 3 3 3 3 3 3 3 3 3 3 3 3 3 3 3 3 3 3 3 3 3 3 3 3 3 3 0 6 4 3 3 3 3 3 3 3 3 3 3 3 3 3 3 3 3 3 3 3 3 3 3 3 3 3 3 3 3 3 3 3 3 3 3 3 3 3 3 3 3 3 3 3 3 3 3 3 3 3 3 3 3 3 3 3 3 3 3 3 3 3 3 3 3 3 3 3 3 3 3 3 3 3 3 3 3 3 3 
3 3 3 3 3 3 3 3 3 3 3 3 3 3 3 3 3 3 3 3 3 3 3 3 3 3 3 3 3 3 3 3 3 3 3 3 3 3 3 3 3 3 3 3 3 3 3 3 3 3 3 3 3 3 3 3 3 3 3 3 3 3 3 3 3 3 3 3 3 3 3 3 3 3 3 3 4 6 2 6 5 4 5 5 5 4 4 4 4 4 4 5 5 5 5 5 5 5 5 5 5 5 5 5 4 4 4 4 4 5 5 5 5 5 5 5 5 5 5 5 5 5 4 4 4 4 4 4 5 5 5 4 5 6 2 6 4 3 3 3 3 3 3 3 3 3 3 3 3 3 3 3 3 3 3 3 3 3 3 3 3 3 3 3 3 3 3 3 3 3 3 3 3 3 3 3 3 3 3 3 3 3 3 3 3 3 3 3 3 3 3 3 3 3 3 3 3 3 3 3 3 3 3 3 3 3 3 3 3 3 3 3 3 
3 3 3 3 3 3 3 3 3 3 3 3 3 3 3 3 3 3 3 3 3 3 3 3 3 3 3 3 3 3 3 3 3 3 3 3 3 3 3 3 3 3 3 3 3 3 3 3 3 3 3 3 3 3 3 3 3 3 3 3 3 3 3 3 3 3 3 3 3 3 3 3 3 3 4 6 2 5 5 7 3 4 7 3 0 6 4 4 4 5 7 1 2 2 2 2 2 2 3 3 3 3 2 0 6 4 4 4 6 0 2 3 3 3 3 2 2 2 2 2 2 1 7 5 4 4 4 6 0 3 7 4 3 7 5 5 2 6 4 3 3 3 3 3 3 3 3 3 3 3 3 3 3 3 3 3 3 3 3 3 3 3 3 3 3 3 3 3 3 3 3 3 3 3 3 3 3 3 3 3 3 3 3 3 3 3 3 3 3 3 3 3 3 3 3 3 3 3 3 3 3 3 3 3 3 3 3 3 3 3 3 3 3 
3 3 3 3 3 3 3 3 3 3 3 3 3 3 3 3 3 3 3 3 3 3 3 3 3 3 3 3 3 3 3 3 3 3 3 3 3 3 3 3 3 3 3 3 3 3 3 3 3 3 3 3 3 3 3 3 3 3 3 3 3 3 3 3 3 3 3 3 3 3 3 3 4 6 2 7 5 1 0 4 3 6 0 2 4 2 6 5 6 0 6 2 5 5 7 3 1 5 1 1 2 6 7 1 1 6 4 6 1 1 7 6 2 1 1 5 1 3 7 5 5 2 6 0 6 5 6 2 4 2 0 6 3 4 0 1 5 7 2 6 4 3 3 3 3 3 3 3 3 3 3 3 3 3 3 3 3 3 3 3 3 3 3 3 3 3 3 3 3 3 3 3 3 3 3 3 3 3 3 3 3 3 3 3 3 3 3 3 3 3 3 3 3 3 3 3 3 3 3 3 3 3 3 3 3 3 3 3 3 3 3 3 3 
3 3 3 3 3 3 3 3 3 3 3 3 3 3 3 3 3 3 3 3 3 3 3 3 3 3 3 3 3 3 3 3 3 3 3 3 3 3 3 3 3 3 3 3 3 3 3 3 3 3 3 3 3 3 3 3 3 3 3 3 3 3 3 3 3 3 3 3 3 3 4 7 3 7 5 7 4 5 2 4 5 1 2 4 1 7 5 2 5 3 4 4 3 7 5 2 7 4 6 3 0 6 2 4 6 2 2 2 6 4 2 6 0 3 6 4 7 2 5 7 3 4 4 3 5 2 5 7 1 4 2 1 5 4 2 5 4 7 5 7 3 7 4 3 3 3 3 3 3 3 3 3 3 3 3 3 3 3 3 3 3 3 3 3 3 3 3 3 3 3 3 3 3 3 3 3 3 3 3 3 3 3 3 3 3 3 3 3 3 3 3 3 3 3 3 3 3 3 3 3 3 3 3 3 3 3 3 3 3 3 3 3 3 
3 3 3 3 3 3 3 3 3 3 3 3 3 3 3 3 3 3 3 3 3 3 3 3 3 3 3 3 3 3 3 3 3 3 3 3 3 3 3 3 3 3 3 3 3 3 3 3 3 3 3 3 3 3 3 3 3 3 3 3 3 3 3 3 3 3 3 3 4 6 4 1 1 6 2 2 1 3 2 3 5 2 7 3 4 6 7 3 7 0 7 6 7 6 2 4 7 6 7 2 3 3 7 6 3 6 7 6 3 6 7 3 3 2 7 6 7 4 2 6 7 6 7 0 7 3 7 6 4 3 7 2 5 3 2 3 1 2 2 6 1 1 4 6 4 3 3 3 3 3 3 3 3 3 3 3 3 3 3 3 3 3 3 3 3 3 3 3 3 3 3 3 3 3 3 3 3 3 3 3 3 3 3 3 3 3 3 3 3 3 3 3 3 3 3 3 3 3 3 3 3 3 3 3 3 3 3 3 3 3 3 3 3 
3 3 3 3 3 3 3 3 3 3 3 3 3 3 3 3 3 3 3 3 3 3 3 3 3 3 3 3 3 3 3 3 3 3 3 3 3 3 3 3 3 3 3 3 3 3 3 3 3 3 3 3 3 3 3 3 3 3 3 3 3 3 3 3 3 3 4 6 3 6 1 3 6 3 1 7 7 3 1 6 6 6 3 1 3 2 2 7 2 4 1 5 4 4 1 2 5 1 6 1 1 4 7 6 7 5 1 5 7 6 7 4 1 1 6 1 5 2 1 4 4 5 1 4 2 7 2 2 3 1 3 6 6 6 1 3 7 7 1 3 6 3 1 6 3 6 4 3 3 3 3 3 3 3 3 3 3 3 3 3 3 3 3 3 3 3 3 3 3 3 3 3 3 3 3 3 3 3 3 3 3 3 3 3 3 3 3 3 3 3 3 3 3 3 3 3 3 3 3 3 3 3 3 3 3 3 3 3 3 3 3 3 3 
3 3 3 3 3 3 3 3 3 3 3 3 3 3 3 3 3 3 3 3 3 3 3 3 3 3 3 3 3 3 3 3 3 3 3 3 3 3 3 3 3 3 3 3 3 3 3 3 3 3 3 3 3 3 3 3 3 3 3 3 3 3 3 3 4 6 3 7 3 6 2 3 2 7 6 5 3 7 1 2 5 1 3 4 6 2 7 6 3 6 0 5 2 4 7 2 7 3 6 1 6 3 3 2 5 3 6 3 5 2 3 3 6 1 6 3 7 2 7 4 2 5 0 6 3 6 7 2 6 4 3 1 5 2 1 7 3 5 6 7 2 3 2 6 3 7 3 6 4 3 3 3 3 3 3 3 3 3 3 3 3 3 3 3 3 3 3 3 3 3 3 3 3 3 3 3 3 3 3 3 3 3 3 3 3 3 3 3 3 3 3 3 3 3 3 3 3 3 3 3 3 3 3 3 3 3 3 3 3 3 3 3 3 
3 3 3 3 3 3 3 3 3 3 3 3 3 3 3 3 3 3 3 3 3 3 3 3 3 3 3 3 3 3 3 3 3 3 3 3 3 3 3 3 3 3 3 3 3 3 3 3 3 3 3 3 3 3 3 3 3 3 3 3 3 3 4 6 2 6 4 4 1 2 6 7 7 6 3 2 4 4 2 4 7 0 7 5 7 5 1 2 0 7 5 7 7 0 5 7 1 1 7 2 1 2 5 1 6 3 2 3 6 1 5 2 1 2 7 1 1 7 5 0 7 7 5 7 0 2 1 5 7 5 7 0 7 4 2 4 4 2 3 6 7 7 6 2 1 4 4 6 2 6 4 3 3 3 3 3 3 3 3 3 3 3 3 3 3 3 3 3 3 3 3 3 3 3 3 3 3 3 3 3 3 3 3 3 3 3 3 3 3 3 3 3 3 3 3 3 3 3 3 3 3 3 3 3 3 3 3 3 3 3 3 3 3 
3 3 3 3 3 3 3 3 3 3 3 3 3 3 3 3 3 3 3 3 3 3 3 3 3 3 3 3 3 3 3 3 3 3 3 3 3 3 3 3 3 3 3 3 3 3 3 3 3 3 3 3 3 3 3 3 3 3 3 3 4 7 2 5 6 3 4 0 7 6 5 6 7 4 5 6 4 7 2 0 2 5 5 7 2 2 5 0 7 7 4 6 5 6 3 3 7 2 7 4 1 5 6 3 2 5 4 5 2 3 6 5 1 4 7 2 7 3 3 6 5 6 4 7 7 0 5 2 2 7 5 5 2 0 2 7 4 6 5 4 7 6 5 6 7 0 4 3 6 5 2 7 4 3 3 3 3 3 3 3 3 3 3 3 3 3 3 3 3 3 3 3 3 3 3 3 3 3 3 3 3 3 3 3 3 3 3 3 3 3 3 3 3 3 3 3 3 3 3 3 3 3 3 3 3 3 3 3 3 3 3 3 3 
3 3 3 3 3 3 3 3 3 3 3 3 3 3 3 3 3 3 3 3 3 3 3 3 3 3 3 3 3 3 3 3 3 3 3 3 3 3 3 3 3 3 3 3 3 3 3 3 3 3 3 3 3 3 3 3 3 3 4 6 4 0 6 5 0 6 6 2 6 3 1 4 1 7 2 2 2 4 0 2 7 4 3 6 7 1 4 4 6 5 1 2 6 5 3 1 5 2 7 4 6 1 6 4 3 7 5 7 3 4 6 1 6 4 7 2 5 1 3 5 6 2 1 5 6 4 4 1 7 6 3 4 7 2 0 4 2 2 2 7 1 4 1 3 6 2 6 6 0 5 6 0 4 6 4 3 3 3 3 3 3 3 3 3 3 3 3 3 3 3 3 3 3 3 3 3 3 3 3 3 3 3 3 3 3 3 3 3 3 3 3 3 3 3 3 3 3 3 3 3 3 3 3 3 3 3 3 3 3 3 3 3 3 
3 3 3 3 3 3 3 3 3 3 3 3 3 3 3 3 3 3 3 3 3 3 3 3 3 3 3 3 3 3 3 3 3 3 3 3 3 3 3 3 3 3 3 3 3 3 3 3 3 3 3 3 3 3 3 3 4 6 2 7 5 3 6 7 6 3 7 3 3 6 4 3 3 4 6 4 0 4 6 5 2 0 5 2 4 7 2 3 0 1 6 0 3 4 1 6 1 7 7 0 7 5 7 2 0 6 5 6 0 2 7 5 7 0 7 7 1 6 1 4 3 0 6 1 0 3 2 7 4 2 5 0 2 5 6 4 0 4 6 4 3 3 4 6 3 3 7 3 6 7 6 3 5 7 2 6 4 3 3 3 3 3 3 3 3 3 3 3 3 3 3 3 3 3 3 3 3 3 3 3 3 3 3 3 3 3 3 3 3 3 3 3 3 3 3 3 3 3 3 3 3 3 3 3 3 3 3 3 3 3 3 3 3 
3 3 3 3 3 3 3 3 3 3 3 3 3 3 3 3 3 3 3 3 3 3 3 3 3 3 3 3 3 3 3 3 3 3 3 3 3 3 3 3 3 3 3 3 3 3 3 3 3 3 3 3 3 3 4 6 2 5 6 3 6 6 3 7 0 4 2 3 7 3 2 2 7 6 5 5 7 6 4 4 3 6 3 2 7 7 1 1 3 5 3 7 4 2 5 5 2 7 6 7 7 6 7 2 2 2 2 2 2 2 7 6 7 7 6 7 2 5 5 2 4 7 3 5 3 1 1 7 7 2 3 6 3 4 4 6 7 5 5 6 7 2 2 3 7 3 2 4 0 7 3 6 6 3 6 5 2 6 4 3 3 3 3 3 3 3 3 3 3 3 3 3 3 3 3 3 3 3 3 3 3 3 3 3 3 3 3 3 3 3 3 3 3 3 3 3 3 3 3 3 3 3 3 3 3 3 3 3 3 3 3 3 3 
3 3 3 3 3 3 3 3 3 3 3 3 3 3 3 3 3 3 3 3 3 3 3 3 3 3 3 3 3 3 3 3 3 3 3 3 3 3 3 3 3 3 3 3 3 3 3 3 3 3 3 3 4 6 2 7 4 5 1 4 0 2 7 2 6 5 7 5 7 1 6 7 0 4 3 7 7 4 5 7 3 7 3 2 7 1 7 2 1 1 3 6 7 3 2 0 5 1 3 1 6 3 4 5 6 0 2 0 6 5 4 3 6 1 3 1 5 0 2 3 7 6 3 1 1 2 7 1 7 2 3 7 3 7 5 4 7 7 3 4 0 7 6 1 7 5 7 5 6 2 7 2 0 4 1 5 4 7 2 6 4 3 3 3 3 3 3 3 3 3 3 3 3 3 3 3 3 3 3 3 3 3 3 3 3 3 3 3 3 3 3 3 3 3 3 3 3 3 3 3 3 3 3 3 3 3 3 3 3 3 3 3 3 
3 3 3 3 3 3 3 3 3 3 3 3 3 3 3 3 3 3 3 3 3 3 3 3 3 3 3 3 3 3 3 3 3 3 3 3 3 3 3 3 3 3 3 3 3 3 3 3 3 3 4 6 3 7 5 7 2 0 7 3 3 6 6 6 0 1 2 1 5 6 1 4 4 2 6 5 3 5 3 2 2 5 0 6 6 2 1 4 6 0 2 3 7 6 0 5 3 7 7 5 4 2 1 5 5 6 5 6 5 5 1 2 4 5 7 7 3 5 0 6 7 3 2 0 6 4 1 2 6 6 0 5 2 2 3 5 3 5 6 2 4 4 1 6 5 1 2 1 0 6 6 6 3 3 7 0 2 7 5 7 3 6 4 3 3 3 3 3 3 3 3 3 3 3 3 3 3 3 3 3 3 3 3 3 3 3 3 3 3 3 3 3 3 3 3 3 3 3 3 3 3 3 3 3 3 3 3 3 3 3 3 3 3 
3 3 3 3 3 3 3 3 3 3 3 3 3 3 3 3 3 3 3 3 3 3 3 3 3 3 3 3 3 3 3 3 3 3 3 3 3 3 3 3 3 3 3 3 3 3 3 3 4 6 2 7 4 7 5 2 4 7 3 0 2 1 0 1 6 5 0 3 2 0 5 1 1 6 2 7 2 2 6 4 6 7 5 2 3 7 1 1 3 7 5 7 1 4 2 0 3 5 0 3 0 6 6 1 1 0 3 0 1 1 6 6 0 3 0 5 3 0 2 4 1 7 5 7 3 1 1 7 3 2 5 7 6 4 6 2 2 7 2 6 1 1 5 0 2 3 0 5 6 1 0 1 2 0 3 7 4 2 5 7 4 7 2 6 4 3 3 3 3 3 3 3 3 3 3 3 3 3 3 3 3 3 3 3 3 3 3 3 3 3 3 3 3 3 3 3 3 3 3 3 3 3 3 3 3 3 3 3 3 3 3 3 3 
3 3 3 3 3 3 3 3 3 3 3 3 3 3 3 3 3 3 3 3 3 3 3 3 3 3 3 3 3 3 3 3 3 3 3 3 3 3 3 3 3 3 3 3 3 3 4 6 2 5 6 3 4 4 6 7 5 2 3 3 6 4 5 6 6 5 3 5 7 6 3 3 0 6 6 4 7 1 1 5 4 5 1 1 1 6 3 7 2 4 7 6 7 7 5 7 4 3 2 5 6 7 2 3 3 5 7 5 3 3 2 7 6 5 2 3 4 7 5 7 7 6 7 4 2 7 3 6 1 1 1 5 4 5 1 1 7 4 6 6 0 3 3 6 7 5 3 5 6 6 5 4 6 3 3 2 5 7 6 4 4 3 6 5 2 6 4 3 3 3 3 3 3 3 3 3 3 3 3 3 3 3 3 3 3 3 3 3 3 3 3 3 3 3 3 3 3 3 3 3 3 3 3 3 3 3 3 3 3 3 3 3 3 
3 3 3 3 3 3 3 3 3 3 3 3 3 3 3 3 3 3 3 3 3 3 3 3 3 3 3 3 3 3 3 3 3 3 3 3 3 3 3 3 3 3 3 3 4 6 2 7 3 4 1 2 5 2 4 3 7 5 1 2 3 1 3 6 3 2 7 7 7 1 3 4 6 5 4 2 6 2 4 0 1 1 4 4 6 3 4 7 5 6 0 2 4 4 5 0 5 2 5 7 4 5 2 5 7 7 2 7 7 5 2 5 4 7 5 2 5 0 5 4 4 2 0 6 5 7 4 3 6 4 4 1 1 0 4 2 6 2 4 5 6 4 3 1 7 7 7 2 3 6 3 1 3 2 1 5 7 3 4 2 5 2 1 4 3 7 2 6 4 3 3 3 3 3 3 3 3 3 3 3 3 3 3 3 3 3 3 3 3 3 3 3 3 3 3 3 3 3 3 3 3 3 3 3 3 3 3 3 3 3 3 3 3 
3 3 3 3 3 3 3 3 3 3 3 3 3 3 3 3 3 3 3 3 3 3 3 3 3 3 3 3 3 3 3 3 3 3 3 3 3 3 3 3 3 3 4 6 3 7 5 5 7 1 5 7 1 7 5 6 3 5 4 1 4 5 4 7 6 6 6 4 3 6 4 0 3 4 0 7 3 4 5 7 5 6 0 2 5 1 6 7 6 6 6 4 1 7 1 5 1 3 1 2 0 3 7 2 1 6 7 6 1 2 7 3 0 2 1 3 1 5 1 7 1 4 6 6 6 7 6 1 5 2 0 6 5 7 5 4 3 7 0 4 3 0 4 6 3 4 6 6 6 7 4 5 4 1 4 5 3 6 5 7 1 7 5 1 7 5 5 7 3 6 4 3 3 3 3 3 3 3 3 3 3 3 3 3 3 3 3 3 3 3 3 3 3 3 3 3 3 3 3 3 3 3 3 3 3 3 3 3 3 3 3 3 3 
3 3 3 3 3 3 3 3 3 3 3 3 3 3 3 3 3 3 3 3 3 3 3 3 3 3 3 3 3 3 3 3 3 3 3 3 3 3 3 3 4 7 2 7 4 7 3 6 3 6 7 6 7 1 5 5 4 0 6 1 4 1 7 5 3 0 4 4 5 7 5 1 5 5 3 2 3 2 2 2 6 7 5 5 6 3 7 3 4 5 1 7 0 4 4 4 6 2 1 5 7 1 3 2 5 6 3 6 5 2 3 1 7 5 1 2 6 4 4 4 0 7 1 5 4 3 7 3 6 5 5 7 6 2 2 2 3 2 3 5 5 1 5 7 5 4 4 0 3 5 7 1 4 1 6 0 4 5 5 1 7 6 7 6 3 6 3 7 4 7 2 7 4 3 3 3 3 3 3 3 3 3 3 3 3 3 3 3 3 3 3 3 3 3 3 3 3 3 3 3 3 3 3 3 3 3 3 3 3 3 3 3 3 
3 3 3 3 3 3 3 3 3 3 3 3 3 3 3 3 3 3 3 3 3 3 3 3 3 3 3 3 3 3 3 3 3 3 3 3 3 3 4 7 4 0 7 3 5 4 4 6 0 6 3 5 7 7 3 7 7 7 2 3 7 4 7 0 7 6 4 0 7 6 2 5 5 1 2 3 5 7 7 6 4 5 1 5 1 6 3 7 0 3 7 5 6 7 2 4 1 5 3 4 6 3 2 6 2 5 1 5 2 7 2 4 7 5 4 6 1 4 2 7 5 4 7 3 0 7 3 6 1 5 1 5 4 6 7 7 5 3 2 1 5 5 2 6 7 0 4 6 7 0 7 4 7 3 2 7 7 7 3 7 7 5 3 6 0 6 4 4 5 3 7 0 4 7 4 3 3 3 3 3 3 3 3 3 3 3 3 3 3 3 3 3 3 3 3 3 3 3 3 3 3 3 3 3 3 3 3 3 3 3 3 3 3 
3 3 3 3 3 3 3 3 3 3 3 3 3 3 3 3 3 3 3 3 3 3 3 3 3 3 3 3 3 3 3 3 3 3 3 3 4 7 4 1 3 2 5 5 2 4 5 5 5 3 4 7 2 1 2 3 7 0 2 5 0 7 2 5 3 2 7 5 1 0 5 1 3 3 0 4 0 5 2 2 2 6 7 5 3 7 5.5 7 4 3 7 1 0 7 3 4 4 5 4 6 6 7 2 5 3 5 2 4 4 1 6 2 2 3 1 1 7 4 2 4 4 5 3 0 2 6 2.5 5 2 5 7 6 2 2 2 5 0 4 0 3 3 1 5 0 1 5 7 2 3 5 2 7 0 5 2 0 7 3 2 1 2 7 4 3 5 5 5 4 2 5 5 2 3 1 4 7 4 3 3 3 3 3 3 3 3 3 3 3 3 3 3 3 3 3 3 3 3 3 3 3 3 3 3 3 3 3 3 3 3 3 3 3 3 
3 3 3 3 3 3 3 3 3 3 3 3 3 3 3 3 3 3 3 3 3 3 3 3 3 3 3 3 3 3 3 3 3 3 4 7 4 1 2 4 0 6 1 6 0 7 7 4 2 6 5 1 7 4 5 5 5 5 5 3 2 2 4 5 7 2 0 1 3 6 2 1 7 7 7 6 2 4 2 2 2 1 7 5 3 2 4 4.0625 5 0.5 1 6 7 4 7 1 6 1 4 1.00391 5 1 4 7 0 1 6 7 5 2 5 0 6 4 3 4 5 4 7 7.5 5 3 1 7.5 7 0.0625 6 3 5 3 7 1 2 2 2 4 2 6 7 7 7 1 2 6 3 1 0 2 7 5 4 2 2 3 5 5 5 5 5 4 7 1 5 6 2 4 7 7 0 6 1 6 0 4 2 1 4 7 4 3 3 3 3 3 3 3 3 3 3 3 3 3 3 3 3 3 3 3 3 3 3 3 3 3 3 3 3 3 3 3 3 3 3 
3 3 3 3 3 3 3 3 3 3 3 3 3 3 3 3 3 3 3 3 3 3 3 3 3 3 3 3 3 3 3 3 4 7 4 1 1 1 4 4 2 1 2 7 3 2 7 2 7 6 3 7 1 5 0 5 6 6 1 4 3 3 1 5 4 1 3 2 6 2 1 7 5 6 3 7 0 3 0 3 4 5 4 6 4 4 0 7 0 3 4 5 1 4 6 3 7 5 1 3 1 3 6 1 2 2 4 2 7 6 0 6 1 4 1 6 4 1 5 5 3 2 2 6 7 4 6 3 7 6 1 3 4 3 0 3 0 7 3 6 5 7 1 2 6 2 3 1 4 5 1 3 3 4 1 6 6 5 0 5 1 7 3 6 7 2 7 2 3 7 2 1 2 4 4 1 1 1 4 7 4 3 3 3 3 3 3 3 3 3 3 3 3 3 3 3 3 3 3 3 3 3 3 3 3 3 3 3 3 3 3 3 3 
3 3 3 3 3 3 3 3 3 3 3 3 3 3 3 3 3 3 3 3 3 3 3 3 3 3 3 3 3 3 4 6 3 0 2 4 6 7 0 7 2 0 4 1 7 6 7 3 5 6 2 5 3 4 2 1 2 7 6 6 2 3 4 7 0 7 4 2 2 7 1 3 6 0 2 5 3 4 3 3 5.00391 3 1 7 5 5 6 6 5 1 4.0625 3.00781 4 6 7 4 1 3 5 4.00098 5 1 2.0625 7.00001 3.125 4.00098 6 1.00049 0.0625 4 7.0625 1 5 7.00049 6 0 2 1 5 4 1 7 4 2 3 6 6 1 3 4 3 7 1.00391 3 2 4 3 5 2 0 6 3 1 7 2 2 4 7 0 7 4 3 2 6 6 7 2 1 2 4 3 5 2 6 5 3 7 6 7 1 4 0 2 7 0 7 6 4 2 0 3 6 4 3 3 3 3 3 3 3 3 3 3 3 3 3 3 3 3 3 3 3 3 3 3 3 3 3 3 3 3 3 3 
3 3 3 3 3 3 3 3 3 3 3 3 3 3 3 3 3 3 3 3 3 3 3 3 3 3 3 3 3 5 0 4 3 6 4 2 4 6 4 1 3 6 3 6 5 7 2 1 4 4 5 6 0 5 4 6 4 5 0 6 6 1 1 2 5 4 1 6 4 3 4 5 1 5 7 6 6 2 0 6 2 6 3 2 4 4 0 5 3.5 3 5 5 5 0 7 5 7 0 5 6 1 4 1 3 6 7 7 5 6 7 2 0 6 6 1 2 5 5 4.5 6 6 5.0625 3 4 0.5 2 5 7 6 3 7 5 3 6 7 0 6 6 7 5 1 5 4 3 4 6 1 4 5 2 1 1 6 6 0 5 4 6 4 5 0 6 5 4 4 1 2 7 5 6 3 6 3 1 4 6 4 2 4 6 3 4 0 5 3 3 3 3 3 3 3 3 3 3 3 3 3 3 3 3 3 3 3 3 3 3 3 3 3 3 3 3 3 
3 3 3 3 3 3 3 3 3 3 3 3 3 3 3 3 3 3 3 3 3 3 3 3 3 3 3 3 5 1 5 5 6 6 3 0 1 1 7 1 4 4 7 4 2 1 5 3 5 7 7 6 6 3 0 3 1 3 4 5 0 6 5 2 3 5 1 5 0 4 1 0 6 0 4 4 5 5 3 2 0 4 5 2 2 3 4 5.125 0 6.0625 3 1 5 3 5 7 0 4 5 1 7 1 0 3 4 0 2 1 2 4 6 2 1 4 7 5 3 4 3 2 0 6 5 1.0625 7 1.0625 3 1 1 3 6 5 6 5 2 6 5 5 4 0 6 0 1 4 0 5 1 5 3 2 5 6 0 5 4 3 1 3 0 3 6 6 7 7 5 3 5 1 2 4 7 4 4 1 7 1 1 0 3 6 6 5 5 1 5 3 3 3 3 3 3 3 3 3 3 3 3 3 3 3 3 3 3 3 3 3 3 3 3 3 3 3 3 
3 3 3 3 3 3 3 3 3 3 3 3 3 3 3 3 3 3 3 3 3 3 3 3 3 3 3 5 1 7 4 3 5 7 6 7 2 5 6 0 2 5 4 6 5 3 4 6 6 5 1 3 6 1 6 2 3 3 6 7 4 2 0 4 1 2 6 1 1 5 5 7 6 5 4 6 3 2 6 4 1 3 0.0078125 7 6 5 7 1 5 5 5 5.0625 7.00098 0 3.00098 3 3.00391 4 1 2 2 5 4 5 4 5 5 5 3 5 2 6 2 3 5 7 1.01562 6 2.00098 5 4.00146 5.125 0 1 2 1 2 3 3 5 3.00781 1.5 7 7 1 3 5 4 7 6 6 7 5 5 1 1 6 2 1 4 0 2 4 7 6 3 3 2 6 1 6 3 1 5 6 6 4 3 5 6 4 5 2 0 6 5 2 7 6 7 5 3 4 7 1 5 3 3 3 3 3 3 3 3 3 3 3 3 3 3 3 3 3 3 3 3 3 3 3 3 3 3 3 
3 3 3 3 3 3 3 3 3 3 3 3 3 3 3 3 3 3 3 3 3 3 3 3 3 3 5 1 7 6 7 2 7 2 2 6 7 7 0 7 2 4 0 2 2 2 6 6 7 2 2 4 2 5 7 5 7 3 1 1 1 5 6 0 5 3 4 6 5 3 1 5 7 3.00391 5 6 2 5.0625 6 4 3 5 7 3 7 3 7 1 6 7 7 1 6 5.125 3 5 3 4 7.5 5 1.125 0 5 3 4 1 1 1 2 4 5 0 7.0625 0 3.5 2 2 6 0.125 4 1 2 7 4 6 7 4 7 3 5 0 7 0 3 2 5 2.0625 1 1.5 0.00390625 7 5 1 3 5 6 4 3 5 0 6 5 1 1 1 3 7 5 7 5 2 4 2 2 7 6 6 2 2 2 0 4 2 7 0 7 7 6 2 2 7 2 7 6 7 1 5 3 3 3 3 3 3 3 3 3 3 3 3 3 3 3 3 3 3 3 3 3 3 3 3 3 3 
3 3 3 3 3 3 3 3 3 3 3 3 3 3 3 3 3 3 3 3 3 3 3 3 3 4 0 5 4 7 2 6 6 2 7 1 7 2 3 7 7 0 2 4 0 7 5 4 0 6 7 1 4 5 6 1 3 7 7 6 7 2 2 5 3 5 4 5 6 4 6 3 4 3 2 4 7 0.0625 4 7 7 5 7 5 2 7 4.00098 2 4 6 2 1 6 7.01562 3 6 4 1 7 1 6.00001 4 6 4.00098 7 2 3 6 5 6.00098 7 6.125 3.00001 3 7 3 3 2 4 2.01562 0 7 6 7 7 1 4.00049 1 5 3 7 0 4 4 3 2 3 3 7.00391 3 7 3 4 3 5 5 4 5 3 5 2 2 7 6 7 7 3 1 6 5 4 1 7 6 0 4 5 7 0 4 2 0 7 7 3 2 7 1 7 2 6 6 2 7 4 5 0 4 3 3 3 3 3 3 3 3 3 3 3 3 3 3 3 3 3 3 3 3 3 3 3 3 3 
3 3 3 3 3 3 3 3 3 3 3 3 3 3 3 3 3 3 3 3 3 3 3 3 3 6 4 5 3 2 6 3 5 4 3 4 7 5 0 4 3 4 3 0 7 5 1 2 6 0 6 7 7 7 6 1 7 4 0 4 2 1 2 1 4 7 6 7 3.5 4 1 7 6 3.00098 6 3 2 6.5 2 7 2 1 6 2 1 5.125 4 4.00001 2 3.5 7 1 3 7 5 7 5 0 6 5 7.5 5 3 5 5 1 1.5 4 5 6 4 2 3 1 4 0 5 2 4 3 3 6 6 3 6 1.00001 1.00012 6.125 1 3 7 4 3 0 7 2 7 2 7 5.00098 4 2 0 3 7 5 6 6 4 1 2 1 2 4 0 4 7 1 6 7 7 7 6 0 6 2 1 5 7 0 3 4 3 4 0 5 7 4 3 4 5 3 6 2 3 5 4 6 3 3 3 3 3 3 3 3 3 3 3 3 3 3 3 3 3 3 3 3 3 3 3 3 3 
3 3 3 3 3 3 3 3 3 3 3 3 3 3 3 3 3 3 3 3 3 3 3 3 4 3 3 6 5 7 6 5 2 3 5 2 7 4 1 3 4 0 4 4 2 6 7 7 6 4 7 4 1 4 3 5 4 7 6 3 4 5 4 2 3 0 5 3 3.0625 7 5 5 4 7 4 6 3 4 7 5 4 3 5 4 7 4 1 1 7 5 2 2 0 4 1 5 5 6 6 7 6 2 5 1 6 0 4 6 3 0 3 3 7 6 7 2 5 3 4 4 4 2 0 2 0 4 0 1 5 1 3 4 4 1 1 4 0 5 0.000976562 3 3 2 6 2 5.0625 2 1 7 1 2 4 5 4 3 6 7 4 5 3 4 1 4 7 4 6 7 7 6 2 4 4 0 4 3 1 4 7 2 5 3 2 5 6 7 5 6 3 3 4 3 3 3 3 3 3 3 3 3 3 3 3 3 3 3 3 3 3 3 3 3 3 3 3 
3 3 3 3 3 3 3 3 3 3 3 3 3 3 3 3 3 3 3 3 3 3 3 3 7 0 6 6 7 2 2 4 3 2 0 6 3 6 3 6 3 7 3 6 7 7 0 4 5 5 2 7 7 4 0 7 1 5 4 2 5 6 5 3 1 3 6 5 3 7 5 4 4 3.00006 5 5.00781 7 7 5 2 3 1 4 5 3 3 6 7 3 4 4 1.00002 7 6 6 1 1 6 0 7 6.125 7 4 3 5 2 5 5 5 5 1 5 7.0625 0 7 0 4 0 5 1 1 3 2 6 7 3 3 1 6 4 5 7 2 5 4 7 6 2.00781 2 0 2 6 1 1 4 4 4 5 6 1 4 6 5 2 4 5 1 7 0 4 7 7 2 5 5 4 0 7 7 6 3 7 3 6 3 6 3 6 0 2 3 4 2 2 7 6 6 0 7 3 3 3 3 3 3 3 3 3 3 3 3 3 3 3 3 3 3 3 3 3 3 3 3 
3 3 3 3 3 3 3 3 3 3 3 3 3 3 3 3 3 3 3 3 3 3 3 4 4 2 4 3 6 2 7 3 5 0 6 3 5 7 5 5 3 3 4 1 0 3 6 4 0 2 2 1 7 6 7 3 0 5 5 1 2 5 2 5 0 6 2 5 3 2.00391 4.5 2 6 3.125 0.00390625 2 1 7 3 4.00781 7 4 0.00146484 3 6 6.00781 5 6 3 0 6 7 5 1 2 6 1.00098 3 1 4 7 5 3 1 6 2 5 3 1 0 5 1 6 7 5 2 7.00146 7 0 7 5 1 1 0 2 2 6 4.00781 2 1 0.000976562 5 0 1.00781 7 0 3 4 4.01172 6.125 1 5 5 2 5 0 3 5 2 3 6 3 2 1 5 5 0 3 7 6 7 1 2 2 0 4 6 3 0 1 4 3 3 5 5 7 5 3 6 0 5 3 7 2 6 3 4 2 4 4 3 3 3 3 3 3 3 3 3 3 3 3 3 3 3 3 3 3 3 3 3 3 3 
3 3 3 3 3 3 3 3 3 3 3 3 3 3 3 3 3 3 3 3 3 3 3 7 1 4 2 0 7 6 1 4 2 6 3 1 4 5 2 7 6 0 6 6 5 1 2 4 2 7 6 2 6 1 6 7 6 3 6 6 3 3 1 3.0625 7 2 4 0 7 3 6 3 0 4 4 1 2 7 1 5 2 3 1 2 6 6 5 6 3 2 2 7 5 2 3 1 4 5 1 2 0 2 0 3 5 2 6 7 3 2 6 3 2 1 6 2 6 5 5 1 5 6 3 4 2 6 7 3 6 4 3 7 3 6 4 4 2 0 4 1 2 0 2 4 5 2 1 6 7 1.0625 3 7 2 6 6 3 6 7 6 1 6 2 6 7 2 4 2 1 5 6 6 0 6 7 2 5 4 1 3 6 2 4 1 6 7 0 2 4 1 7 3 3 3 3 3 3 3 3 3 3 3 3 3 3 3 3 3 3 3 3 3 3 3 
3 3 3 3 3 3 3 3 3 3 3 3 3 3 3 3 3 3 3 3 3 3 4 4 1 6 4 1 2 7 7 7 7 3 5 4 0 3 2 5 0 5 5 5 1 7 3 5 7 4 3 7 2 2 0 3 6 4.5 4 4 1.5 3 7 1.00781 0 7.5 7 3 6 7.00001 5 7 5 7 0 4.01562 2 5.00146 7 5 1 5 6 3 3 7 2 2 7 1 6 6 7 1 4 0 5 1 7 7 7 1 5 7 4 4 1 3 5 6 5 2 2 7 4 6 4 0 2 4 0 1 6 2 3 4 6 7 1 5 3 7 7 3 0 2 2 3.01953 5 1 7 1 2 1.00001 4 7 5 4 2 0 4 6 3 3 3 4.5 6 3 0 2 2 7 3 4 7 5 3 7 1 5 5 5 0 5 2 3 0 4 5 3 7 7 7 7 2 1 4 6 1 4 4 3 3 3 3 3 3 3 3 3 3 3 3 3 3 3 3 3 3 3 3 3 3 
3 3 3 3 3 3 3 3 3 3 3 3 3 3 3 3 3 3 3 3 3 3 7 1 1 7 6 1 5 7 2 5 4 6 7 5 3 4 4 4 2 3 3 0 7 7 2 5 1 0 5 2 0 3 7 2 3 7 2 1 6.0625 3 5 5 3 0 3 6 3 2 3 1 2 6 5 5 6 7 7 2 0 4 7 2 3 0 6 2 6 5 4 5 0 4 4 5 6 7 2 5 4 2 4 5 5 2 3 2 0 5 1 0 6 2 7 6 0 3 7 1 4 5 5 7 5 4 2 2 0 1 3 3 7 3 3 7 5 6 7 0 3 5 5 5 7 6 4 7 4 2 4 5 2.0625 6 2.5 4 4 2 7 3 0 2 5 0 1 5 2 7 7 0 3 3 2 4 4 4 3 5 7 6 4 5 2 7 5 1 6 7 1 1 7 3 3 3 3 3 3 3 3 3 3 3 3 3 3 3 3 3 3 3 3 3 3 
3 3 3 3 3 3 3 3 3 3 3 3 3 3 3 3 3 3 3 3 3 4 4 2 4 0 4 7 6 0 3 0 1 3 5 2 2 4 6 4 4 1 5 2 1 6 5 3 5 7 2 2 4 5 0 7 6 7 4 3 6 0 5 6 6 7 4 7 3 0.00390625 2 7 6 5 6 0 5 4 3.01562 2 3 5 4 5 4 4 1 3 0 3 7 7 1 7 1 5 1 4 0 2 5 1 7 6 2 5 1 1 6 4 5 4 1 0 2 2 6 3 7 1 5 3 5 0 2 5 7 0 2 6 7 1 4 2 3.01953 0 5 0 2 2 7 4 1 2.01172 1 6 5 1 2 3 4 0 1 3 4 5 0 5 3 6.00391 4 2 2 7 5 3 5 6 1 2 5 1 4 4 6 4 2 2 5 3 1 0 3 0 6 7 4 0 4 2 4 4 3 3 3 3 3 3 3 3 3 3 3 3 3 3 3 3 3 3 3 3 3 
3 3 3 3 3 3 3 3 3 3 3 3 3 3 3 3 3 3 3 3 3 7 1 4 4 7 1 1 0 7 7 4 3 6 5 7 5 4 4 2 5 1 5 7 3 2 5 0 4 5 1 4 2 4 3 3 2 6 7 0 2 3 3 5 7 7 3 1 1 7 6 5 7 7 2 5.00012 1 5 7 1 3 4 2 6 7 7 3 6 7 2 6 1 7 3 4 5 4 4 1 5 0 4 6 6 6 6 0 4 3 2 2 5 1 6 2 7 5 6 3 4 3 4 7 7 4 2 0 7 2 0 5 3 0 1 4 5 3 5 2 3 5 1 2 6 6 7 1 1 6 0 4 2 1 5 5 3.8147e-06 3 6 2 3 5 4 1 6 4 0 5 2 3 7 5 1 5 2 4 4 5 7 5 6 3 4 7 7 0 1 1 7 4 4 1 7 3 3 3 3 3 3 3 3 3 3 3 3 3 3 3 3 3 3 3 3 3 
3 3 3 3 3 3 3 3 3 3 3 3 3 3 3 3 3 3 3 3 4 4 3 0 2 2 3 4 2 2 7 3 4 3 3 6 0 2 4 5 6 0 7 3 3 1 4 2 0 7 3 3 5 6 5 3 2 6 4.00781 4 7 3 7 7 7 7 3.00781 5 2 3 1.5 4 1 3 2 3 6 5 0 3 1 4 7 2 4 1 0 3 2 1 3 7 5 6 2 2 1 4 1 4 5 0 1 5 7 5 1 6 7 2 2 6 6 4 6 2 1 4 7 1 3 2 1 4 4 3 1 3 2 2 4 0 3 3 3 2 0 5 5 7 2 0 7.5 1 3 1 4.00391 2 4 7 4 1 5 6 3.00391 2 2 5 2 4 4 6 4 0 2 2 4 1 3 3 7 0 6 5 4 2 0 6 3 3 4 3 7 2 2 4 3 2 2 0 3 4 4 3 3 3 3 3 3 3 3 3 3 3 3 3 3 3 3 3 3 3 3 
3 3 3 3 3 3 3 3 3 3 3 3 3 3 3 3 3 3 3 3 7 0 2 6 1 0 6 4 5 4 0 4 0 7 3 0 5 3 1 1 0 2 3 2 4 5 2 3 6 4 2 6 4 7.125 3 4 1 6.01172 5 4 1 0 2 3 7 5 3 3 3 3 6 5 3 2 5 4 3 6 4 3 0 5 2 7 5 3 5 6 0 1 7 1 2 5 4 0 4 7 6 1 3 1 6 4 3 4 1 4 4 7 4 3 5 3 1 3 1 7 1 0 1 4 7 2 2 4 5 5 4 5 0 2 2 4 0 5 1 2 3 0 3 6 1 4 2 4 7 1 4 5 2 1 7 6 1 2 1 0 6 2.125 2 1 1 5 0.00390625 4 2 5 4 2 3 2 0 1 1 3 5 0 3 7 0 4 0 4 5 4 6 0 1 6 2 0 7 3 3 3 3 3 3 3 3 3 3 3 3 3 3 3 3 3 3 3 3 
3 3 3 3 3 3 3 3 3 3 3 3 3 3 3 3 3 3 3 4 2 7 5 1 2 4 3 7 4 0 2 3 4 3 4 6 5 3 5 5 7 3 0 1 1 5 6 0 7 3 3 6 3 5 6.0625 3 3 7 0 4 6 7 1 4 7 3.125 0 4 2 1 2 6 7 2 0 3 7 4 6 7 5 4 6 7 5 1 3 0 6 7 1 3 0 6 2 7 5 2 6 5 4 1 1 3 6 5 4 0 1 5 7 0 6 7 3 6 6 3 4 5 6 3 6 3 4 6 3 1 7 6 7 3 2 2 3 4 4 5 1 7 4 3 2 4 1 6 6 1.125 1 4 6 5 6 0 1 3 4 7 5 5 6 1 5 7 7.00391 7 7 6 1 1 0 3 7 5 5 3 5 6 4 3 4 3 2 0 4 7 3 4 2 1 5 7 2 4 3 3 3 3 3 3 3 3 3 3 3 3 3 3 3 3 3 3 3 
3 3 3 3 3 3 3 3 3 3 3 3 3 3 3 3 3 3 3 6 7 3 5 6 7 1 6 4 6 2 4 0 4 6 1 6 5 0 2 7 3 2 1 6 4 7 5 5 3.8147e-06 4 6 7 5 6 5 4 6.01562 4 4 5 2 1 6 3 1 0 6 5 5 5 7 3 4 2 7 7 2 3 0 7 1 3 2 5 2 5 0 7 5 6 5 7 4 2 6 6 6 7 6 1 3 5 3 0 6 1 2 1 5 5 4 1 7 1 5 5 2 1 5 3 2 5 3 7 7 7 7 7 6 4 5 1 3 2 1 7 7 1 4 6 4 1 5 6 1 6 2 6 5 2 7 5 7.01562 3 6 1 4.00391 1 2 1 1 0 3 4 5 2 4 1 5 6 1 2 3 7 2 0 5 6 1 6 4 0 4 2 6 4 6 1 7 6 5 3 7 6 3 3 3 3 3 3 3 3 3 3 3 3 3 3 3 3 3 3 3 
3 3 3 3 3 3 3 3 3 3 3 3 3 3 3 3 3 3 4 3 4 5 2 0 3 7 5 2 5 2 0 7 2 7 0 5 1 7 1 3 3 4 1 5 1 3 1 2 5 0 3 2 4 3 6 3 3 5 5 7 3 7 2 6 1 5 4 3 0 4 1 5 6 0 2 6 2 3 5 0 2 7 5 4 0 2 4 5 0 4 5 1 5 0 7 4 2 5 7 6 1 7 5 7 7 6 1 3 7 1 7 2 3 0 6 5 7 5 4 0 3 5 5 4 4 2 0 6 3 1 5 4 2 5 5 5 3 7 7 6 1 4 2 2 6 2 5 4 0 7 1 0 1 5 6 7 1 5 0 6 4 3 6 2.00006 0 7.0625 2 5 3 5 1 4 3 3 1 7 1 5 0 7 2 7 0 2 5 2 5 7 3 0 2 5 4 3 4 3 3 3 3 3 3 3 3 3 3 3 3 3 3 3 3 3 3 
3 3 3 3 3 3 3 3 3 3 3 3 3 3 3 3 3 3 6 7 7 4 4 7 2 6 7 1 3 2 7 5 6 7 3 1 7 7 6 2 1 5 6.00391 1 2.0625 6 2 6 4 3 4 0 1.125 1 2 2 4.5 1 4 6 7 7 7 3 6 2 7 4 5 5 5 5 5 3 0 2 4 3 0 3 6 6 1 2 2 7 1 3 7 6 2 3 2 6 2 6 7 3 4 7 2 4 4 6 4 2 3 5 7 1 4 3 0 5 1 6 5 1 6 6 3 1 1 2 7 6 6 0 2 4 7 4 7 2 7 3 0 2 7 3 0 4 6 6 5 4 5 5 4 6 2 6 7 4 6 6 7 5 2 5 3 7 0 5 3 7 7 1 6.0625 3 7.00391 5 1 2 6 7 7 1 3 7 6 5 7 2 3 1 7 6 2 7 4 4 7 7 6 3 3 3 3 3 3 3 3 3 3 3 3 3 3 3 3 3 3 
3 3 3 3 3 3 3 3 3 3 3 3 3 3 3 3 3 4 2 5 3 4 5 7 7 7 2 5 4 6 5 1 7 0 6 2 3 2 5 5 4 2 6 1 0 4.00049 4 1 4 3 1 7 4.00012 7 1 2 6 0 6 1 7 0 5 0 1 6 5 3 5 6 7 7 4 2 4 7 6 2 6 5 3 1 4 5 4 5 4 2 0 2 2 3 6 3 5 2 4 4 2 2 3 3 2 1 2 2 5 2 2 6 5 0 6 5 3 3 0 6 5 0 3 4 5 6 1 5 5 7 7 6 7 5 6 7 3 4 5 2 1 5 3 6 2 4 1 1 1 3 2 4 2 7 0 4 7 1 1 7 5 1 6.00018 0 4 5 3 3 5 4 2 7 1 3 4 5 5 2 3 2 6 0 7 1 5 6 4 5 2 7 7 7 5 4 3 5 2 4 3 3 3 3 3 3 3 3 3 3 3 3 3 3 3 3 3 
3 3 3 3 3 3 3 3 3 3 3 3 3 3 3 3 3 6 7 5 6 6 5 4 2 3 1 3 6 6 4 2 7 4 4 4 5 5 3 0 2 2 3 3 1 2 1 7 3 4 6 2 6 2 4 5 2 1 6 6 6 3 5 4 7 2 4 7 2 6 3 7 6 0 3 1 1 1 1 7 3 4 0 4 6 4 3 6 3 0 1 5 7 5 3 3 3 1 5 5 3 0 4 6 1 2 5 4 4 7 2 4 3 6 4 6 4 3 6 2 4 3 5 0 6 5 3 0 2 3 0 4 7 1 5 7 4 3 1 6 7 2 2 5 6 5 3 7 5 5 5 5 6 4 1 5 4 1 5 1 0 6 2 4 1 2 2 0 4 0 3 5 2 0 3 5 5 4 4 4 7 2 4 6 6 3 1 3 2 4 5 6 6 5 7 6 3 3 3 3 3 3 3 3 3 3 3 3 3 3 3 3 3 
3 3 3 3 3 3 3 3 3 3 3 3 3 3 3 3 4 2 3 7 3 0 5 2 7 5 4 5 6 7 0 6 6 5 0 2 7 1 5 4 0 3.00391 4 7 5 6 1 6 0 1 6 5 0 4 2 5 2 5 2.0625 3 2 6 6.00006 6 3 2 7 4 2 0 1 6 2 2 5 4 0 7 1 4 5 2 6 7 2 5 1 7 7 5 1 1 4 2 3 5 4 2 0 1 3 4 2 5 4 3 1 2 4 3 7 7 6 5 7 3 6 4 1 6 1 4 6 7 4 3 3 1 5 2 4 3 2 3 6 2 4 4.25 5 1 1 6 7 0 5 3 4 5 3 2 4.00004 2 6 5 7.0625 3 1 5 3 2 2 5 5 0 4 5 2 2 3 7.00001 6.00391 2 1 4 5 1 7 2 0 5 6 6 0 7 6 5 4 5 7 2 5 0 3 7 3 2 4 3 3 3 3 3 3 3 3 3 3 3 3 3 3 3 3 
3 3 3 3 3 3 3 3 3 3 3 3 3 3 3 3 6 5 4 1 6 6 3 6 6 6 4 7 5 2 6 0 4 5 2 7 4 0 7 5 5.00049 6 0 7 3 1 2 7 1 5 0 1 3 4 1 5 7 5 6 7 3 4.00018 7 5 2 4 1 3 6 5 5 6 0 2 4 0 4 6 1 6 1 4 1 0 5 1 5 2 3 0 7 2 4 4 5 4 4 1 5 7 6 0 2 1 5 7 4 5 2 1 7 5 2 5 0 6 3 6 1 5 6 4 5 6 3 4 1 5 5 5 2 0 2 2 5 6 1 3 4 3 2 2 1 3 7 7 2 1 4 3 7 4.00012 5 0 7 4 0 1 5 2 2 2 5 7 4 1 1 3 1.00006 4 1 0 7 5 7 0 4 7 2 5 4 0 6 2 5 7 4 6 6 6 3 6 6 1 4 5 6 3 3 3 3 3 3 3 3 3 3 3 3 3 3 3 3 
3 3 3 3 3 3 3 3 3 3 3 3 3 3 3 4 2 6 1 5 7 3 4 5 3 2 5 7 1 2 7 6 7 2 2 6 3 5 2 0 6 6 4 1 4 3 1 5 1 5 5 7 6 3 6 3 1 2 1 6 7 4 2 4 0 7 2 5 0 3 5 2 5 5 6 6 1 0 5 7 2 1 4 3 7 4 5 0 6 7 1 1 5 5 2 1 0 2 2 3 5 2 6 4 7 6 7 3 2 5 2 6 1 5 2 5 4 7 7 4 5 1 2 6 2 2 7 7 7 1 7 3 4 4 4 3 6 7 3 1 2 7 0 3 3 2 0 5 5 3 0 5 3 5 7 3 7 4 2 5 4 7 3 4 6 4 5 4 5 2 7 3 6 0 2 5 3 6 2 2 7 6 7 2 1 7 5 2 3 5 4 3 7 5 1 6 2 4 3 3 3 3 3 3 3 3 3 3 3 3 3 3 3 
3 3 3 3 3 3 3 3 3 3 3 3 3 3 3 6 7 3 2 7 6 5 7 1 7 5 6 6 3 4 1 7 4 7 1 2 7 2 2 3 5 1 7 4 5 7 6 0 3 2 4 7 1 2 3 2 5 6 1 4 6 4 1 0 4 2 4 5 6 0 2 5 1 5 7 4 5 6 3 2 5 4 4 5 5 5 7 1 5 4 0 5 6 6 1 3 5 2 5 0 3 7 5 0 4 5 1 0 6 0 6 7 5 3 1 6 1 6 1 7 2 6 4 5 3 3 2 6 2 3 1 7 6 3 3 6 5 5 2 0 4 5 6 3 0 5 2 1 0 7 3 2 2 6 2 0 5 1 3 5 7 3 5 1 5 1 2 6 5 0 6 1 7 4 2 2 7 2 1 7 4 7 1 4 3 6 6 5 7 1 7 5 6 7 2 3 7 6 3 3 3 3 3 3 3 3 3 3 3 3 3 3 3 
3 3 3 3 3 3 3 3 3 3 3 3 3 3 4 3 4 4 5 1 7 7 2 7 1 3 0 6 6 2 4 7 1 7 7 6 2 0 4 4 7 6.00006 6 0 7 3 1.00012 4 0 1 5 1 3 3 1 3 2 4 1 2 3 2.1875 4 4 7 3 1 7 7 7 5 4 7 5 4 3 6 2 1 4 4 5 3 0 6 1 3 2 0 6 6 6 4 4 3 7 1 3 5 2 0 2 2 2 1 1 7 3 4 4 2 5 3 2 3 6 0 7 2 1 2 1 7 7 5 6 1 2 0 2 4 1 5 2 4 5 0 5 6 1 6 0 3 1 5 2 7 4 4 0 2 6.125 4 5 2 5 2 4 6 2 6 5 7 0 5 5 4.00012 3.125 3 1 6 1 4 0 6 0 2 6 7 7 1 7 4 2 6 6 0 3 1 7 2 7 7 1 5 4 4 3 4 3 3 3 3 3 3 3 3 3 3 3 3 3 3 
3 3 3 3 3 3 3 3 3 3 3 3 3 3 6 7 7 4 2 7 1 7 1 4 5 4 5 3 1 5 5 7 4 4 6 1 2 3 5 2 3 7.0625 4.76837e-07 7 7 6 5 6 2 5 0 6 3 6 2 0 6 6 2 4 7 5 5 0 3 4 2 3 2 2 3 4 4 4 5 6 3 7 0 5 1 1 5 1 3 5 4 3 2 0 3 7 1 0 2 3 4 4 1 7 3 4 5 0 5 6 5 2 7 3 4 7 7 4 4 1 2 3 6 3 0 4 4 5 1 5 6 4 6 6 5 4 3 5 2 6 5 7 6 2 2 2 5 7 6 7 6 4 5 4 3 0 4 1 5 0 7 4 4 7 0 7 0 3 0 1 6 2 4 4 1 5 3 4 0 4 2 1 6 4 4 7 5 5 1 3 5 4 5 4 1 7 1 7 2 4 7 7 6 3 3 3 3 3 3 3 3 3 3 3 3 3 3 
3 3 3 3 3 3 3 3 3 3 3 3 3 4 2 5 5 6 4 5 5 3 2 5 0 2 4 0 6 7 6 6 3 0 7 6 0 6 6 5 4 3 2 6 0 1 3 7 2 7 2 3 3 3 5 7 2 3 3 6 4 1 1 2 2 7 0 7 1 2 2 4 4 0 3 5 3 2 1 2 4 7 3 4 2 7 7 2 5 6 7 5 6 1 1 1 4 3 6 4 6 3 4 4 3 1 3 1 3 2 4 3 5 2 2 5 2 3 0 6 2 7 3 4 5 7 7 7 2 6 3 1 1 4 7 1 2 2 4 2 2 3 3 5 1 5 4 7 2 5 3 7 7 3 2 5 3 4 5 5 2 6 1 3 2 2 7 5 6 2 2 6 2 3 6 7 0 6 7 0 3 6 6 7 6 0 4 2 0 5 2 3 5 5 4 6 5 5 2 4 3 3 3 3 3 3 3 3 3 3 3 3 3 
3 3 3 3 3 3 3 3 3 3 3 3 3 6 7 7 2 7 3 6 5 7 3 5 5 1 6 3 2 5 1 1 5 7 3 7 3 1 1 7 1.5 4 5 0 4 2 1 2 6 4 3 2 6 6 1 1 4 3 6 0 2 0 6 7 6 2 1 7 1 3 1 7 3 4 0 4 3 7 1 5 1 2 6 6 6 2 0 6 7 3 6 2 0 4 3 1 6 4 7 3 3 7 1 1 5 7 5 3 4 1 4 3 1 5 7 4 6 6 2 1 5 5 6 7 0 7 4 4 4 4 5 5 4 2 6 5 2 7 1 1 6 1 7 0 3 3 3 7 1 7 5 3 6 7 0 3 6 5 6 7 4 1 6 0 4 3 3 2 5 2 3 0 5 0 6 3 3 7 3 7 5 1 1 5 2 3 6 1 5 5 3 7 5 6 3 7 2 7 7 6 3 3 3 3 3 3 3 3 3 3 3 3 3 
3 3 3 3 3 3 3 3 3 3 3 3 4 2 4 2 4 5 7 3 4 7 7 5 6 2 4 1 3 7 3 7 4 1 0 6 6 1 7 0 5 4 2 7.00781 3 4.5 1 3 5 4 3 0 4 1 3 1 7 3 2 6 6 7 6 5 1 3 4 1 1 6 5 1 1 0 3 5 2 6 7 3 6 3 6 6 5 0 4 7 6 7 3 4 2 6 4 1 2 1 1 5 2 6 5 3 5 4 5 6 4 3 7 7 1 7 3 2 3 5 0 5 5 3 3 2 3 2 6 7 4 6 4 0 5 6 1 6 2 2 6 2 1 3 6 5 5 4 3 4 3 7 6 6 0 1 7 3 3 1 1 4 6 2 5 6 4 3 1 7.5 4 2.00391 6 3 1 4.0625 2 7 6 6 0 1 4 7 3 7 3 1 4 2 6 5 7 7 4 3 7 5 4 2 4 2 4 3 3 3 3 3 3 3 3 3 3 3 3 
3 3 3 3 3 3 3 3 3 3 3 3 6 5 5 0 7 2 5 5 0 7 0 5 6 7 5 3 3 3 7 4 7 5 5 3 3 2 7 6 6.00781 2.01562 4 1 5 5 1 6 4 5 4 7 1 6 3 5 7 6 6 0 1 5 3 1 6 6 7 2 4 2 7 3 1 5 4 0 7 6 6 0 6 6 7 2 7 5 0 6 2 1 1 4 3 3 3 7 5 6 2 2 0 1 6 2 2 0 3 7 7 6 3 4 2 4 6 7 1 4 5 6 4 4 6 0 3 3 3 6 4 1 4 4 6 4 6 7 6 1 4 0 1 1 5 3 4 3 4 1 4 1 2 0 3 6 4 6 5 0 7 0 3 1 7 1 1 4 6 1 3 7 0 2.00391 4.01172 3.8147e-06 4 1 6 3 5 5 7 4 7 3 3 3 5 7 6 5 0 7 0 5 5 2 7 0 5 5 6 3 3 3 3 3 3 3 3 3 3 3 3 
3 3 3 3 3 3 3 3 3 3 3 4 2 6 1 7 3 3 1 4 6 2 2 5 1 6 0 4 6 1 7 0 6 4 5 5 7 3 2 4 4.01172 5 6 6 5 7 7 5 1.125 0 7 5 2 4 4 1 6 6 2 4 2 4 3 2 7 5 4 5 5 6 3 7 3 3 3 1 1 1 7 2 6 3 7 2 2 2 5 7 0 7 2 3 4 2 5 3 5 6 7 6 6 6 0 6 3 3 4 4 3 4 6 4 4 6 7 1 4 5 3 0 3 6 3 3 3 7 6 7 6 4 3 1 2 7 5 7 4 3 7 7 4 5 4 6 5 6 2 4 6 2 7 5 0 1 1 2 6 4 7 6 2 6 6 1 2 4 0 1 7 6 1 2 3 1 1 6.5 4 6 5 4 6 0 7 1 6 4 0 6 1 5 2 2 6 4 1 3 3 7 1 6 2 4 3 3 3 3 3 3 3 3 3 3 3 
3 3 3 3 3 3 3 3 3 3 3 6 7 3 4 3 0 3 2 1 1 3 5 3 4 6 6 5 7 1 6 4 3 2 1 3 7.0625 1 3 7 5 2 7 7 3 0 5 6 5 5 2 7 2 2 4 5 4 0 3 5 0 1 6 5 3 1 4 6 7 0 5 1 2 6 2 6 2 1 6 6 7 1 3 5 2 3 6 4 5 1 2 1 7 3 4 2 3 6 2 1 6 7 4 2 1 2 1 7 3 3 5 6 5 7 7 3 0 7 4 3 2 0 2 3 7 3 5 3 4 6 2 2 6 4 3 1 7 4 0 1 2 2 4 7 3 2 4 3 7 5 1 3 5 5 4 0 1 2 0 7 4 5 4 7 2 3 5 7 7 6 6 6 6 6 4 5 3.0625 6 1 2 3 4 6 1 7 5 6 6 4 3 5 3 1 1 2 3 0 3 4 3 7 6 3 3 3 3 3 3 3 3 3 3 3 
3 3 3 3 3 3 3 3 3 3 4 4 5 6 0 3 2 6 3 4 4 7 0 2 3 2 6 0 4 1 7 2 4 5 1 6.5 3.5 6.0625 3 2 3 0 6 4.00781 0 3 3 6 2 3 2 5 5 5 0 7 4 6 0 6 4 5 5 5 7 4 2 3 6 1 3 7 7 6 4 1 1 5 0 5 1 7 1 7 7 4 4 2 2 5 4 6 7 7 1 5 1 4 6 4 4 7 6 3 5 4 7 6 6 0 4 4 2 2 4 6 6 2 7 4 5 7 3 6 5 2 0 1 7 0 2 3 3 6 3 3 1 4 7 5 4 2 5 7 5 5 2 6 5 1 5 1 3 6 2 5 4 5 7 0 6 6 6 5 4 5 5 3 5 5 3 7 4 0 2 6 4 1 2 5 4 2 7 1 4 0 6 2 3 2 0 7 4 4 3 6 2 3 0 6 5 4 4 3 3 3 3 3 3 3 3 3 3 
3 3 3 3 3 3 3 3 3 3 7 0 3 6 2 6 1 4 1 5 1 4 7 2 3 3 1 6 2 5 2 1 5 6 2 5 7 5.5 7 1 0 3 0 1 3 0 2 2 7 6.00024 3 4 5.125 7 5 3 4 2 4 7 6 4 0 7 7 4 1 1 5 7 3 0 4 2 7 4 6 3 4 0 1 7 3 6 5 5 2 1 5 1 2 2 7 2 4 5 7 2 3 7 7 7 6 2 2 6 4 7 0 3 7 0 6 4 7 1 2 1 3 3 6 2 6 2 6 5 7 1 3 5 3 5 1 6 2 0 1 3 2 3 6 6 5 7 7 2 1 1 6 4 7 1 4 2 0 4 2 5 6 5 0.0625 2 7 2.00024 6 5 7 4 7 0 5 5 5 3 2 3 6 3 3 6 5 1 2 5 2 6 1 3 3 2 7 4 1 5 1 4 1 6 2 6 3 0 7 3 3 3 3 3 3 3 3 3 3 
3 3 3 3 3 3 3 3 3 4 2 6 6 3 7 6 0 5 3 4 7 7 2 4 1 4 1 5 0 6 2 2 4 4 0 6 6 3 1 7 3 5 3 5 4 2 5 3 5.00006 4 1 3 2 5 5 3 1 7 6 3 4 1 4 7 3 4 0 3 4 2 7 6 1 7 4 3 2 6 6 6 6 5 1 6 6 5 6 3 3 0 6 2 1 4 5 6 6 4 2 1 3 6 4 5 5 0 5 4 3 1 0 2 7 6 3 2 4 5 5 6 2 2 3 3 6 4 7 5 2 4 4 6 3 5 4 3 1 2 5 6 3 1 1 6 3 3 4 4 7 1 3 2 1 4 5 0 6 2 6 4 4 3 0 2 1.00008 4 1 3 2 7 7 3 2 5 1 2.125 6 5 6 4 4 2 2 6 0 5 1 4 1 4 2 7 7 4 3 5 0 6 7 3 6 6 2 4 3 3 3 3 3 3 3 3 3 
3 3 3 3 3 3 3 3 3 6 5 5 7 7 2 6 1 6 6 7 5 0 5 5 5 7 2 2 4 0 5 1 2 2 3 4.0625 1.00781 5 6 2 7 5 7 4 5 4 1 7 0 2 1 2 2 2 6 3 2 2 2 1 6 3 3 0 3 3 3 1 2 4 3 2 6 3 5 6 1 5 3 2 3 0 5 7 6 1 3 0 5 2 3 3 2 3 4 3 6 7 7 3 2 2 7 7 1 3 0 2 7 2 3 6 0 2 7 1 3 2 7 1 0 7 2 2 1 4 1 7 5 5 2 1 4 5 6 7 6 6 5 2 3 2 0 3 2 1 3 1 0 5 7 2 2 5 6 3 6 3 4 4 5 3 2 7 4 2 0 1 4 0 1 4 4 2 4 5 4 0 1 4 2 1 5 0 4 2 2 7 5 5 5 0 5 7 6 6 1 6 2 7 7 5 5 6 3 3 3 3 3 3 3 3 3 
3 3 3 3 3 3 3 3 4 2 6 0 6 0 6 0 6 6 3 6 3 7 3 7 4 0 5 3 1 5 3 4 3 2 1 6 0 1 7 3 7 4 2 4 5 5 5 1 4 7 1 6 4 5 5 6 5 5 5 3 4 3 6 5 1 3 5 2 2 6 6 2 7 5 1 4 3 1 4 0 7 3 1 0 7 1 4 2 7 4 2 4 7 6 3 2 5 0 4 3 0 4 0 6 7 7 5 0 5 0 7 5 5 5 1 5 5 7 3 4 6 1 3 5 5 3 4 5 3 5 6 2 7 4 7 7 0 7 1 5 4 4 3 6 1 0 5 7 7 7 1 0 4 0 4 3 1 6 5 1 4 3 4 2 5 2 6 3 0 4 7 0 2 2 4.00049 3 5 6 6 6 3 5 3 5 1 3 5 0 4 7 3 7 3 6 3 6 6 0 6 0 6 0 6 2 4 3 3 3 3 3 3 3 3 
3 3 3 3 3 3 3 3 6 6 3 6 3 4 5 1 5 5 2 6 0 6 2 2 1 7 4 5 2 3 5 7 1.00391 5 4 6 6 3 3 6 4 0.5 3.0625 3 7 5 6 6 6 1 3 7 5 6 7 2 0 5 6 0 3 5 4 6 2 6 5 4 2 0 3 7 2 1 6 2 7 4 0 7 3 6 7 3 3 3 2 6 2 6 6 2 6 6 1 7 6 3 7 2 5 2 6 4 2 6 5 7 0 7 0 6 6 1 2 6 1 0 3 6 6 5 7 0 5 3 5 7 4 2 1 5 3 3 5 0 3 4 6 1 4 3 5 4 5 6 3 6 3 2 4 5 1 3 5 6 3 2 0 3 5 5 3 6 6 2 1 6 6 2 2 7 5 3 6 5 6.5 4 2 3 4 0 6 3 2 5 4 7 1 2 2 6 0 6 2 5 5 1 5 4 3 6 3 6 6 3 3 3 3 3 3 3 3 
3 3 3 3 3 3 3 4 3 4 4 6 7 2 7 2 0 3 7 6 4 4 7 0 3 4 1 1 6 4 4 6 2 0 4 4.0625 1 0 3 4 5.00781 1 4 3 6 7 3 3 0 7 4 5 5 2 2 6 7 1 4 3 1 3 2 7 0 4 4 5 4 4 4 3 7 6 6 0 6 6 3 4 0 2 4 0 5 5 7 3 4 2 1 7 3 4 7 5 5 5 1 0 3 7 7 3 7 6 0 7 5 6 2 1 0 5 7 4 6 5 2 0 3 7 0 4 3 4 5 2 5 2 4 6 3 5 6 4 4 6 1 5 2 0 4 2 3 6 7 2 3 1 5 4 1 6 1 1 4 5 6 6 2 1 1 3 6 7 1 3 3 1 7 2 5.01562 5 4 1 0.5 2.0625 2.0625 2 6 1 5 4 6 1 1 4 3 0 7 4 4 6 7 3 0 2 7 2 7 6 4 4 3 4 3 3 3 3 3 3 3 
3 3 3 3 3 3 3 6 7 4 0 2 3 3 5 1 3 5 7 4 4 0 5 1 2 2 6 5 1 6 5 4 7 5 6 7 3 7 4 3 0 5 5 3 4 3 7 6 3 2 5 4 0 1 5 0 3 4 5 5 3 1 1 2 3 1 7 1 2 1 5 1 6 6 1 1 3 3 7 1 1 2 6 6 0 3 2 7 6 3 7 6 6 4 1 1 1 0 4 1 4 6 7 5 3 7 7 3 5 1 7 3 5 5 7 4 7 4 5 6 7 4 4 5 5 4 4 2 0 5 5 2 1 6 6 7 3 1 0 5 6 4 7 2 2 4 4 4 1 4 6 0 4 4 4 4 1 6 4 7 0 1 7 5 4 2 6 0 5 5 3 2 1 3 7 6 6 4 6 1 3 1 6 6 1 5 6 2 2 1 5 0 4 4 7 5 3 1 5 3 3 2 0 4 7 6 3 3 3 3 3 3 3 
3 3 3 3 3 3 4 3 3 1 7 6 3 7 7 5 2 7 7 3 5 7 1 3 6 2 4 0 1 5 5 6 6 2 6 0 4 1 2 7 2 0 1 5 2 2 5 6 5 0 7 5 4 5 6 7 5 6 7 4 2 1 4 7 4 6 6 5 1 0 7 7 2 4 6 5 2 2 4 1 5 1 1 7 3 2 3 7 1 7 5 7 5 1 5 2 2 5 0 4 1 4 3 2 1 6 4 5 5 5 1 4 4 7 0 3 7 3 1 3 7 3 6 2 0 3 1 7 6 7 7 4 1 2 4 2 4 3 1 6 5 0 5 4 2 5 2 4 4 4 3 6 3 7 4 7 5 2 3 7 5 4 7 5 4 3 6 3 7 0 4 3 6 2 3 2 1 4 2 3 3 7 6 5 1 0 4 2 6 3 1 7 5 3 7 7 2 5 7 7 3 6 7 1 3 3 4 3 3 3 3 3 3 
3 3 3 3 3 3 6 6 6 2 6 3 6 3 1 6 0 6 1 6 7 6 0 6 2 7 3 4 5 3 3 1 1 6 6.00391 5 2.00002 7 5.01172 4 2 7 5 3 3 1 5 6 3 4 5 3 4 2 3 4 4 5 1 5 4 2 6 6 0 4 1 2 5 4 0 1 4 1 3 6 0 5 3 3 1 4 6 6 4 4 6 0 1 4 1 5 6 7 7 1 4 7 1 4 4 2 2 5 3 7 4 5 2 5 3 1 6 4 4 3 2 7 7 2 4 4 2 0 5 3 1 7 1 0 3 6 4 6 7 5 5 5 4 3 2 7 6 7 7 1 5 2 0 4 4 3 7 1 2 0 2 3 2 2 0 4 3 5 5 6 5 7 1 1 3 7 2 0 6.00391 0 3.00001 3 0 5 2 6 6 3 5 4 3 7 2 6 0 6 7 6 1 6 0 6 1 3 6 3 6 2 6 6 6 3 3 3 3 3 3 
3 3 3 3 3 4 4 1 2 6 5 1 4 2 6 1 5 3 3 4 5 2 5 2 1 1 4 1 5 1 2 6 4 3 3 0 1 3 6 6 6 7 2 2 7 5 5 0 4 7 7 0 6 6 1 4 6 2 5 7 2 1 6 5 2 3 1 1 0 7 1 3 5 7 2 0 5 2 0 3 1 7 4 6 3 5 5 5 5 5 1 5 0 7 7 4 6 0 4 6 7 7 0 2 6 3 7 5 5 0 6 4 4 3 7 5 5 0 7 2 6 3 7 6 5 0 3 7 4 4 0 6 3 0 2 1 0 7 3 1 2 7 2 7 6 7 3 7 1 6 3 7 4 3 3 3 7 1 1 6 3 5 0 5 1 6 6 3 6 5 1 5 3 7 4 5 6 3 3.5 0 5 6 2.5 2 5 1 4 1 1 2 5 2 5 4 3 3 5 1 6 2 4 1 5 6 2 1 4 4 3 3 3 3 3 
3 3 3 3 3 7 1 3 3 7 6 4 3 2 7 4 1 3 4 0 1 5 1 1 7 3 5 0 7 4 4 3 4 2 1.00006 3 6 5 7 2 5 1 4 5 1 4 2 3 2 3 4 7 5 7 7 3 2 6 4 0 3 6 3 3 1 1 3 7 6 6 1 1 2 5 4 7 4 2 1 6 1 7 7 5 5 7 3 2 0 4 2 7 5 1 1 4 3 4 2 4 0 2 6 7 0 7 5 1 5 6 1 3 5 0 4 4 4 2 1 5 1 7 5 4 3 1 5 3 1 6 5 1 6 3 1 5 2 2 0 2 3 6 4 5 0 2 7 3 6 3 6 7 7 4 4 4 3 6 5 2 3 6 4 1 4 2 1 1 4 6 6 6 5 4 4 1 5 1 2 1 1 1 6 7 7 0 5 3 7 1 1 5 1 0 4 3 1 4 7 2 3 4 6 7 3 3 1 7 3 3 3 3 3 
3 3 3 3 4 3 1 6 2 7 7 1 3 7 0 4 1 0 6 3 5 5 3 7 5 6 1 6 6.00391 1 7 1 7 5 0 4 4 4 3 0 6 6 4 5 2 5 5 5 1 7 1 2 7 3 3 2 7 2 2 6 2 6 3 0 3 0 1 3 1 6 1 2 5 5 3 5 1 2 7 6 3 6 2 4 6 5 7 1 5 4 3 3 0 1 5 2 2 3 1 4 7 1 2 7 7 1 7 2 6 4 6 4 0 3 7 0 2 0 7 2 7 2 7 0 4 5 0 5 3 6 3 6 7 5 3 1 5 6 1 3 6 4 5 0 6 6 3 3 6 1 4 4 4 5 7 0 7 6 6 6 2 1 7 7 3 2 3 2 2 2 2 7 7 5 3 2 3 6 4 4 1 7 7 3 7.00391 6 1 6 5 7 3 5 5 3 6 0 1 4 0 7 3 1 7 7 2 6 1 3 4 3 3 3 3 
3 3 3 3 6 7 6 3 7 6 4 7 4 6 4 2 6 6 5 4 5 1 3 7 6 0 5 0 3 5 6 5.00098 2 6.10352e-05 5.0625 1 6 4 6 2 2 2 5 6 0 5 1 5 3 0 3 4 7 7 6 5 2 3 6 1 3 6 4 4 2 5 7 7 6 7 4 4 0 1 6 1 6 0 6 4 2 5 0 5 6 5 4 2 7 4 7 7 6 2 3 1 3 7 4 0 6 7 6 7 6 2 5 1 4 4 0 3 6 6 7 3 4 1 7 4 6 1 1 1 6 4 7 6 4 6 3 7 1 3 7 5 2 0 7 1 4 3 2 3 7 3 0 6 6 7 1 7 7 3 7 2 6 1 4 4 2 1 0 4 6 6 7 3 4 4 0 4 3 0 5 1 5 7 2 0 5 3.00098 0 5 6 0 5 0 6 7 3 1 5 4 5 6 6 2 4 6 4 7 4 6 7 3 6 7 6 3 3 3 3 
3 3 3 4 2 5 2 1 6 3 5 2 6 5 3 6 2 6 4 0 3 2 0 7 3 2 7 4 2 0 5.00781 6 7 7 1.01172 3 7 5 6 5 2 2 2 3 2 7 5 1 2 2 5 7 4 1 1 4 4 2 6 7 2 6 1 3 3 2 5 0 2 5 5 4 6 7 3 2 2 7 6 1 5 2 5 4 7 6 7 1 1 7 6 3 4 4 2 0 5 5 3 4 5 4 7 6 4 5 6 6 4 6 7 7 6 6 7 3 4 1 2 2 3 4 3 1 7 6 0 1 4 1 6 1 2 2 4 5 7 5 0 1 4 6 1 7 6 5 6 6 0 2 4 2 3 7 1 6 6 7 4 5 6 6 7 0 5 1 3 0 5 6 4 5 5 3 2 2 4 2 6.00781 1 4.00098 4 6 3 7 4 7 2 3 7 0 2 3 0 4 6 2 6 3 5 6 2 5 3 6 1 2 5 2 4 3 3 3 
3 3 3 6 7 7 2 7 5 2 6 2 4 5 7 5 7 4 2 7 2 3 4 6 7 5 6 4.00391 1 6 5.00001 4 1 4.01172 6 2 4.00781 4 1 7.00012 1 4 1 3 2 4 6 3 7 4 2 5 6 5 5 7 6 4 1 7 4 0 1 3 0 6 0 7 4 3 1 1 4 6 0 2 1 2 4 7 2 2 7 0 5 6 6 2 3 4 5 2 6 5 6 3 1 6 4 4 3 6 5 3 2 1 6 3 6 2 4 5 1 6 0 5 7 1 4 6 0 3 3 2 0 2 4 5 4 1 3 3 2 4 5 4 6 6 4 4 7 2 2 6 0 7 4 5 6 5 6 3 7 0 4 0 1 6 1 0 4 3 7 7 2 4 4 2 6 2 7 7 6 1.00018 7 1 5.00781 7 4 1 5 7 1.00001 7 4 5.00391 6 5 7 6 4 3 2 7 2 4 7 5 7 5 4 2 6 2 5 7 2 7 7 6 3 3 3 
3 3 4 2 5 4 1 7 3 4 4 2 0 7 7 3 2 7 6 3 3 5 0 2 0 3 6 5 0 4 4 7 1 2 3 1 7 2 5 6 3 2 4 1 7 0 1 6 1 3 2 7 5 5 6 3 1 4 3 5 2 4 3 5 7 6 5 4 2 1 7 7 7 4 5 0 7 6 0 2 2 7 5 1 5 6 5 2 1 7 2 5 5 6 7 0 7 3 3 3 7 3 0 5 1 2 3 2 2 1 7 0 2 5 3 0 3 2 4 5 7 7 4 5 2 1 2 4 3 6 1 6 1 4 6 4 0 1 5 6 1 5 4 5 6 2 6 0 7 6 7 6 3 6 3 7 7 5 3 6 3 1 7 6 2 3 3 1 6 5 0 2 3 7 2 2 4 4 3 6 7 3 7 7 2 7 6 3 0 2 0 5 3 3 6 7 2 3 7 7 0 2 4 4 3 7 1 4 5 2 4 3 3 
3 3 6 5 1 5 3 3 7 4 7 4 4 6 4 5 2 1 2 4 2 7 5 4 3 4 1 1 6 0.125 2.0625 4 2 0 3 7 2.00098 2 1 7 1 3 5 7 6 2 7 7 6 2 2 2 0 5 3 7 6 5 1 1 6 0 2 5 1 6 2 1 2 1 5 3 3 7 4 6 6 4 6 7 2 1 5 2 2 2 7 1 4 0 1 6 4 2 7 6 4 5 4 4 6 5 6 0 6 3 5 3 5 3 6 3 3 6 2 3 0 4 0 6 0 3 1 1 0 4 5 1 1 6 3 6 3 3 5 2 3 5 7 2 5 1 6 5 5 4 0 5 6 5 5 1 5 5 1 0 3 2 3 4 3 1 4 7 1 7 3 3 7 1 3 3 5 6 1 6 1 4 3 3 2 4 7.0625 4 6 1 1 4 3 4 5 7 2 4 2 1 2 5 4 6 4 4 7 4 7 3 3 5 1 5 6 3 3 
3 4 2 5 0 2 2 1 1 2 2 0 6 4 5 3 6 1 4 5 2 7 2 2 0 2 4 7 4 6 2.00006 7 3 6 0 4 7 3 4.01953 0 3 0 7 0 7 7 2 5 3 6 5 3 7 5 3 5 4 1 5 6 4 2 2 3 1 7 1 7 1 1 3 1 2 1 0 7 5 5 2 4 2 1 7 3 7 4 1 1 7 3 7 6 0 3 4 2 0 1 1 1 7 7 1 6 7 6 4 3 3 2 6 6 3 7 4 6 1 4 1 3 5 0 6 4 6 7 6 1 2 1 1 7 3 1 4 7 3 4 4 7 1 1 6 6 3 2 3 7 5 6 3 6 5 2 3 5 5 0 5 0 6 5 5 1 5 2 6 7 0 5 1 1 2 6 6.01953 4 1 7 6 4 7 5 2.00006 5 1 3 7 2 0 2 2 7 2 5 4 1 6 3 5 4 6 0 2 2 1 1 2 2 0 5 2 4 3 
3 6 6 7 4 4 3 6 2 4 0 2 5 4 7 2 4 5 0 7 2 6 2 2 3 1 2 1 6 0 2 0 7 1 5.00391 4 0 2 4 1 6 2 7 4 5 7 7 2 3 5 4 6 0 6 7 0 7 7 5 3 7 7 1 7 2 5 5 7 5 3 4 3 7 5 1 3 0 5 1 1 4 6 3 0 5 0 7 5 5 1 4 5 3 3 3 7 2 4 6 2 6 7 6 6 4 4 6 4 5 6 2 3 4 3 2 6 1 6 6 2 6 3 7 3 2 4 1 7 7 7 3 2 3 4 6 7 2 2 6 5 0 4 4 2 3 3 7 7 3 3 4 4 1 1 0 1 2 5 3 6 5 6 2 0 7 5 2 4 5 0 3 6 0 6 5 1 4 2 4.01172 7 6 3 1 1 4 4 1 3 3 2 2 6 2 7 0 5 4 2 7 4 5 2 0 4 2 6 3 4 4 7 6 6 3 
4 0 5 3 3 5 5 6 5 7 2 7 2 3 3 2 6 4 1 5 6 4 2 2 3 6 1 6 6 6 5 4 7 5 3 5 4 1 3 4 4 2 6 3 4 0 4 3 0 2 6 2 3 4 6 7 2 3 6 3 7 3 0 5 6 3 1 2 5 6 6 5 2 1 7 6 2 4 5 7 7 1 1 3 2 7 7 7 4 2 4 1 7 7 4 7 3 2 5 6 3 7 5 3 3 1 0 4 2 4 3 7 7 6 2 1 2 7 3 7 5 2 4 1 6 2 6 3 1 4 0 2 5 4 6 5 7 6 3 5 3 6 5 7 6 4 7 2 1 6 2 0 3 3 7 2 1 0 4 7 1 3 7 5 3 0 7 5 5 4 0 6 1 1 1 1 2 1 7 1 5 2 5 2 5 2 4 3 4 2 2 4 6 5 1 4 6 2 3 3 2 7 2 7 5 6 5 5 3 3 5 0 4 
4 3 4 4 6 1 2 6 1 0 5 4 0 6 7 5 7 5 1 6 7 5 6 1 2 4.00391 2 7 4 7 7 0 2 6 2 4 4 3 6 1 7 1 7 3 7 7 0 7 3 6 4 4 5 0 5 7 4 1 2 6 2 7 3 7 7 0 7 4 1 7 0 7 2 0 4 4 2 4 0 1 1 7 6 6 4 7 6 1 4 6 4 1 2 2 2 2 1 3 2 3 3 2 0 5 2 6 7 0 7 2 7 0 5 6 2 7 2 1 7 7 1 5 3 6 2 4 6 6 3 6 5 0 7 5 5 6 4 6 7 2 2 3 3 4 7 3 1 7 4 4 1 5 2 3 2 4 5 2 3 2 1 2 4 2 7 3 0 4 5 6 4 5 4 6 7 3 1 3 2 5 6 5 5 2 3.5 7 6 2.00391 4 1 6 5 7 6 1 5 7 5 7 6 0 4 5 0 1 6 2 1 6 4 4 3 4 
4 3 5 7 0 2 7 3 3 7 5 3 5 3 3 0 5 1 4 0 5 1 7 6 5 7 3 6 6 1 3 5 3 3 7.00146 7 3 1 1 1 3 7 5 3 1 6 5 6 6 2 4 0 1 3 1 7 2 3 6 6 5 7 3 3 1 7 4 6 5 2 3 5 4 6 4 6 4 7 4 6 7 6 5 4 4 3 4 6 5 4 7 3 7 3 6 4 5 5 3 0 3 6 4 7 2 7 5 4 6 7 7 7 5 7 4 6 6 2 0 7 6 7 3 6 2 4 3 3 5 5 4 6 5 1 7 7 5 7 2 3 1 1 3 7 0 4 6 4 4 3 1 7 4 5 4 1 6 0 5 4 6 0 2 2 3 4 6 1 5 0 3 6 3 5 3 7 1 5 4.00146 3 2 7 4 3 4.00781 2 7 6 7 7 7 1 5 0 4 1 5 0 3 3 5 3 5 7 3 3 7 2 0 7 5 3 4 
4 3 5 3 2 4 3 1 4 5 7 6 2 2 2 6 2 1 4 2 5 5 5 2 3.63798e-12 5 1 2 5 3 3 1 7 0 3 2 1.5 3 5 5 1 1 4 1 2 6 5 6 4 6 6 7 5 3 5 2 4 5 3 4 5 3 1 5 5 7 7 7 4 6 2 5 0 7 2 6 4 6 6 5 7 3 3 4 5 5 3 1 2 0 4 2 0 7 3 4 5 2 7 5 4 7 4 1 1 6 2 1 7 4 0 1 6 4 3 7 4 2 7 7 4 2 0 3 5 1 1 4 7 7 5 0 7 5 7 0 6 6 5 1 7 2 0 7 2 7 2 5 5 4 0 1 6 2 6 1 0 4 7 5 5 2 6 5 3 0 7 2 7 6 5 6 2 7 1 7 1 3 6 2 1 6 4 4 0 1 2 3 1 5 5 5 5 2 4 1 2 6 2 2 2 6 7 5 4 1 3 4 2 3 5 3 4 
4 3 5 0 4 1 4 3 6 7 2 7 4 7 7 6 3 1 6 5 6 1 2 2 5.0625 7 6 7 5 5 1 5 0 2 2 5 3 2 6 3 6 3 2 7 7 1 1 3 7 5 7 5 0 6 4 7 2 5 1 6 4 7 2 7 2 4 4 2 0 4 6 3 6 5 7 6 4 3 7 1 4 0 4 3 6 5 5 2 7 2 2 5 7 1 6 5 6 5 3 2 4 5 2 7 5 2 4 2 1 3 7 5 0 6 2 3 0 3 1 2 3 6 2 6 5 5 6 7 1 0 4 2 7 1 5 7 2 2 6 7 7 0 7 4 7 4 3 4 5 0 7 4 5 6 5 3 1 3 3 5 5 6 7 1 6 6 0 6 1 2 1 7 4 1 6 7 2 2 6 5 1 3 3 3 3 3 3 4 2.0625 1 3 1 6 5 6 1 3 6 7 7 4 7 2 7 6 3 4 1 4 0 5 3 4 
4 3 4 6 2 7 6 2 2 5 2 1 7 7 1 2 7 6 3 1 3 6 5 3 1 5 5.0625 3 1 5.5 6 7.125 4 3 4.00781 5 1 0 7 7 4 6 6 6 6 4 6 1 4 4 4 0 5 4 2 1 1 4 6 2 0 2 6 2 1 4 0 1 3 6 6 5 7 7 5 7 5 2 7 5 0 2 7 5 7 7 4 1 3 2 1 2 2 4 7 6 1 4 5 6 4 0 7 3 6 7 4 6 2 2 5 3 4 2 4 1 2 7 2 4 2 5 2 2 4 3 5 2 2 6 2 2 5 0 1 7 2 3 4 3 4 4 0 3 4 3 5 0 2 6 6 1 7 3 2 3 7 2 3 7 3 0 3 2 3 6 7 5 1 5 5 2 5 4 5 5 0 5 0.015625 2 6 1.0625 2 3 4 7 6 3.00391 1 0 7 6 3 1 3 6 7 2 1 7 7 1 2 5 2 2 6 7 2 6 4 3 4 
4 3 4 4 6 5 7 2 7 1 5 4 2 1 7 1 1 3 4 6 7 3 2 6 4 7 0 6 1 0 7.00049 3.00006 2 5 7 5 4 6 5 2 4 6 3 4 5 6 2 3 1 6 4 1 7 6 2 6 3 6 3 1 2 1 5 6 6 0 7 7 7 7 6 0 7 0 6 3 7 6 3 7 1 7 1 7 4 3 6 1 5 1 3 2 3 5 4 3 0 2 3 5 3 7 5 4 7 4 2 0 5 4 4 2 4 3 5 3 6 6 7 5 4 4 7 6 5 5 3 1 6 5 1 4 2 5 6 1 6 7 3 0 4 0 6 2 7 5 2 1 2 7 2 5 0 5 4 6 6 5 6 5 0 4 0 5 5 4 6 5 4 6 3 4 6 0 5 6 2 5 6 3 3 0.00012207 2 7 6 0 6 2 4 7 5.5 4 7 6 4 3 1 1 7 1 2 4 5 1 7 2 7 5 6 4 4 3 4 
4 3 4 4 5 2 3 7 6 2 0 4 3 1 2 4 1 7 7 7 3 6 2 7.0625 7 5 7 5 6 3 5 1.00001 5 7 7 6 7 1 4 7 1 6 3 7 7 5 2 2 4 5 4 5 6 7 4 4 1 4 5 4 6 6 7 3 1 1 7 0 4 5 0 6 6 6 5 7 3 6 1 1 7 4 6 2 1 3 4 5 7 2 7 6 0 4 3 3 4 6 4 1 4 4 4 1 0 4 0 7 4 1 3 0 5 7 1 3 0 2 6 7 1 6 1 3 5 6 7 5 3 2 5 2 1 7 0 6 5 7 7 5 1 1 5 5 1 2 4 3 2 7 5 7 7 5 5 0 1 6 7 2 4 2 5 2 1 5 7 7 1 4 3 2 0 3 3 2 1 1 3 3 4 7.00001 0 6 1 6.0625 2 6 4 0 2 0 4 7 7 7 1 4 2 1 3 4 0 2 6 7 3 2 5 4 4 3 4 
4 3 4 4 6 5 7 2 3 0 7 6 0 3 1 6 3 2 5 6 3 7 5 4.0625 0 4 1 1 6 1 2 5 1 3 3 6 2 6 4 7 6 3 7 2 3 5 6 3 1 6 7 5 5 2 2 4 5 7 4 1 6 4 7 6 4 5 1 7 6 0 7 1 4 2 3 4 6 1 6 6 3 7 6 2 2 5 1 2 1 5 0 1 4 2 5 2 5 6 6 2 1 5 2 6 7 7 3 6 3 6 0 3 7 3 6 0 5 7 3 1 0 3 5 2 4 4 5 5 3 1 6 7 5 2 1 5 5 7 3 3 1 2 5 0 1 3 5 7 3 1 0 6 3 1 3 7 2 3 7 2 2 4 4 4 5 3 7 1 4 6 0 2 3 2 6 1 3 2 5 7 6 3 5 0 2 7 7 6 4 7.0625 6 1 4 6 5 2 3 6 1 3 0 6 7 0 3 2 7 5 6 4 4 3 4 
4 3 4 5 0 3 0 4 6 7 7 5 1 5 1 0 7 4 6 6 5 1 3.00049 3 7 7 4 0.125 6 7 3 2 5 1 2 2 1 4 3 5 4 6 2 2 0 2 1 5 5 6 5 4 5 2 4 1 6 2 2 4 2 3 7 6 1 6 3 3 5 3 0 2 1 3 3 3 3 2 3 1 7 3 2 2 7 2 4 7 6 5 3 3 7 1 5 4 0 7 6 7 5 3 7 3 5 0 6 3 0 3 2 4 1 2 6 4 6 3 6 7 6 0 6 5 7 5 2 2 1 2 4 3 7 6 3 3 7 4 3 5 2 7 6 7 3 2 3 1 3 1 7 5 1 7 3 3 2 5 3 7 5 2 0 5 0 6 5 2 3 2 7 1 0 1 1 1 2 3 0 6 7 6 0 2 6 3 4.0625 7 6 7.5 2.00049 3 5 6 6 4 7 0 1 5 1 5 7 7 6 4 0 3 0 5 4 3 4 
4 3 4 7 6 4 7 1 0 5 4 1 6 3 3 2 5 7 0 6 1 6 7 4.00391 3 2.125 6 6 3 0 5 0 7 3 5 1 0 2 5 3 5 3 7 7 7 5 2 1 3 2 2 2 2 7 0 6 7 6 4 6 2 7 3 5 0 2 3 4 6 6 6 7 6 4 7 4 1 4 4 1 6 2 5 3 3 5 0 3 2 0 5 6 5 7 7 3 1 7 5 7 2 2 4 0 5 3 1 5 2 7 2 2 0 2 0 2 5 0 1 2 6 3 0 4 6 1 1 1 0 5 6 0 1 1 3 5 5 7 4 1 2 3 0 1 3 2 4 5 1 4 1 6 6 5 3 2 7 1 1 5 4 1 2 3 3 0 7 4 6 4 5 5 3 1 3 5 0 6 3 3 6 0 5 2 0 4 0 2.0625 5 6 4 7 1 6 0 7 5 2 3 3 6 1 4 5 0 1 7 4 6 7 4 3 4 
4 3 5 1 2 4 6 5 5 7 6 2 0 7 6 3 7 6 2 4 7 4 1 4 1 3 5.0625 3 7.0625 6 5 5 2 2 3 5 3 0 7 7 5 1 2 2 3 6 7 1 4 6 1 2 2 7 6 3 6 3 4 4 1 3 2 7 1 1 3 3 0 1 3 1 2 4 6 3 5 0 7 6 1 7 1 7 5 0 4 1 4 7 4 3 5 3 2 4 5 7 3 2 3 7 7 4 0 3 4 6 7 2 5 5 7 2 2 7 5 5 6 3 6 1 6 5 4 2 4 6 4 3 3 2 5 5 2 3 1 7 0 5 6 6 2 4 6 7 3 5 1 2 0 1 1 3 5 2 4 6 1 4 4 4 6 1 3 7 3 3 1 4 1 5 0 5 7 5 5 7 4 3.00001 3 4 5 7 4.0625 7 6 1 4 3 7 4 7 4 2 6 7 3 6 7 0 2 6 7 5 5 6 4 2 1 5 3 4 
4 3 5 2 5 3 7 4 2 7 5 6 3 4 7 7 1 7 4 1 0 5 2 7 4 1 5 5 5.00049 1 5 0 2 1 6 7 3 5 5 6 1 5 1 3 1 2 6 6 3 3 3 1 4 6 3 3 5 6 0 5 6 1 2 3 7 5 3 0 6 5 2 2 7 0 2 6 6 5 2 2 6 0 7 5 2 7 2 7 6 5 1 4 1 3 0 3 3 6 3 5 6 4 7 1 6 6 2 2 4 3 5 3 3 7 7 4 1 3 4 4 3 0 5 4 2 5 7 2 2 7 2 6 6 2 1 6 3 5 2 7 1 1 6 0 5 2 6 0 4 5 1 4 3 1 2 6 1 6 1 5 2 5 1 5 3 3 7 4 2 7 3 2 3 3 6 0 3 2 4 3 2 6 4 5 7.00049 2 4 6 5 6 7 5 0 1 4 7 1 7 7 4 3 6 5 7 2 4 7 3 5 2 5 3 4 
4 3 5 2 5 7 6 4 4 0 6 5 4 2 3 6 4 7 4 7 4 7 1 1 2 5 2 1 3 0 2.01562 3 6 1 6 3 5 4 5 0 7 0 3 7 1 7 6 7 1 0 7 5 1 5 0 3 1 3 4 3 7 6 6 3 2 2 5 6 4 3 5 6 4 4 0 5 5 4 6 4 4 3 0 3 7 1 3 2 4 0 7 4 4 4 3 7 1 5 1 5 0 7 3 0 2 6 7 1 2 6 5 7 4 4 1 3 4 6 0 7 6 3 2 2 5 1 6 4 4 4 4 6 2 1 5 1 0 5 6 1 7 7 2 2 3 5 6 4 3 5 5 6 0 4 2 7 0 5 5 0 6 4 7 6 3 6 5 4 4 7 1 1 3 3 2 5 4 1 7 5 6 1 4.01953 0 7 4 2 2 5 4.5 7.00391 7 4 7 4 7 4 6 3 2 4 5 6 0 4 4 6 7 5 2 5 3 4 
4 3 5 2 7 5 2 1 7 5 3 3 1 5 2 0 2 5 5 1 4 1 6 7.0625 4 0 7 5 3.00098 6.125 3.00012 2 5 7 0 5 1 3 3 7 1 3 7 7 5 3 4 1 4 2 7 6 4 5 7 2 3 4 2 1 4 1 0 7 4 7 1 0 3 6 7 6 4 1 5 6 7 2 0 3 2 5 1 4 2 1 7 4 7 1 4 3 7 5 5 3 0 2 4 0 2 6 6 3 6 6 7 3 2 2 3 5 2 6 4 1 2 5 1 5 3 6 7 7 2 7 7 6 5 1 7 2 1 2 3 4 4 7 3 1 3 7 6 4 2 0 5 2 3 3 7 5 2 4 0 4 7 3 5 4 3 5 0 4 5 5 7 5 4 1 1 3 4 0 5 4 1 0 4 1 2 4 3.00006 2.0625 5.00098 5 4 4 6 1.0625 5 2 4 1 5 5 2 0 2 5 1 3 3 5 7 1 2 5 7 2 5 3 4 
4 3 5 2 3 2 4 2 2 7 3 1 6 5 0 5 0 7 0 5 4 3 6 5 6 6 4 2.00012 7 3 3 6 7 2 2 2 4 3 4 4 7 7 1 3 6 2 1 7 3 2 5 7 7 7 1 4 5 2 4 1 6 4 4 3 6 7 5 4 3 1 7 5 6 5 4 6 0 1 2 2 1 5 7 6 3 3 2 1 2 1 6 0 7 3 5 6 6 6 5 7 6 0 7 5 1 6 1 3 5 4 2 1 4 5 2 1 6 4 5 7 1 4 4 5 0 4 6 7 3 6 7 3 6 7 1 2 1 5 2 6 6 3 6 4 3 2 2 0 2 4 4 4 2 6 5 3 1 5 5 5 4 2 6 2 0 2 0 6 4 4 7 0 3 2 3 2 6 3 5 5 0 2 6 4 6 1.00012 2 1 4 3.00391 6 4 4 5 0 7 0 5 0 5 6 1 3 7 2 2 4 2 3 2 5 3 4 
4 3 5 2 1 7 7 5 7 1 7 5 1 2 5 3 3 4 5 1 6 0 6 3.0625 1 0 5 7 0.00390625 7 5 7 2 2 1.00195 5 2 7 2 7 3 1 3 7 2 7 1 2 3 1 5 6 4 4 1 2 2 1 0 2 7 3 0 3 7 7 0 6 6 3 1 6 0 3 2 1 1 5 4 7 3 2 7 4 1 3 6 4 7 2 6 6 3 7 7 0 6 7 1 7 0 5 2 4 7 5 3 3 3 3 4 1 2 5 3 5 7 5 2 5 6 7 6 1 4 2 1 7 2 6 3 6 5 1 7 4 7 0 3 0 7 7 7 5 3 0 3 4 0 6 0 4 2 2 0 2 7 6 5 1 6 5 2 6 7 2 5 4 3 3 4 2 6 6 4 2 7 3 6.00195 4 6 4 4 5 7.01172 4 0 5 1 1.0625 7 1 6 1 5 4 3 3 5 2 1 5 7 1 7 5 7 7 1 2 5 3 4 
4 3 5 2 5 4 6 1 3 1 2 2 7 7 1 7 5 3 2 3 2 4 7 7 6 7 4 0 6 1 3 5.5 5 6 5 0 1 7 6 6 4 2 6 5 2 4 3 5 4 1 5 5 5 2 0 7 0 4 4 1 4 1 4 6 5 4 5 2 6 2 3 6 5 7 2 2 5 2 1 0 2 6 4 1 1 1 3 2 2 7 7 4 2 5 4 2 5 2 3 4 2 0 4 4 7 2 2 6 4 5 5 2 7 0 5 2 4 7 5 2 4 1 0 6 5 2 0 7 6 2 5 3 3 4 2 7 0 3 2 3 3 1 5 0 1 2 2 1 7 2 5 6 4 2 7 6 7 2 4 6 1 4 5 1 5 7 7 4 4 5 5 0 3 5 5 5 2 5 0 3 3 4 1 0 6 5 4 0 3 4.5 1 6 2 3 2 3 5 7 1 7 7 2 2 1 3 1 6 4 5 2 5 3 4 
4 3 5 3 1 6 7 6 6 7 7 7 7 6 3 7 0 2 5 1 1 3 0 5 3 1 2 5 2 3.5 1 4 7 3 7 5 4 4 4 0 1 7 5 5 7 6 4 7 1 3 7 5 6 5 4 1 2 4 0 6 7 3 1 4 4 3 3 5 5 6 7 4 2 1 3 6 7 7 2 1 1 2 4 4 2 7 2 3 6 4 5 5 7 7 6 6 7 7 5 6 5 5 0 3 2 1 3 1 1 3 0 6 1 7 7 0 7 3 5 2 6 7 4 7 1 4 2 2 5 4 4 1 5 0 1 5 2 0 6 1 4 1 7 7 2 5 4 6 2 6 5 0 4 0 5 5 3 1 7 5 6 2 5 2 4 2 5 2 5 1 4 3 5 5 6 4 4 3 2 2 0 3 6 6 0 4 2 3 6 3 3 4 1 1 5 2 0 7 3 6 7 7 7 7 6 6 7 6 1 3 5 3 4 
4 3 5 3 1 3 2 1 1 2 4 4 0 7 1 5 3 5 7 2 5 3 7 4 5 5.00049 2 6 4 2 1 0 7 4 6 7 5 3 2 4 7 5 6 0 7 5 3 4 7 6 2 4 4 3 4 2 2 7 6 6 4 2 6 0 5 0 3 0 2 3 1 4 7 0 2 3 2 6 1 6 6 6 4 5 3 2 3 6 0 4 2 6 1 3 0 3 6 5 5 5 7 2 1 3 2 1 3 5 4 2 3 2 3 3 3 7 7 7 5 3 2 4 5 4 1 1 1 4 5 1 5 6 2 6 3 0 3 6 5 6 6 7 6 3 5 1 6 7 3 7 4 4 4 6 4 4 4 6 2 6 6 1 7 2 5 3 1 1 5 7 7 6 7 6 1 5 6 2 4 5 6 5 2 2 5 3 5 0.000488281 4 3.00391 4 5 5 2 7 5 3 5 1 7 0 4 4 2 1 1 2 3 1 3 5 3 4 
4 3 5 3 2 0 3 1 6 1 1 6 7 7 6 4 0 6 4 0 7 5 5 4 7 2 6 0 7 6.125 1.00001 4 0 6.125 4 4 7 2 5 1 7 5 7 4 2 1 2 5 6 5 4 4 6 6 4 3 7 2 2 2 0 5 1 5 6 5 3 2 7 2 7 3 0 2 4 1 2 4 5 6 2 6 4 2 3 3 2 1 6 2 1 1 4 4 7 2 4 3 6 4 6 3 3 7 7 4 7 1 5 2 4 2 4 1 0 3 4 7 7 4 3 6 6 2 2 3 6 2 7 0 7 3 5 2 4 4 3 5 5 5 2 3 2 6 7 2 6 7 2 0 5 7 0 2 6 5 1 1 5 3 0 5 2 4 6 4 6 3 5 0 1 6 1 5 5 5 7 0 7 5 4 5.5 3.00001 1.1875 5 5 0 6 0 6 2 7 7 0 4 6 0 4 6 7 7 6 1 1 6 1 3 0 2 3 5 3 4 
4 3 5 3 6 6 3 4 3 2 5 1 5 6 3 2 6 7 5 3 1 2 5 7 5 7 7 4 5 1 7 5 6 4 4 7 7 3 7 2 0 7 2 6 3 2 5 1 0 3 6 1 4 5 7 4 1 5 7 4 4 0 7 5 5 2 6 3 5 6 3 6 4 4 2 3 1 7 2 7 3 6 4 6 7 5 7 6 2 5 1 3 5 6 3 5 3 6 2 3 6 5 5 2 4 0 4 3 5 4 4 2 3 2 6 2 4 0 5 4 1 6 7 0 2 6 2 0 2 3 4 0 6 6 7 6 2 7 0 7 2 0 5 7 3 7 5 7 7 3 2 2 3 2 6 0 5 5 4 4 6 7 1 3 3 4 6 4 1 1 7 7 5 3 1 4 5 4 5 6 3 6 4.1875 5 6 4 7 2 6 5 1 4 1 3 5 7 6 2 3 6 5 1 5 2 3 4 3 6 6 3 5 3 4 
4 3 5 2 7 2 7 7 3 5 6 6 7 7 4 1 6 2 2 7 3 1 1 1 4 5.0625 4 4 7 5 5 1 5 2 6 5 0 5 4 7 7 3 5 3 1 6 5 4 3 6 1 7 1 2 0 1 3 2 6 7 3 4 7 6 4 7 1 3 1 0 3 1 5 1 5 5 4 5 5 6 5 2 2 2 6 4 4 7 7 2 3 0 3 4 1 6 3 3 6 5 7 3 2 6 3 2 4 2 3 0 6 3 3 3 3 5 1 7 5 4 6 5 3 3 1 5 7 4 1 5 3 4 2 2 7 1 6 2 3 6 1 5 6 1 0 5 3 6 5 5 6 7 1 6 7 5 7 5 1 2 4 0 6 5 5 1 0 7 1 6 4 7 6 2 7 4 4 0 3 2 6 7 0 2 2 0 3 4.125 6 5 5 2 3 7 2 2 6 1 4 7 7 6 6 5 3 7 7 2 7 2 5 3 4 
4 3 5 0 1 4 6 6 2 1 3 4 2 2 5 5 1 3 5 2 2 5 6.00049 4 1 3 1 7 5 6 1.00049 6 4 0 4 1 7 6 5 5 0 7 5 5 4 2 1 5 2 0 7 6 2 4 4 5 3 6 0 4 6 1 5 0 3 4 3 6 2 5 1 3 6 3 5 7 1 4 2 7 4 0 2 6 5 2 4 6 2 0 7 6 0 3 4 3 4 4 4 5 3 6 0 3 1 3 5 4 7 3 6 3 4 4 1 1 7 3 5 4 2 6 3 0 7 5 7 3 0 6 0 4 6 1 2 3 5 2 1 3 4 7 5 6 5 1 3 3 1 4 2 6 1 7 4 2 6 5 4 3 1 6 1 3 4 6 2 5 3 3 4 3 0 3 2 5 0 2 3 2 3 1 6 3 3 5 5 3 5 1 1 7 2 2 5 3 1 5 5 2 2 4 3 1 2 6 6 4 1 0 5 3 4 
4 3 4 6 1 6 3 7 5 6 2 3 0 2 6 5 1 3 7 1 5 1 1 2 7 1.125 2 2 1 6 0 7 2 4 6 5 7 2 4 0 6 5 5 0 1 5 1 7 3 4 3 3 7 2 3 5 6 5 2 2 3 5 5 6 7 4 3 3 0 5 5 0 4 1 6 6 7 2 4 4 5 2 3 5 7 4 6 1 7 7 0 4 3 6 4 3 5 4 1 0 5 6 3 7 7 4 0 6 1 6 2 2 2 7 6 3 0 4 0 7 0 7 3 5 2 6 2 7 1 1 5 7 7 7 0 6 3 3 1 2 1 3 3 0 5 1 5 7 0 5 2 7 7 3 4 3 4 5 7 2 4 4 0 7 2 1 7 7 3 4 0 5 3 1 4 4 2 4 4 2 0 2 1 1 1 7 7 7 3 0 5 2 5 1 7 3 1 5 6 2 0 3 2 6 5 7 3 6 1 6 4 3 4 
4 3 4 4 6 2 6 5 3 3 5 7 6 2 0 6 0 5 7 6 6 4 2 6 6 6 3 0 2 5 7 3 7 5 4 3 0 5 4 4 3 1 7 4 6 2 1 7 3 7 5 5 4 1 0 3 4 2 7 3 4 3 3 1 4 3 2 7 3 2 2 1 7 4 3 5 1 2 2 2 7 6 6 1 5 2 2 1 6 7 7 6 1 5 1 1 3 3 4 3 5 4 2 1 2 5 7 6 6 5 2 1 5 2 1 4 1 4 5 4 5 0 5 7 6 7 2 4 5 6 2 4 7 6 1 1 5 3 2 3 3 2 0 5 0 2 3 3 1 3 3 5 7 3 6 1 0 1 4 1 1 2 2 4 3 5 4 0 4 4 4 5 7 4 6 0 3 7 3 2 6 2 5 4 1 7 6 0 7 5 5 5 6 6 7 5 0 6 0 2 6 7 5 3 3 5 6 2 6 4 4 3 4 
4 3 4 4 4 2 7 1 6 2 4 5 5 2 2 5 3 7 2 7 3 0 1 3 0 7 0 2 4 0 3.5 6.5 3 2 0 1 3 3 7 4 7 0 6 4 5 5 7 4 6 2 1 3 6 3 2 4 2 4 1 3 7 5 5 3 3 2 1 0 1 4 6 5 2 6 4 3 0 6 3 0 5 3 5 2 3 5 1 1 3 3 7 0 2 0 2 6 1 6 6 0 2 2 4 0 3 4 5 4 1 2 7 5 2 6 7 1 3 7 2 5 5 4 2 4 5 4 5 6 2 2 1 5 4 3 4 2 1 3 6 7 4 7 2 7 4 2 2 4 5 4 2 5 5 5 1 2 7 1 7 1 5 6 6 6 0 2 7 7 4 1 5 6 2 3 2 2 7 3 6 4 5 1.5 3.5 6 4 2 1 2.00781 5 1 4.00049 1 3 7 2 7 3 5 2 2 5 5 4 2 6 1 7 2 4 4 4 3 4 
4 3 4 4 6 2 6 5 3 3 5 7 6 2 0 6 0 5 7 6 6 4 4 2 7 4.00098 6 5 2 4 2 2 1 3 2 5 7 1 6 0 4 6 7 1 3 2 3 1 4 1 7 7 3 5 6 6 0 7 4 1 1 4 2 5 2 7 3 6 4 7 6 3 4 1 0 1 6 5 2 5 5 4 3 4 7 7 0 3 4 6 0 5 3 4 2 6 7 6 2 4 1 0 2 3 1 1 4 7 1 5 1 5 6 1 1 4 6 5 6 1 1 2 7 2 2 5 4 5 4 5 5 7 3 6 6 4 2 1 5 2 6 7 4 0 5 2 1 4 3 0 1 6 2 5 2 0 6 3 3 2 4 2 7 0 2 3 2 6 0 7 1 0 4 2 4 7 1 2 5 7 6 5 7 2 7 1 3 7 5 4 5 5 6 6 7 5 0 6 0 2 6 7 5 3 3 5 6 2 6 4 4 3 4 
4 3 4 6 1 6 3 7 5 6 2 3 0 2 6 5 1 3 7 1 5 1 4 0 7 7.0625 0 7 6 7 1 7 6 7 3 4 3 6 7 2 5 7 3 7 2 1 4 5 2 3 6 6 2 4 0 5 1 3 5 1 7 1 3 2 5 7 7 3 7 5 3 6 7 2 7 1 2 2 6 6 7 4 4 3 5 2 5 4 1 3 5 0 1 6 2 1 7 0 5 3 2 3 1 5 4 1 4 6 4 2 4 5 1 5 3 7 0 4 0 4 3 3 2 0 3 0 4 2 1 3 2 0 5 0 4 0 3 0 2 3 1 2 5 4 6 5 1 2 7 6 2 6 5 5 5 1 1 5 6 7 2 2 4 2 6 6 7 5 4 2 2 7 5 2 4 1 2 5 5 2 7 3 4 1 0 2 2 2 2 7 4 2 5 1 7 3 1 5 6 2 0 3 2 6 5 7 3 6 1 6 4 3 4 
4 3 5 0 1 4 6 6 2 1 3 4 2 2 5 5 1 3 5 2 2 6 0.000488281 2 2 6 4 2 2 5 5.00049 2 1 1 5 7 5 1 4 0 4 3 6 3 2 1 4 0 4 7 0 7 5 7 2 0 5 5 6 0 1 7 6 0 7 3 2 2 7 0 4 5 1 1 3 3 2 3 3 3 6 6 0 5 5 3 4 6 3 6 7 1 7 2 3 0 2 7 5 2 6 5 4 4 7 1 7 0 3 4 1 1 5 1 0 3 3 3 3 0 5 4 1 6 3 3 4 4 3 7 6 3 7 1 7 3 6 6 5 4 0 4 0 1 6 2 4 7 6 7 0 6 2 7 7 4 3 3 4 6 4 4 2 6 3 1 6 5 1 6 2 1 2 7 4 2 6 2 6 4 2 2 4.00146 3 4 3 5 1 5 2 0 7 2 2 5 3 1 5 5 2 2 4 3 1 2 6 6 4 1 0 5 3 4 
4 3 5 2 7 2 7 7 3 5 6 6 7 7 4 1 6 2 2 7 3 1 4 7 4 1.0625 7 6 1 0 7 2 5 2 7 0 6 0 6 2 5 3 7 6 1 5 7 5 6 3 5 2 1 1 6 5 6 5 6 7 2 3 7 2 7 0 4 1 1 3 3 6 1 6 2 5 2 3 7 6 4 0 2 7 2 3 4 5 3 5 3 4 1 3 6 4 7 5 5 3 1 3 6 1 3 7 6 3 4 5 1 4 3 4 7 4 3 4 3 6 2 7 7 3 6 3 6 0 2 7 3 4 7 4 1 7 5 2 4 0 7 6 7 5 3 1 3 0 4 6 6 6 0 5 5 1 7 5 1 1 1 7 7 4 7 4 4 2 7 5 2 0 1 3 1 2 1 3 0 2 7 5 4 7 1 6 1 1 5 1 5 2 3 7 2 2 6 1 4 7 7 6 6 5 3 7 7 2 7 2 5 3 4 
4 3 5 3 6 6 3 4 3 2 5 1 5 6 3 2 6 7 5 3 1 3 1 0 6 1 1 1 7 2 4.125 0 4 7 5 5 6 3 4 6 7 2 0 6 3 7 5 6 2 6 6 1 4 7 7 4 5 6 0 5 4 7 5 4 5 5 7 6 4 2 5 7 0 6 1 1 3 5 1 3 7 2 7 1 2 1 7 7 6 7 1 0 6 5 2 2 2 6 4 3 7 3 0 6 2 2 0 6 5 1 2 3 1 1 3 2 0 5 6 6 0 3 5 6 4 6 4 1 3 4 5 4 1 7 7 5 2 5 2 1 1 7 3 1 3 6 1 1 4 7 2 6 1 2 6 6 7 5 2 3 3 7 1 3 5 4 2 4 4 7 4 1 5 3 2 7 4 2 4 3 5 1 3.125 5 3 6 6 3 5 6.00049 0 4 1 3 5 7 6 2 3 6 5 1 5 2 3 4 3 6 6 3 5 3 4 
4 3 5 3 2 0 3 1 6 1 1 6 7 7 6 4 0 6 4 0 7 6 1 5 3 5 3 0 4 3.125 2.00001 1 7 2.1875 6 3 1 5 2 6 6 5 5 3 5 3 3 5 5 1 7 5 2 4 2 4 0 3 2 1 6 0 5 3 3 5 7 1 7 5 5 3 4 7 1 6 7 2 6 3 0 5 5 7 4 5 4 1 1 6 5 7 1 5 0 6 0 2 7 1 6 4 6 4 3 6 1 1 4 3 2 3 6 3 2 5 6 4 5 4 1 3 0 4 3 6 4 7 0 6 1 4 7 7 0 6 6 5 4 6 7 5 3 5 4 4 2 5 6 7 4 7 4 1 2 5 0 7 6 4 4 6 3 3 1 2 7 2 6 0 5 7 1 6 2 1 4 0 3 5.0625 3 3 7.00001 5.1875 6 3 7 3 0 3 2 7 7 0 4 6 0 4 6 7 7 6 1 1 6 1 3 0 2 3 5 3 4 
4 3 5 3 1 3 2 1 1 2 4 4 0 7 1 5 3 5 7 2 5 4 1 6.00391 3 0 4 6 1 0 3 4 3 5 3 6 1 0 6 6 2 4 4 1 6 7 7 3 3 2 2 1 5 3 7 7 4 7 3 6 0 7 2 3 1 1 2 0 5 0 7 3 1 1 6 2 5 7 0 6 7 1 5 1 4 1 1 5 6 6 5 7 7 4 2 1 6 3 6 2 2 4 5 7 5 7 3 4 1 2 4 6 5 1 0 2 4 1 3 1 2 5 3 1 6 7 7 3 6 2 6 3 1 6 4 1 0 7 5 3 2 5 3 1 5 6 7 7 1 3 1 2 4 0 1 2 6 2 0 6 5 4 6 7 6 5 4 3 4 2 3 4 4 3 5 6 6 3 2 2 5 2 7 6 6 1 2 4.00049 7 2.00391 3 5 5 2 7 5 3 5 1 7 0 4 4 2 1 1 2 3 1 3 5 3 4 
4 3 5 3 1 6 7 6 6 7 7 7 7 6 3 7 0 2 5 1 1 3 1 5 1 3 4 6 6 6 7 0 5 5 3 7 4 6 4 4 1 2 0 2 6 2 4 5 4 6 0 2 4 3 3 2 4 5 4 5 2 5 5 3 6 1 5 7 1 7 6 2 7 7 2 6 5 4 6 6 5 7 4 3 3 2 5 6 4 7 5 3 3 2 5 6 5 5 7 3 6 5 6 7 5 4 0 4 5 1 7 4 1 5 7 7 2 1 3 2 4 4 2 5 7 4 6 7 2 6 5 4 3 5 0 2 5 7 2 4 0 2 1 1 3 2 5 0 5 3 1 4 3 5 2 6 1 6 4 1 4 1 3 0 6 6 4 6 7 6 0 1 7 0 6 3 3 7 3 5 1 3 7 5 2 2 1 1.0625 4 3 2 4 1 1 5 2 0 7 3 6 7 7 7 7 6 6 7 6 1 3 5 3 4 
4 3 5 2 5 4 6 1 3 1 2 2 7 7 1 7 5 3 2 3 2 4 6 4 2 1 2 4 5 7 0 5.5 2 0 7 6 4 6 0 1 5 3 5 1 7 0 1 7 2 6 3 0 4 1 5 1 5 0 7 1 2 0 6 0 3 1 5 1 5 7 3 0 3 6 6 7 4 5 6 0 7 1 0 2 6 5 3 0 6 1 7 7 0 6 0 6 4 6 1 6 6 3 2 3 3 0 7 7 2 5 4 5 7 4 5 6 1 5 0 3 0 2 3 7 0 1 7 0 6 4 4 6 3 2 3 7 0 7 7 2 1 3 1 4 5 3 6 5 0 2 5 3 5 3 2 0 7 0 4 1 5 2 6 2 7 3 1 3 2 5 5 1 7 7 4 4 6 5 7 5 2 3 3 5 1 6 5 0 5 6 1 6 2 3 2 3 5 7 1 7 7 2 2 1 3 1 6 4 5 2 5 3 4 
4 3 5 2 1 7 7 5 7 1 7 5 1 2 5 3 3 4 5 1 6 0 4 3.0625 4 1 4 6.5 1 5 6 1 2 5 6.00195 6 1 4 6 6 6 1 4 4 1 2 3 3 5 3 7 6 4 5 5 5 7 4 5 6 2 7 7 7 4 2 3 6 6 1 6 3 0 7 7 4 6 2 3 3 5 3 7 2 3 7 7 4 2 2 3 7 6 1 7 6 5 5 2 2 5 4 5 5 4 1 6 6 6 0 7 4 4 5 4 0 3 5 2 6 2 4 4 1 5 7 0 7 1 0 5 2 0 3 1 2 1 3 3 5 4 7 4 4 0 4 1 4 5 4 2 2 2 1 3 4 5 5 1 2 7 0 2 7 2 1 6 5 3 1 3 5 7 4 0 2 4 2 2.00195 2 7 7 6 6 5.00391 7 0 3 4 2.0625 0 2 6 1 5 4 3 3 5 2 1 5 7 1 7 5 7 7 1 2 5 3 4 
4 3 5 2 3 2 4 2 2 7 3 1 6 5 0 5 0 7 0 5 4 3 5 2.00391 1 1 4 6.00006 0 2 3 7 7 4 5 4 4 5 1 4 2 1 6 6 1 5 7 3 1 0 6 2 7 6 5 6 4 6 0 3 2 6 5 4 6 0 4 3 5 2 7 3 5 0 5 1 3 7 6 3 5 2 5 7 4 5 6 5 1 7 2 0 1 7 0 2 0 3 6 3 1 5 1 3 1 5 2 0 5 7 7 5 6 2 2 2 7 0 4 1 3 1 4 1 5 7 3 2 7 1 3 6 6 3 0 5 5 2 7 4 5 1 5 3 7 4 1 2 6 6 0 5 1 7 5 2 5 4 0 2 7 4 1 6 2 7 3 7 0 3 7 3 1 6 7 5 5 2 7 4 7 6 0 2 2 6.00006 7 5 1 7.00781 7 4 4 5 0 7 0 5 0 5 6 1 3 7 2 2 4 2 3 2 5 3 4 
4 3 5 2 7 5 2 1 7 5 3 3 1 5 2 0 2 5 5 1 4 1 6 3.0625 1 3 3 1 2 2.125 1.00012 3 5 3 0 5 3 0 5 7 1 1 0 2 4 4 1 2 1 6 1 7 7 1 6 7 4 4 5 5 5 0 5 7 2 7 7 0 4 2 4 7 4 7 0 6 5 5 6 6 3 5 0 7 1 6 6 0 2 7 5 6 7 0 7 1 6 5 6 6 7 3 4 7 7 3 6 1 3 2 3 7 7 6 2 1 1 4 3 4 7 1 2 5 3 2 7 0 2 4 0 2 5 2 6 6 6 1 1 3 5 2 0 4 3 0 2 2 7 7 2 2 1 2 2 6 2 2 1 6 0 3 2 1 7 4 1 2 6 1 7 2 4 4 3 4 1 3 3 4 3 6 6.00024 6.125 5.00049 0 2 2 2 6.0625 6 3 4 1 5 5 2 0 2 5 1 3 3 5 7 1 2 5 7 2 5 3 4 
4 3 5 2 5 7 6 4 4 0 6 5 4 2 3 6 4 7 4 7 4 7 1 1 1 1 7 4 5 4.125 5.01562 5 7 1 2 5 4 7 3 6 5 7 1 4 4 6 7 7 7 5 7 0 4 2 3 2 0 4 2 4 1 3 0 4 6 4 1 7 0 7 7 7 5 3 3 3 2 3 3 5 2 3 2 6 6 0 1 7 7 1 2 5 0 4 1 6 0 6 6 1 3 5 6 3 7 1 5 4 6 2 1 0 1 7 3 6 5 7 5 5 3 7 1 5 2 2 2 5 1 1 4 5 5 6 0 4 0 5 4 0 7 5 1 6 0 6 5 0 3 6 7 1 7 6 5 7 2 1 1 1 7 5 7 6 5 1 1 7 5 0 7 6 7 5 4 0 2 2 7 3 7 7 6.01562 7.0625 4 2 7 2 0 1.5 3.00391 0 5 7 4 7 4 6 3 2 4 5 6 0 4 4 6 7 5 2 5 3 4 
4 3 5 2 5 3 7 4 2 7 5 6 3 4 7 7 1 7 4 1 0 5 2 7.00391 5 2 7 0 4.00049 2 3 1 2 0 5 2 7 6 0 7 0 3 6 0 5 3 6 7 0 7 4 7 1 6 6 2 6 6 1 4 5 6 2 0 1 5 7 4 7 3 1 3 3 3 5 7 3 4 7 7 7 7 2 5 0 6 5 3 1 6 0 1 3 1 3 3 6 2 5 5 1 2 4 0 3 7 5 3 1 5 6 6 4 5 5 1 2 0 4 2 4 3 1 2 1 0 7 2 2 2 5 6 1 2 7 7 7 6 6 7 2 0 2 5 3 4 1 2 1 2 0 5 1 4 0 4 1 1 6 3 2 5 3 1 4 4 5 0 2 3 4 6 1 7 0 6 1 5 5 5 3 3 3 4 6 7 3 3 4 5 2 7 0 1 4 7 1 7 7 4 3 6 5 7 2 4 7 3 5 2 5 3 4 
4 3 5 1 2 4 6 5 5 7 6 2 0 7 6 3 7 6 2 4 7 4 1 3 1 5 6.0625 7 6 3 1 4 0 3 7 4 4 5 6 0 5 2 1 1 7 7 4 7 1 6 3 3 7 5 1 5 3 2 6 4 4 1 1 7 5 5 1 5 2 6 6 6 5 0 6 0 2 3 5 0 7 1 6 4 2 2 5 1 2 0 4 6 2 0 1 6 1 3 3 5 4 0 2 7 3 2 4 0 3 4 2 3 7 3 3 3 5 3 3 4 4 6 6 4 1 3 3 4 5 5 4 0 2 5 7 3 3 3 1 5 1 6 1 7 3 6 0 3 2 4 2 4 1 4 6 3 3 5 5 0 3 4 7 3 5 7 5 6 4 6 5 6 4 4 2 5 0 3 1 3.00001 2 5 0 1 4 4 0 6.00391 1 1 1 5 7 4 2 6 7 3 6 7 0 2 6 7 5 5 6 4 2 1 5 3 4 
4 3 4 7 6 4 7 1 0 5 4 1 6 3 3 2 5 7 0 6 1 6 7 5 5 5.125 7 0 5 4 0 7 7 7 1 6 0 1 2 1 2 4 5 6 5 2 1 4 2 7 4 3 2 3 4 6 3 2 4 1 4 7 4 4 2 3 3 6 0 6 2 4 1 6 2 5 4 6 3 4 2 0 6 4 6 6 6 1 2 6 1 3 3 4 3 0 4 0 3 6 6 4 1 6 4 6 7 5 2 5 3 2 7 5 1 4 4 6 2 2 6 1 2 6 3 2 4 0 6 1 5 2 0 1 4 2 3 5 2 4 3 5 2 5 4 1 2 3 3 7 4 5 0 1 4 3 2 0 4 2 2 0 2 7 5 6 4 5 1 5 2 6 4 4 3 5 7 2 1 5 3 4 7 3 6 3 7 6 3 6.00391 7 7 1 6 0 7 5 2 3 3 6 1 4 5 0 1 7 4 6 7 4 3 4 
4 3 4 5 0 3 0 4 6 7 7 5 1 5 1 0 7 4 6 6 5 1 3.00049 5 2 2 2 1.125 4 4 6 6 4 5 6 5 7 3 4 3 3 7 7 0 3 1 4 5 3 6 2 3 7 7 1 5 0 7 2 0 3 7 5 4 4 1 0 3 6 1 6 3 4 7 3 4 2 5 5 0 7 2 7 1 1 3 7 1 7 4 3 4 3 2 5 7 1 1 6 4 2 0 4 3 4 5 6 5 5 6 5 4 2 4 5 4 5 4 1 4 2 7 1 5 7 6 7 4 0 5 3 7 3 5 4 4 4 5 1 3 5 3 2 0 1 7 7 7 6 7 2 3 5 5 6 5 3 4 1 7 5 1 2 2 4 3 6 5 2 0 4 1 0 4 0 7 1 3 4 2 7 6 2 5 1 3.0625 2.0625 0 5 0 4.00049 3 5 6 6 4 7 0 1 5 1 5 7 7 6 4 0 3 0 5 4 3 4 
4 3 4 4 6 5 7 2 3 0 7 6 0 3 1 6 3 2 5 6 3 7 5 0 3 3 7 5 4 4 7 4 2 7 3 4 1 1 6 7 4 0 2 2 2 6 6 6 1 3 4 2 1 7 3 1 2 1 7 5 5 6 2 7 2 2 1 3 0 5 7 0 3 2 5 5 0 4 2 5 0 5 1 2 6 0 7 7 2 0 1 3 4 7 6 7 4 6 7 4 3 5 6 1 4 6 0 4 1 4 5 5 1 2 4 2 4 3 1 0 1 6 1 4 1 5 1 5 1 7 0 1 4 5 2 3 5 3 6 3 4 1 5 5 4 1 5 3 3 4 4 1 3 1 0 5 3 1 6 0 3 5 3 2 4 6 5 0 3 1 5 6 3 5 7 3 3 7 6 7 2 5 3 5 1 2 5 4 5 6 4 0 4 6 5 2 3 6 1 3 0 6 7 0 3 2 7 5 6 4 4 3 4 
4 3 4 4 5 2 3 7 6 2 0 4 3 1 2 4 1 7 7 7 3 6 1 3.0625 7 7 1 6.0625 0 7 4 2.00001 4 4 3 2 5 1 7 6 2 4 5 6 1 7 5 4 1 4 2 3 2 1 0 2 7 3 1 1 2 3 3 7 6 7 3 1 5 4 3 6 5 3 6 5 6 1 4 0 7 3 0 1 5 7 1 2 2 5 4 2 1 5 2 0 4 3 5 2 2 4 4 7 7 7 2 7 1 4 4 3 4 2 5 3 7 5 1 6 5 1 1 5 3 5 4 7 2 5 2 7 5 0 2 2 3 4 3 5 4 3 3 1 5 4 7 6 1 6 6 3 5 3 3 4 5 0 5 7 1 1 4 6 7 4 2 2 3 4 3 2 7 4 6 3 2 4 7 2 2 6 7 4 2 0.0625 2 7 6 2 7 7 3 7 7 7 1 4 2 1 3 4 0 2 6 7 3 2 5 4 4 3 4 
4 3 4 4 6 5 7 2 7 1 5 4 2 1 7 1 1 3 4 6 7 3 1 4 0 1 7 2 5 6 0.000488281 7.00006 7 7 3 7 1 0 2 5 3 4 2 1 7 6 3 1 1 5 2 3 1 3 7 3 7 6 2 2 1 3 3 5 2 5 4 7 6 0 5 1 2 1 1 0 2 2 7 7 2 3 2 2 3 5 2 4 5 0 5 3 2 7 0 3 4 4 7 0 4 0 3 5 7 7 7 0 1 6 4 4 6 1 1 1 5 5 5 0 6 7 3 5 3 4 5 5 1 3 3 1 3 5 0 5 5 0 1 6 6 2 6 3 6 0 5 4 6 3 6 7 2 0 7 2 6 3 6 4 6 7 0 1 5 5 5 1 5 7 7 6 7 3 5 0 2 6 3 4 6 4.00006 3 0 7 6 4 1 6 5 4.5 3 7 6 4 3 1 1 7 1 2 4 5 1 7 2 7 5 6 4 4 3 4 
4 3 4 6 2 7 6 2 2 5 2 1 7 7 1 2 7 6 3 1 3 6 5 1 4 1 2 0 2 5.5 3 6.125 6 3 3.01562 1 5 4 1 6 6 0 6 4 2 0 7 6 4 4 2 2 4 6 1 5 7 4 2 3 4 5 5 2 6 3 7 6 1 5 3 2 1 7 5 5 5 5 1 3 2 7 0 3 6 4 7 3 0 4 3 5 2 4 2 2 2 6 6 5 2 6 1 0 6 4 0 3 4 1 6 4 2 0 3 7 0 5 1 2 1 4 6 6 5 6 5 7 7 5 6 6 3 5 3 4 2 5 6 5 2 7 7 7 4 1 1 1 6 0 2 4 4 1 7 4 7 1 7 2 4 0 4 2 0 2 4 2 6 1 1 4 2 4 3 3 5 6 3.01172 2 2 7.0625 0 3 6 0 1.0625 4.00391 0 1 6 6 3 1 3 6 7 2 1 7 7 1 2 5 2 2 6 7 2 6 4 3 4 
4 3 5 0 4 1 4 3 6 7 2 7 4 7 7 6 3 1 6 5 6 1 2 1 5.0625 6 4 2 4 4 1 4 0 2 1 5 3 3 0 4 5 2 5 3 2 3 3 5 3 4 3 4 1 1 7 1 7 7 3 7 3 4 2 4 6 6 2 7 4 2 7 7 1 1 7 1 4 4 0 2 5 5 1 6 4 1 2 3 5 4 3 5 3 5 4 7 0 6 2 7 6 5 3 6 2 2 2 6 1 7 1 1 2 6 0 4 6 6 6 4 5 1 6 7 6 3 1 4 7 6 1 3 3 5 0 7 2 6 5 3 2 6 0 2 3 4 5 7 0 4 0 1 2 2 7 1 7 1 5 7 7 1 4 4 2 4 3 4 6 4 5 6 4 4 1 3 2 5 3 7 5 2 2 1 5 7 6 2 5.0625 1 3 1 6 5 6 1 3 6 7 7 4 7 2 7 6 3 4 1 4 0 5 3 4 
4 3 5 3 2 4 3 1 4 5 7 6 2 2 2 6 2 1 4 2 5 5 5 2 3.63798e-12 7 7 6 6 6 3 4 5 0 5 7 6 4 6 4 5 6 6 2 1 2 0 6 2 0 7 3 2 5 5 5 1 1 7 5 3 7 1 6 7 2 2 5 3 1 7 7 3 1 1 7 2 6 4 2 7 6 1 5 1 0 5 4 7 7 0 5 0 2 7 7 5 6 6 7 6 2 6 6 5 1 7 2 0 7 6 2 7 0 4 4 1 1 3 2 4 2 3 3 0 2 0 3 4 2 1 3 1 0 3 6 1 5 5 6 5 2 3 0 3 3 2 3 6 6 5 1 4 0 5 3 3 6 6 4 7 6 5 7 1 0 2 0 2 0 7 3 6 3 7 7 6 1 5 5 6 0 4 4 6 4 4.76837e-07 6 4 5 5 5 5 2 4 1 2 6 2 2 2 6 7 5 4 1 3 4 2 3 5 3 4 
4 3 5 7 0 2 7 3 3 7 5 3 5 3 3 0 5 1 4 0 5 1 7 7 1 6 6 7 7 7 3 1 1 1 7.00049 7 5 0 7 5 3 3 4 5 6 1 7 1 3 1 6 2 3 3 0 3 2 1 5 5 4 3 7 3 3 4 6 2 3 6 3 6 6 3 5 3 4 7 2 2 6 1 6 3 6 2 4 7 5 7 6 0 5 7 2 2 0 7 3 3 6 1 1 5 4 3 7 6 5 3 2 6 6 7 4 4 1 2 6 1 7 2 0 4 6 2 5 1 4 1 7 7 2 1 3 2 6 0 3 7 6 3 7 7 5 3 5 2 7 0 2 1 4 4 6 2 1 3 4 5 3 7 6 7 3 7 5 2 7 4 5 3 0 5 7 6 2 6 2.00049 7 4 5 6 0 3.00781 4 1 7 1 7 7 1 5 0 4 1 5 0 3 3 5 3 5 7 3 3 7 2 0 7 5 3 4 
4 3 4 4 6 1 2 6 1 0 5 4 0 6 7 5 7 5 1 6 7 5 6 1 2 4.00391 6 6 5 5 4 3 7 6 4 0 1 5 4 2 7 1 7 4 5 1 5 1 4 3 4 6 2 7 7 3 3 5 4 0 2 0 1 4 5 3 7 5 6 5 7 4 2 6 5 1 4 1 0 4 3 6 1 3 6 5 3 7 4 7 5 2 6 6 7 2 5 1 3 0 2 2 3 7 1 6 1 4 6 1 3 3 1 6 3 2 1 4 7 5 7 5 1 5 0 1 4 7 5 0 5 1 3 2 1 1 3 6 5 3 7 6 2 0 6 1 1 1 4 5 2 7 5 7 7 2 5 2 6 2 7 5 5 4 1 1 6 3 2 7 2 4 3 6 4 2 3 3 6 1 3 3 7 6 2.5 5 1 3.00391 4 1 6 5 7 6 1 5 7 5 7 6 0 4 5 0 1 6 2 1 6 4 4 3 4 
4 0 5 3 3 5 5 6 5 7 2 7 2 3 3 2 6 4 1 5 6 4 2 2 3 3.00391 5 5 5 6 0 6 4 2 7 6 5 0 5 6 7 5 2 4 5 5 6 2 3 2 2 0 5 2 7 2 5 3 7 4 7 6 1 2 4 2 7 2 1 1 6 7 2 5 3 2 5 4 2 2 4 7 1 2 5 4 6 6 3 1 4 7 5 5 6 6 4 7 4 6 4 2 5 2 0 4 3 1 5 4 7 4 6 5 0 5 4 1 6 5 1 7 2 3 4 4 5 3 1 2 3 4 5 0 7 3 5 2 1 7 2 5 1 1 4 7 4 3 2 5 1 0 7 0 7 5 0 7 5 5 7 3 5 3 3 3 2 4 5 2 6 1 2 7 5 6 7 0 5 1 3 3 3 3 2 6 4 3 4 2 2 4 6 5 1 4 6 2 3 3 2 7 2 7 5 6 5 5 3 3 5 0 4 
3 6 6 7 4 4 3 6 2 4 0 2 5 4 7 2 4 5 0 7 2 6 2 2 1 7 3 4 2 6 7 1 2 6 2.00391 3 6 4 1 5 1 4 4 4 4 0 3 3 2 2 1 5 7 2 1 2 6 0 5 5 6 4 1 5 0 2 3 0 7 1 0 3 6 4 6 2 7 1 0 3 4 4 3 0 3 3 2 0 7 7 4 4 1 1 6 2 2 0 7 2 4 6 1 4 5 5 3 3 3 4 5 7 3 3 4 2 3 4 6 1 2 7 6 5 6 3 3 0 5 0 6 4 1 7 6 6 3 7 3 2 2 7 3 4 3 5 6 2 5 6 7 3 0 5 1 0 7 4 5 2 3 6 6 2 3 7 4 3 6 3 2 1 3 5 3 3 5 6 6.01562 1 1 2 3 2 3 6 4 3 3 2 2 6 2 7 0 5 4 2 7 4 5 2 0 4 2 6 3 4 4 7 6 6 3 
3 4 2 5 0 2 2 1 1 2 2 0 6 4 5 3 6 1 4 5 2 7 2 1 7 7 7 4 1 5 5.00006 7 2 5 7 7 2 2 0.00390625 5 1 5 7 4 2 2 5 3 1 0 7 7 4 6 4 0 6 4 7 4 2 4 1 3 3 2 2 4 6 3 5 4 1 2 7 2 1 4 1 5 6 2 5 5 4 7 5 5 6 3 2 4 1 6 7 3 4 1 3 6 3 2 7 4 4 0 2 0 3 3 3 6 3 5 5 2 7 0 7 5 6 7 0 5 7 0 5 6 3 1 5 6 6 0 5 2 5 6 6 5 5 1 3 6 0 3 1 6 4 6 6 6 7 4 5 1 6 1 1 7 4 5 5 5 6 1 0 7 6 2 1 7 1 1 2 6 4 1 4 6 7 1 6.00006 3 3 5 7.00391 2 0 2 2 7 2 5 4 1 6 3 5 4 6 0 2 2 1 1 2 2 0 5 2 4 3 
3 3 6 5 1 5 3 3 7 4 7 4 4 6 4 5 2 1 2 4 2 7 5 4 2 2 6 2 3 7.125 4.0625 4.5 5 2 1 0 3 5 4 1 2 1 5 6 1 1 7 3 4 7 2 5 3 2 2 5 5 4 3 5 7 5 3 1 4 7 3 5 2 0 7 0 2 3 5 7 7 7 1 1 6 2 1 2 0 5 5 0 7 7 3 3 5 5 5 4 4 7 3 7 7 4 1 3 2 4 5 2 7 4 1 0 6 1 7 6 7 4 5 2 4 5 3 1 5 7 7 5 5 5 2 5 3 2 5 6 4 6 5 0 2 3 0 2 3 5 0 2 0 2 3 2 1 2 2 5 6 0 4 0 6 2 7 1 6 3 7 4 3 5 5 3 2 0 7 0 6 4 5 2 4 3.5 1.125 6 0 2 1.00391 4 3 4 5 7 2 4 2 1 2 5 4 6 4 4 7 4 7 3 3 5 1 5 6 3 3 
3 3 4 2 5 4 1 7 3 4 4 2 0 7 7 3 2 7 6 3 3 5 0 2 0 3 5 0 2 7.0625 5 2 1 7 5 4 3 7 2 2 1 3 4 1 3 0 7 3 6 5 4 6 6 6 4 4 6 1 6 2 6 1 3 6 4 6 0 1 3 4 3 3 5 7 1 0 3 4 2 3 1 4 4 6 4 2 0 7 7 1 1 5 7 5 3 1 1 1 4 0 7 3 3 2 0 5 7 7 2 0 7 4 1 7 4 7 4 4 4 7 7 0 4 2 4 2 3 1 0 7 1 0 2 2 5 3 4 5 6 5 5 6 3 4 4 5 2 4 7 7 5 4 2 6 6 0 7 7 1 2 2 0 4 0 3 3 2 7 5 3 0 2 4 5 4 5 5 3 7 5.5 7 4 2 7 6 7 6 3 0 2 0 5 3 3 6 7 2 3 7 7 0 2 4 4 3 7 1 4 5 2 4 3 3 
3 3 3 6 7 7 2 7 5 2 6 2 4 5 7 5 7 4 2 7 2 3 4 6 7 5 6 2.00391 3 5 2 4 6 2.00781 7 7 5.00781 4 5 0.000183105 7 7 5 7 4 7 4 3 6.5 3 3 4 2 2 3 3 7 3 6 4 5 5 0 5 6 0 5 1 3 4 1 2 3 6 2 2 6 4 0 7 6 1 3 7 7 6 2 2 1 0 4 1 4 5 7 2 5 1 0 2 2 7 1 0 4 2 4 3 1 7 6 7 7 6 7 5 7 7 4 2 1 7 6 6 3 2 6 4 1 1 6 7 0 3 6 3 3 7 7 0 7 6 6 0 3 2 4 7 4 4 7 0 5 7 4 2 4 0 3 5 4 4 4 4 3.25 3 3 2 1 1 2 1 5 7.00024 6 1 3.01172 4 0 6 5 3 7.62939e-06 3 7 5.00391 6 5 7 6 4 3 2 7 2 4 7 5 7 5 4 2 6 2 5 7 2 7 7 6 3 3 3 
3 3 3 4 2 5 2 1 6 3 5 2 6 5 3 6 2 6 4 0 3 2 0 7 3 2 7 3 7 4 1.00391 1 6.00098 2 0.0117188 6 1 7 4 5 4 5 0 7 7 2 4 6 3 5 4 1 5 2 4 6 3 3 2 7 1 7 4 2 2 5 7 4 0 4 0 7 4 6 6 4 4 4 1 2 2 2 4 6 1 1 3 1 1 3 7 1 3 5 0 5 3 3 3 5 7 2 2 6 5 4 7 2 0 2 7 6 3 6 1 2 1 2 6 6 2 6 4 2 4 5 6 7 6 6 2 2 1 2 7 7 2 4 4 2 2 7 6 6 1 2 7 2 7 2 7 6 5 5 7 5 1 1 7 4 2 4 4 2 6 1 1 4 4 2 3 6 1 4 0 3 6 7 2 2 4 5 5 0 1 5 7 2 3 7 0 2 3 0 4 6 2 6 3 5 6 2 5 3 6 1 2 5 2 4 3 3 3 
3 3 3 3 6 7 6 3 7 6 4 7 4 6 4 2 6 6 5 4 5 1 3 7 6 0 5 0 2.00049 7 1 7.00098 3 6 3.0625 7 4 1 6 2 7 2 2 1 0 4 1 3 2 4 5 2 3 3 6 7 2 2 5 4 4 2 0 4 7 5 4 0 5 1 4 6 7 0 5 4 3 3 4 0 3 0 6 0 2 4 5 3 1 3 5 1 2 0 6 1 6 2 3 1 4 0 1 5 7 5 7 3 6 0 1 7 2 6 5 0 4 6 6 3 2 6 4 6 6 3 1 5 0 4 3 4 7 4 2 5 4 5 4 6 4 0 3 0 4 1 6 1 3 2 6 7 3 1 7 5 4 7 1 3 6 1 3 6 2 7 5 4 4 4 3 6 6 7 1 4 6 1 3 6.00006 6 1.00098 5 1.00391 7 0 5 0 6 7 3 1 5 4 5 6 6 2 4 6 4 7 4 6 7 3 6 7 6 3 3 3 3 
3 3 3 3 4 3 1 6 2 7 7 1 3 7 0 4 1 0 6 3 5 5 3 7 5 6 1 6 6 2 4 3 3 3 2 6 5 0 3 6 2 2 7 5 4 7 1 5 2 7 1 0 4 7 1 0 2 6 7 3 2 7 7 7 1 6 6 6 6 5 1 1 2 3 5 7 2 2 3 2 2 5 5 5 4 7 6 1 4 2 3 4 0 6 5 3 6 7 6 7 1 4 5 5 6 7 1 3 1 2 3 3 5 1 6 6 5 6 5 6 6 0 4 6 6 3 2 4 2 1 1 3 7 6 0 6 6 0 1 3 7 7 6 7 6 6 1 1 5 4 7 7 1 1 7 1 3 1 1 3 4 3 1 1 6 1 6 3 5 1 7 1 7 6 4 3 2 6 5 1 3 6 5 3 7 6 1 6 5 7 3 5 5 3 6 0 1 4 0 7 3 1 7 7 2 6 1 3 4 3 3 3 3 
3 3 3 3 3 7 1 3 3 7 6 4 3 2 7 4 1 3 4 0 1 5 1 1 7 3 5 0 7 4 4 5 2 2 3 0 7 2 2 1 5 1 7 5 0 2 6 5 7 4 2 7 3 6 5 4 3 1 7 3 0 2 3 4 3 3 7 3 3 5 7 1 2 3 6 3 4 1 2 4 4 3 0 3 6 2 6 5 5 3 5 5 2 7 6 3 6 3 4 4 6 5 5 7 2 2 7 3 5 5 0 3 1 2 6 3 7 5 5 1 2 5 1 1 1 6 5 5 5 5 4 1 5 5 4 6 4 4 1 6 7 1 1 2 4 7 7 5 7 2 4 4 5 3 7 1 1 5 3 0 6 6 4 3 1 1 6 1 1 7 7 6 0 1 4 5 6 1 2 5 3 4 7 7 7 0 5 3 7 1 1 5 1 0 4 3 1 4 7 2 3 4 6 7 3 3 1 7 3 3 3 3 3 
3 3 3 3 3 4 4 1 2 6 5 1 4 2 6 1 5 3 3 4 5 2 5 2 1 1 4 1 5 1 2 1 1 5 7.5 3 5 5 7 2 5.5 7 5 4 3 5 6 6 1 2 7 3 5 5 1 5 7 5 5 0 4 4 7 3 4 6 5 1 7 0 5 4 0 1 4 1 0 3 5 1 3 5 4 3 7 0 5 7 2 4 4 2 5 7 5 4 7 4 6 2 7 2 0 7 5 4 3 0 4 0 7 2 1 5 7 6 5 1 4 6 6 3 1 4 3 6 7 7 1 1 4 7 3 3 6 6 5 2 7 7 5 2 5 3 0 7 7 5 0 7 3 4 5 7 2 0 6 6 1 2 0 6 0 3 0 5 7 6 0 5 5 1 6 4 5 7 7 4.76837e-07 5 4 1 5 3.5 2 5 1 4 1 1 2 5 2 5 4 3 3 5 1 6 2 4 1 5 6 2 1 4 4 3 3 3 3 3 
3 3 3 3 3 3 6 6 6 2 6 3 6 3 1 6 0 6 1 6 7 6 0 6 2 7 3 4 5 3 3 1 2 1 3.00391 6 3.00001 0 4.01172 7 2 7 7 3 2 5 1 4 7 4 2 3 6 1 3 0 1 3 4 6 3 1 3 4 0 5 2 6 6 7 4 6 5 5 2 4 4 6 1 7 1 4 2 0 7 5 1 7 0 1 7 6 6 5 7 3 0 2 3 7 2 6 7 4 5 2 6 3 3 4 6 1 0 6 1 7 0 4 7 1 3 7 6 7 1 2 4 7 1 2 7 7 5 1 6 0 7 4 2 2 3 6 1 0 4 2 1 3 4 1 6 1 3 0 5 4 3 1 5 5 7 3 6 2 3 0 3 2 3 2 5 5 4 7 4.00391 1 5.00002 1 3 4 2 3 7 3 5 4 3 7 2 6 0 6 7 6 1 6 0 6 1 3 6 3 6 2 6 6 6 3 3 3 3 3 3 
3 3 3 3 3 3 4 3 3 1 7 6 3 7 7 5 2 7 7 3 5 7 1 3 6 2 4 0 1 5 5 5 6 4 3 1.00001 1 2 5 4 5 4 5 7 7 1 5 0 7 0 7 5 2 1 5 7 5 4 2 3 4 1 6 0 6 2 0 7 6 2 5 5 2 4 2 3 4 6 2 2 5 2 5 6 5 2 3 2 3 6 0 5 3 0 2 0 4 7 6 2 5 2 0 5 4 4 5 1 6 4 2 4 4 1 1 4 7 3 7 7 6 5 2 4 3 6 7 5 2 3 6 7 5 1 3 3 3 4 0 5 7 3 1 6 5 6 4 4 1 3 2 3 4 7 2 6 5 3 1 6 7 4 7 6 1 1 2 4 7 5 1 7 2 3 5 7 6 6.00001 0 2 1 1 7 5 1 0 4 2 6 3 1 7 5 3 7 7 2 5 7 7 3 6 7 1 3 3 4 3 3 3 3 3 3 
3 3 3 3 3 3 3 6 7 4 0 2 3 3 5 1 3 5 7 4 4 0 5 1 2 2 6 5 1 6 5 4 3 4 2 5 2 7 4 4 5 6 3 5 6 7 2 7 2 5 6 2 5 6 4 7 2 5 2 5 0 1 6 7 5 1 4 2 1 6 4 2 1 1 3 0 3 0 5 5 1 7 4 3 5 6 0 2 6 5 4 0 5 6 4 5 7 1 5 7 7 2 4 6 7 7 6 4 4 7 2 6 6 0 5 6 0 3 4 7 7 7 1 7 6 3 1 5 6 4 5 6 6 4 2 3 5 7 6 5 7 6 3 1 5 4 2 6 1 3 3 7 7 2 7 4 5 1 7 7 2 7 7 3 4 2 3 6 4 6 1 3 4 4 4 1 6 0 5 0 4 2 6 6 1 5 6 2 2 1 5 0 4 4 7 5 3 1 5 3 3 2 0 4 7 6 3 3 3 3 3 3 3 
3 3 3 3 3 3 3 4 3 4 4 6 7 2 7 2 0 3 7 6 4 4 7 0 3 4 1 1 6 4 4 5 7 1 6 3 3 2 3 5 2.00781 7 0 1 7 1 4 7 7 7 2 3 2 0 3 4 6 0 6 5 7 2 6 1 2 4 7 7 6 2 6 2 6 1 4 7 5 5 7 4 7 3 5 2 2 1 5 1 1 7 0 3 7 3 0 3 2 7 7 7 7 3 4 5 4 2 0 7 6 4 7 3 3 5 5 7 4 3 1 3 5 6 3 4 1 1 2 7 7 4 7 1 2 5 7 6 5 4 1 2 5 6 5 2 3 5 0 7 3 7 4 4 3 4 5 2 2 5 1 1 7 5 6 4 7 4 2 7 2 5 4 4 1 6 6 6 0.5 2 5.0625 2 6 1 5 4 6 1 1 4 3 0 7 4 4 6 7 3 0 2 7 2 7 6 4 4 3 4 3 3 3 3 3 3 3 
3 3 3 3 3 3 3 3 6 6 3 6 3 4 5 1 5 5 2 6 0 6 2 2 1 7 4 5 2 3 5 6 6 3 6 2 7 7 1 0 7 7 5.125 4 2 5 1 7 0 4 6 2 0 6 2 5 4 3 2 4 1 5 0 6 6 2 5 3 1 2 6 4 5 3 4 3 1 5 7 0 7 4 4 1 4 4 2 0 6 7 1 1 5 4 4 6 7 3 7 3 0 2 0 1 5 5 4 7 3 5 4 0 2 0 6 2 3 4 6 3 3 5 1 5 5 0 4 2 4 5 6 7 6 7 4 6 6 1 3 3 1 1 5 0 7 1 3 5 6 5 7 4 2 1 6 1 2 1 7 1 7 1 2 2 7 7 3 6 5 3 5.125 7.5 5 6 1 5 4 1 7 2 4.00391 0 6 3 2 5 4 7 1 2 2 6 0 6 2 5 5 1 5 4 3 6 3 6 6 3 3 3 3 3 3 3 3 
3 3 3 3 3 3 3 3 4 2 6 0 6 0 6 0 6 6 3 6 3 7 3 7 4 0 5 3 1 5 3 4 1 2 4 3 0 5 7 6 5.5 0 6 4 1 6 5 7 3 0 6 5 1 6 3 2 7 7 0 4 5 4 2 2 4 5 1 4 6 4 5 6 2 6 4 7 1 7 2 3 4 7 2 0 3 1 3 6 1 1 4 1 2 7 2 4 3 1 0 6 1 5 7 6 5 3 4 6 2 6 1 7 2 2 4 4 6 4 1 4 3 5 1 5 4 6 1 1 4 7 1 7 1 5 7 7 2 3 3 1 2 0 4 4 0 3 3 4 0 1 4 0 6 4 5 2 4 3 0 2 7 4 4 3 5 4 5 7 2 7 3 3 0 3 4.00146 1 5 4 5 5 3 5 3 5 1 3 5 0 4 7 3 7 3 6 3 6 6 0 6 0 6 0 6 2 4 3 3 3 3 3 3 3 3 
3 3 3 3 3 3 3 3 3 6 5 5 7 7 2 6 1 6 6 7 5 0 5 5 5 7 2 2 4 0 5 1 1 7 5 6.0625 5.00781 3 3 5 4 5 2 4 0 4 7 3 1 1 7 3 6 2 1 1 6 0 2 4 2 4 5 6 6 5 0 3 0 3 3 6 7 6 6 2 7 0 1 1 3 4 6 4 5 4 7 5 7 1 6 3 1 7 3 6 5 2 7 2 7 0 6 3 1 5 2 1 5 0 3 5 7 3 4 2 0 5 0 2 2 2 7 5 1 5 7 7 5 3 6 5 5 2 3 7 4 7 5 5 3 6 1 7 5 2 5 4 1 2 2 6 4 2 2 1 5 6 5 7 2 6 6 4 4 0 4 6 4 2 0 2 4 3 1 7 2.00391 4 2 4 2 1 5 0 4 2 2 7 5 5 5 0 5 7 6 6 1 6 2 7 7 5 5 6 3 3 3 3 3 3 3 3 3 
3 3 3 3 3 3 3 3 3 4 2 6 6 3 7 6 0 5 3 4 7 7 2 4 1 4 1 5 0 6 2 2 4 2 3 0 6 6 6 3 1 1 2 3 7 3 0 1 5.00005 6 2 7 6 0 4 2 6 1 3 3 2 0 6 0 4 1 7 1 4 1 3 3 6 1 3 7 5 3 4 7 7 3 1 7 5 6 1 1 1 3 6 0 3 7 6 4 3 0 1 7 6 7 2 3 2 4 6 6 0 6 4 7 5 4 3 3 5 7 6 3 5 2 4 6 7 6 5 7 4 4 2 0 7 6 5 7 2 2 2 7 3 4 2 2 1 6 2 7 6 3 0 7 4 4 1 1 5 1 1 3 5 6 1 3 5.00006 6 5 0 4 6 7 4 6 0 4 5.0625 3 3 2 5 4 2 2 6 0 5 1 4 1 4 2 7 7 4 3 5 0 6 7 3 6 6 2 4 3 3 3 3 3 3 3 3 3 
3 3 3 3 3 3 3 3 3 3 7 0 3 6 2 6 1 4 1 5 1 4 7 2 3 3 1 6 2 5 2 1 5 5 7 4 0 7.5 5 3 7 2 0 1 6 1 6 1 7 2.00024 4 3 1.125 5 7 2 4 6 6 2 7 4 3 2 3 6 3 0 5 1 2 7 6 7 7 3 5 0 6 6 4 4 3 2 1 1 1 4 7 6 5 5 5 0 4 3 5 1 4 1 7 0 2 5 6 5 5 4 2 7 5 0 5 2 6 3 4 1 4 3 4 1 5 5 5 3 1 4 3 6 5 6 7 4 0 6 2 4 6 0 7 7 1 4 5 6 2 3 7 6 3 6 4 7 7 6 1 5 6 2 3 5 5 1.00024 2 5 2 3 6 5 3 6 6 3 4 3 7 2 5 6 5 1 2 5 2 6 1 3 3 2 7 4 1 5 1 4 1 6 2 6 3 0 7 3 3 3 3 3 3 3 3 3 3 
3 3 3 3 3 3 3 3 3 3 4 4 5 6 0 3 2 6 3 4 4 7 0 2 3 2 6 0 4 1 7 2 4 4 6 6 6 6 5 5 4 2 6 5 0 3 4 7 7 3 3 3 1 1 6 1 1 7 7 6 2 1 4 3 7 2 6 6 3 7 3 7 5 2 5 1 2 2 6 5 7 1 3 7 6 7 2 3 4 5 3 2 0 5 7 5 6 3 7 1 3 5 6 1 0 1 3 1 7 6 7 1 5 4 3 6 0 1 7 2 0 7 2 2 3 2 6 3 4 1 5 6 7 4 6 2 6 3 1 6 6 4 0 6 6 1 2 4 2 5 5 7 6 5 0 3 7 7 1 1 6 5 0 2 7 0 5 0 5 7.00781 0 2 1 5 4 2.0625 4 4 2 5 4 2 7 1 4 0 6 2 3 2 0 7 4 4 3 6 2 3 0 6 5 4 4 3 3 3 3 3 3 3 3 3 3 
3 3 3 3 3 3 3 3 3 3 3 6 7 3 4 3 0 3 2 1 1 3 5 3 4 6 6 5 7 1 6 4 3 1 7 7 4 6 4 6 2 3 5 5 7 1 3 5 3 7 2 3 1 3 0 6 6 3 1 5 2 6 1 5 2 7 7 1 5 7 0 2 4 7 5 1 3 6 7 2 2 2 2 3 2 0 4 1 1 3 5 0 5 7 3 4 3 0 6 4 4 5 4 4 4 7 6 0 5 7 7 6 6 2 7 3 3 4 7 6 5 3 3 2 4 3 6 0 6 3 3 1 7 7 3 7 5 7 5 7 3 3 1 3 3 6 3 4 0 5 2 5 4 3 5 2 4 3 5 3 0 4 7 2 3 4 1 2 1 3 2 4 3 7 6 4 6 7 1 2 3 4 6 1 7 5 6 6 4 3 5 3 1 1 2 3 0 3 4 3 7 6 3 3 3 3 3 3 3 3 3 3 3 
3 3 3 3 3 3 3 3 3 3 3 4 2 6 1 7 3 3 1 4 6 2 2 5 1 6 0 4 6 1 7 0 6 4 4 4 2 3 0 4 3 1 1 2 5 0 5 2 1.0625 6 6 5 3 6 7 7 0 7 7 5 7 4 7 4 6 2 7 1 5 6 2 1 1 7 7 7 5 6 0 6 1 2 7 4 2 4 6 3 2 7 7 4 1 3 1 2 0 6 2 0 1 3 1 2 4 7 3 6 3 3 4 4 2 5 2 7 5 3 7 4 4 3 5 1 3 1 4 3 7 0 2 4 1 3 7 3 7 6 0 7 1 1 2 5 3 1 1 6 6 5 3 6 7 6 4 3 0 3 0 4 7 3 7 1 6.125 6 1 4 6 5 4 3 6.01172 2 3 5 7 6 5 4 6 0 7 1 6 4 0 6 1 5 2 2 6 4 1 3 3 7 1 6 2 4 3 3 3 3 3 3 3 3 3 3 3 
3 3 3 3 3 3 3 3 3 3 3 3 6 5 5 0 7 2 5 5 0 7 0 5 6 7 5 3 3 3 7 4 7 5 5 3 4 0 2 3.00001 1.00781 3 1 5 6 4 6 2 2 4 1 4 7 2 2 4 3 5 0 4 2 1 2 7 1 6 2 5 5 6 1 6 3 3 6 4 3 6 5 4 6 6 5 2 6 5 7 2 7 4 4 5 4 1 2 3 5 3 0 4 5 3 3 5 4 3 2 0 3 5 7 6 6 3 3 6 0 7 2 5 2 3 7 1 3 4 5 6 4 4 0 2 3 1 1 6 4 6 1 2 0 7 3 5 0 5 3 7 3 7 3 7 4 2 3 0 5 4 1 6 0 7 2 6 5 3 4 7 3 2 4 0.00390625 6.00781 4 5 4 6 3 5 5 7 4 7 3 3 3 5 7 6 5 0 7 0 5 5 2 7 0 5 5 6 3 3 3 3 3 3 3 3 3 3 3 3 
3 3 3 3 3 3 3 3 3 3 3 3 4 2 4 2 4 5 7 3 4 7 7 5 6 2 4 1 3 7 3 7 4 1 0 6 6 5 1 2.0625 7 4 3 4.00391 4 4 1 5 1 2 3 1 7 1 4 6 2 4 5 6 1 4 1 6 7 3 2 4 3 5 7 4 4 2 6 6 1 1 7 6 0 1 6 7 4 3 2 5 6 1 3 3 0 7 6 2 3 1 4 4 6 1 0 7 2 3 2 2 2 2 5 3 3 7 7 6 4 5 1 2 7 2 2 6 7 1 3 3 5 4 2 6 1 4 3 3 5 2 6 3 5 6 6 6 4 3 4 7 2 0 4 4 2 6 3 1 1 3 3 3 1 6 1 5 0 1 7 7.5 5 0.0078125 3 4 6 2.0625 3 0 7 6 0 1 4 7 3 7 3 1 4 2 6 5 7 7 4 3 7 5 4 2 4 2 4 3 3 3 3 3 3 3 3 3 3 3 3 
3 3 3 3 3 3 3 3 3 3 3 3 3 6 7 7 2 7 3 6 5 7 3 5 5 1 6 3 2 5 1 1 5 7 3 7 3 1.00391 4 7 6.5 7 2 0 3 4 3 7 5 4 3 2 7 4 3 5 2 5 5 0 6 0 2 1 6 3 3 5 4 0 6 2 3 3 3 0 3 7 6 4 4 4 6 5 7 1 5 1 1 3 1 7 7 4 5 7 0 4 7 6 3 6 4 3 7 4 3 0 1 3 7 4 6 0 3 5 4 6 4 2 7 4 2 4 5 0 2 6 2 2 7 0 3 6 4 2 2 3 6 1 1 5 7 2 5 4 2 2 5 1 2 5 4 0 4 5 2 2 5 1 5 7 5 1 3 6 2 3 6 2 0 7 3 3 0 5.00391 3 7 3 7 5 1 1 5 2 3 6 1 5 5 3 7 5 6 3 7 2 7 7 6 3 3 3 3 3 3 3 3 3 3 3 3 3 
3 3 3 3 3 3 3 3 3 3 3 3 3 4 2 5 5 6 4 5 5 3 2 5 0 2 4 0 6 7 6 6 3 0 7 6 0 6 7.00391 1 3 0 5 7 4.5 3 3 7 0 5 1 7 5 2 7 5 3 7 4 7 1 7 4 4 4 6 4 3 4 6 6 6 7 5 4 1 3 6 6 3 6 4 6 0 4 6 4 6 6 7 5 3 3 6 6 7 7 3 3 2 4 7 2 3 4 1 5 6 2 2 5 4 4 2 3 4 1 7 3 1 3 6 1 2 1 6 2 4 1 4 3 5 7 7 4 4 4 2 6 6 2 2 1 1 4 6 6 2 3 3 4 7 5 3 5 2 0 1 7 2 6 5 2 3 2 3 5 3 7.5 4 6 0 3 3 7 7 0 6 7 0 3 6 6 7 6 0 4 2 0 5 2 3 5 5 4 6 5 5 2 4 3 3 3 3 3 3 3 3 3 3 3 3 3 
3 3 3 3 3 3 3 3 3 3 3 3 3 3 6 7 7 4 2 7 1 7 1 4 5 4 5 3 1 5 5 7 4 4 6 1 2 3 6 1 2 4 2 5 1 6 4 2 1 5 2 2 2 2 4 3 0 5 2 2 2 5 4 4 3 1 0 6 6 3 1 7 3 4 3 4 5 5 0 1 3 4 1 4 3 6 0 3 5 0 6 7 1 5 1 2 5 3 7 1 3 6 1 6 2 3 6 3 3 6 0 5 0 5 3 4 1 0 3 2 0 6 0 5 2 2 1 0 2 5 0 7 1 5 1 3 5 2 3 6 3 6 4 4 3 3 2 4 0 4 1 4 1 0 1 6 5 5 2 4 7 6 4 3 4 6 6 0 4 6 0 6.0625 0 4 0 4 2 1 6 4 4 7 5 5 1 3 5 4 5 4 1 7 1 7 2 4 7 7 6 3 3 3 3 3 3 3 3 3 3 3 3 3 3 
3 3 3 3 3 3 3 3 3 3 3 3 3 3 4 3 4 4 5 1 7 7 2 7 1 3 0 6 6 2 4 7 1 7 7 6 2 0 4 6 1 4.00006 7 3 3 2 6 4 2 3 4 3 6 5 5 4 7 6 2 7 4 7.25 0 4 6 5 2 6 2 7 4 2 3 1 3 4 0 4 2 6 3 1 7 2 7 3 1 2 2 3 5 2 3 6 5 1 5 4 6 3 4 7 0 6 3 6 6 5 3 0 7 6 5 6 7 2 6 5 2 1 3 7 3 3 0 1 2 7 1 7 1 3 1 5 6 3 5 5 6 4 1 7 0 2 6 2 1 7 2 0 2 0 3 1 4 1 4 2 4 6 7 5 5 5 1 3 4 6 1 6 7 7.00006 4 1 6 0 2 6 7 7 1 7 4 2 6 6 0 3 1 7 2 7 7 1 5 4 4 3 4 3 3 3 3 3 3 3 3 3 3 3 3 3 3 
3 3 3 3 3 3 3 3 3 3 3 3 3 3 3 6 7 3 2 7 6 5 7 1 7 5 6 6 3 4 1 7 4 7 1 2 7 2 2 3 7 5 6 0 2 6 2 6 7 1 4 1 2 3 1 1 3 4 3 2 7 0 3 4 7 1 2 1 1 4 6 1 6 0 4 5 5 6 6 1 6 0 7 3 0 6 1 2 0 3 6 1 5 2 7 1 2 2 6 0 7 0 5 1 2 7 5 4 4 5 5 1 7 6 7 3 7 0 7 6 3 0 5 0 3 6 6 7 5 4 3 6 1 5 7 3 1 1 7 7 2 5 3 7 0 6 1 4 1 7 1 7 6 3 5 1 1 5 5 3 3 1 5 0 4 6 3 6 2 4 3 5 2 5 2 2 7 2 1 7 4 7 1 4 3 6 6 5 7 1 7 5 6 7 2 3 7 6 3 3 3 3 3 3 3 3 3 3 3 3 3 3 3 
3 3 3 3 3 3 3 3 3 3 3 3 3 3 3 4 2 6 1 5 7 3 4 5 3 2 5 7 1 2 7 6 7 2 2 6 3 5 2 0 7 7 5 4 0 6 7 1 0 4 1 4 4 6 5 1 6 2 6 5 2 7 1 1 5 2 2 5 7 5 3 7 1 4 5 1 5 5 3 4 0 7 6 2 4 3 5 1 6 2 1 5 5 1 3 5 4 4 1 1 3 7 7 4 5 3 3 6 4 5 6 4 2 2 5 4 6 1 3 0 7 6 2 7 7 1 3 1 2 4 1 4 4 1 3 0 4 4 1 5 2 5 7 7 3 7 1 0 5 4 4 5 0 4 7 5 1 1 3 1 3 6 2 5 7 6 5 3 2 7 1 7 3 1 2 5 3 6 2 2 7 6 7 2 1 7 5 2 3 5 4 3 7 5 1 6 2 4 3 3 3 3 3 3 3 3 3 3 3 3 3 3 3 
3 3 3 3 3 3 3 3 3 3 3 3 3 3 3 3 6 5 4 1 6 6 3 6 6 6 4 7 5 2 6 0 4 5 2 7 4 0 7 5 6 5 2 4 6 3 7 6 6 6 7 2 1 1 3 7 6 0 2 5 3 6.00024 1 3 2 6 7 5 2 5 4 2 1 1 2 0 7 1 5 0 5 5 1 7 7 6 2 2 4 5 2 6 6 4 4 5 3 2 5 5 6 6 7 4 2 4 1 3 4 7 0 4 1 5 2 6 6 6 5 5 7 6 7 3 7 2 1 5 7 1 4 1 1 1 7 2 1 0 2 5 1 2 2 2 4 0 6 3 3 6 5 5 7 6 1 7 3 3 2 5 1 1 2 2 6 7 3 3 3.00006 2 7 6 0.000488281 6 7 0 4 7 2 5 4 0 6 2 5 7 4 6 6 6 3 6 6 1 4 5 6 3 3 3 3 3 3 3 3 3 3 3 3 3 3 3 3 
3 3 3 3 3 3 3 3 3 3 3 3 3 3 3 3 4 2 3 7 3 0 5 2 7 5 4 5 6 7 0 6 6 5 0 2 7 1 5 4 0 7.00391 4.00391 3 1 3 0 6 2 0 2 4 6 2 4 3 4 1 6 6 7 3 2.00002 2 5 6 0 7 1 4 0 6 2 0 4 2.5 2 0 7 3 6 4 6 6 2 4 7 1 4 2 3 5 6 0 1 6 4 6 1 6 5 4 1 3 4 7 5 2 3 6 5 6 3 3 4 0 3 7 1 2 2 4 2 3 7 6 2 2 7 3 2 4 5 7 2 7 1 6 7 5 5 7 7 7 6 1 7 3 4 5 2.00003 0 1 3 3.1875 1 6 4 6 6 1 5 5 0 4 3 0 2 2 6 0.00390625 4.00391 2 4 5 1 7 2 0 5 6 6 0 7 6 5 4 5 7 2 5 0 3 7 3 2 4 3 3 3 3 3 3 3 3 3 3 3 3 3 3 3 3 
3 3 3 3 3 3 3 3 3 3 3 3 3 3 3 3 3 6 7 5 6 6 5 4 2 3 1 3 6 6 4 2 7 4 4 4 5 5 3 0 2 4 2 3 7 3 2 7 3 5 5 3 2 2 3 2 4 2 7 4 6 3 2 0 2 0 6 1 5 5 1 4 2 2 7 6 3 4 3 6 5 0 1 6 5 0 3 7 3 4 7 7 6 2 6 0 1 4 4 3 7 3 4 5 2 5 4 6 0 4 7 7 1 1 2 3 3 1 3 3 2 5 4 3 4 7 4 7 3 2 7 1 5 1 6 6 6 6 7 6 7 7 4 2 3 2 7 4 1 1 3 7 3 7 3 2 6 3 6 0 5 6 6 2 1 5 6 3 0 1 7 5 2 0 3 5 5 4 4 4 7 2 4 6 6 3 1 3 2 4 5 6 6 5 7 6 3 3 3 3 3 3 3 3 3 3 3 3 3 3 3 3 3 
3 3 3 3 3 3 3 3 3 3 3 3 3 3 3 3 3 4 2 5 3 4 5 7 7 7 2 5 4 6 5 1 7 0 6 2 3 2 5 5 4 3 2 3 3 3 7 4 3 7 1 6 6.00006 4 4 2 5 6 7 4 6 5 6 1 4 7 4 4 0 5 2 3 6 4 1 1 1 6 0 2 4 6 5 7 0 4 7 1 2 2 0 5 1 6 1 4 2 7 0 6 1 0 6 5 6 2 4 4 7 2 5 6 3 5 1 4 7 1 0 6 1 5 2 4 0 4 7 0 3 3 7 7 3 6 5 3 5 1 2 4 4 4 4 1 6 0 7 7 1 3 2 4 4 4 5 1 2 5 6 1 2 7 0 7 2 6 2 2 5 3 2 3 4 5 5 2 3 2 6 0 7 1 5 6 4 5 2 7 7 7 5 4 3 5 2 4 3 3 3 3 3 3 3 3 3 3 3 3 3 3 3 3 3 
3 3 3 3 3 3 3 3 3 3 3 3 3 3 3 3 3 3 6 7 7 4 4 7 2 6 7 1 3 2 7 5 6 7 3 1 7 7 6 2 1 5 7 5 6 1 1 6 1 6 0 6 4.0625 7 5 6 2 1 0 2 5 3 0 7 1 2 3 1 6 2 5 0 3 2 0 7 4 2 5 5 7 4 3 0 5 2 6 6 3 4 3 6 4 5 0 5 3 6 7 3 6 7 1 3 6 1 6 3 6 0 6 6 7 4 4 4 6 6 4 7 7 7 4 0 5 4 3 2 7 0 2 4 0 7 1 1 6 0 5 2 4 0 4 4 2 1 1 3 0 1 4 1 7 2 1 2 4 3 1 3 4 3 5 4 3 3 3 3 2 6 7 5 1 2 6 7 7 1 3 7 6 5 7 2 3 1 7 6 2 7 4 4 7 7 6 3 3 3 3 3 3 3 3 3 3 3 3 3 3 3 3 3 3 
3 3 3 3 3 3 3 3 3 3 3 3 3 3 3 3 3 3 4 3 4 5 2 0 3 7 5 2 5 2 0 7 2 7 0 5 1 7 1 3 3 4 1 5 6 4 0 2.0625 6 3.00006 5 6 6 7 5 1 1 2 3 2 5 4 6 1 2 2 0 7 3 1 7 4 1 1 3 7 0 7 0 3 0 7 5 4 6 2 5 4 5 7 7 4 2 4 3 4 2 7 2 0 7 6 4 0 2 2 1 0 6 7 0 7 3 1 1 2 0 6 3 5 4 4 3 4 3 3 3 5 1 2 0 4 1 2 0 5 5 5 3 1 6 5 1 7 2 3 6 3 4 6 2 0 4 4 3 3 6 6 2 2 5 0 7.5 1 6 0 3 7 6 5 1 4 3 3 1 7 1 5 0 7 2 7 0 2 5 2 5 7 3 0 2 5 4 3 4 3 3 3 3 3 3 3 3 3 3 3 3 3 3 3 3 3 3 
3 3 3 3 3 3 3 3 3 3 3 3 3 3 3 3 3 3 3 6 7 3 5 6 7 1 6 4 6 2 4 0 4 6 1 6 5 0 2 7 3 2 1 6 5 3 7 3 4 7.5 0 1 7 6 2 4 7 3 0 3 5 5 0 1 5 7 1 7 2 1 7 1 5 0 5 0 5 7 7 4 2 6 3 1 5 5 3 2 2 0 7 7 0 6 2 5 4 2 4 1 7 3 1 6 6 4 7 3 3 7 3 0 2 3 1 7 5 1 4 7 4 0 7 2 5 5 3 4 5 1 4 1 6 4 4 2 7 3 7 1 5 6 3 5 1 2 7 2 5 1 3 1 5 4 4 4 6.01172 2 5 3 3 2 1 4 7 7 2 1 5 6 1 2 3 7 2 0 5 6 1 6 4 0 4 2 6 4 6 1 7 6 5 3 7 6 3 3 3 3 3 3 3 3 3 3 3 3 3 3 3 3 3 3 3 
3 3 3 3 3 3 3 3 3 3 3 3 3 3 3 3 3 3 3 4 2 7 5 1 2 4 3 7 4 0 2 3 4 3 4 6 5 3 5 5 7 3 0 1 1 6 6 6 7 2 7 7 1 4 3 3 0 1 3 2 5 5 6 1 3 3.125 7 7 2 7 2 5 5 3 4 5 6 3 2 3 4 5 2 3 6 2 1 5 3 6 1 7 2 4 6 0 1 1 1 2 3 5 1 4 0 7 4 4 1 3 1 5 4 7 4 5 0 5 5 0 7 7 4 3 1 3 3 0 3 5 3 3 2 5 6 3 6 2 1 1 2 3 6 5 6 5 2 6 4 5 6 7 0 2 3 0 7 4 3 6 4 4 5 4 0.00390625 3 5 6 1 1 0 3 7 5 5 3 5 6 4 3 4 3 2 0 4 7 3 4 2 1 5 7 2 4 3 3 3 3 3 3 3 3 3 3 3 3 3 3 3 3 3 3 3 
3 3 3 3 3 3 3 3 3 3 3 3 3 3 3 3 3 3 3 3 7 0 2 6 1 0 6 4 5 4 0 4 0 7 3 0 5 3 1 1 0 2 3 2 4 5 2 2 5.00391 1 6 3 3 1 3 3 6 1 2 3 5 7 7 6 2 1 3 3 4 2 0 6 1 3 5 4 1 5 0 6 3 4 2 0 4 1 4 3 6 0 5 1 0 1 5 6 7 3 4 1 6 4 7 5 5 6 2 7 3 3 2 1 2 4 5 6 2 7 2 6 6 6 3 5 4 5 0 5 6 3 2 2 6 3 4 4 2 4 7 6 6 2 0 5 5 6 7 6 6 1 1 7 3 7 1 7.00781 7 6 2 2.0625 7 1 1 6 4 2 2 5 4 2 3 2 0 1 1 3 5 0 3 7 0 4 0 4 5 4 6 0 1 6 2 0 7 3 3 3 3 3 3 3 3 3 3 3 3 3 3 3 3 3 3 3 3 
3 3 3 3 3 3 3 3 3 3 3 3 3 3 3 3 3 3 3 3 4 4 3 0 2 2 3 4 2 2 7 3 4 3 3 6 0 2 4 5 6 0 7 3 3 1 4 2 0 7 0 3 7 5 1 3 1 5.00391 2.00391 4 4 6 1 3 2 3 4.00781 0 1 7 7 2 5 2 2 5 3 3 5 1 2 1 6 2 5 1 7 3 3 5 2 5 5 5 5 0 5 3 6 3 3 2 1 7 1 6 4 5 0 3 5 7 1 2 3 4 6 2 4 5 3 4 1 5 1 1 2 4 7 3 3 4 1 6 7 2 2 7 6 3 7 1 5 6 6 2 6.00781 7 3.5 2 4 3 7 5 4.01562 0.00390625 2 2 7 7 1 2 0 6 0 2 4 1 3 3 7 0 6 5 4 2 0 6 3 3 4 3 7 2 2 4 3 2 2 0 3 4 4 3 3 3 3 3 3 3 3 3 3 3 3 3 3 3 3 3 3 3 3 
3 3 3 3 3 3 3 3 3 3 3 3 3 3 3 3 3 3 3 3 3 7 1 4 4 7 1 1 0 7 7 4 3 6 5 7 5 4 4 2 5 1 5 7 3 2 5 0 4 5 1 5 4 1 2 3 4 7 1 1 3 6 1 6 1 5 0 4 4 4 0 4 7 7 6 0.00012207 1 3 5 4 6 7 2 6 1 0 7 7 6 4 3 7 4 1 7 4 7 5 5 2 0 6 4 7 7 3 4 7 5 3 4 4 5 2 6 3 6 6 0 1 7 0 5 2 4 0 3 6 1 3 4 1 3 7 0 1 1 2.00018 4 3 5 5 4 7 4 6 0 3 6 1 0 3 4 2 4 3 6 0 5 4 6 4 1 5 4 0 5 2 3 7 5 1 5 2 4 4 5 7 5 6 3 4 7 7 0 1 1 7 4 4 1 7 3 3 3 3 3 3 3 3 3 3 3 3 3 3 3 3 3 3 3 3 3 
3 3 3 3 3 3 3 3 3 3 3 3 3 3 3 3 3 3 3 3 3 4 4 2 4 0 4 7 6 0 3 0 1 3 5 2 2 4 6 4 4 1 5 2 1 6 5 3 5 7 2 2 4 6 0 2 7 3 7 1 6 4 7 4 2 2 4 6 2 0.0078125 3 7 5 5 5 1 5 4 7.01172 7 0 1 5 6 7 4 4 1 4 6 0 3 6 3 4 2 3 3 3 7 3 1 4 1 6 4 0 3 1 4 3 1 4 5 1 6 0 4 4 2 6 1 1 6 3 6 4 0 6 3 6 7 5 4 6.00781 3 5 5 3 2 5 4 3 1.00781 3 3 4 0 1.00146 7 1 4 3 1 3 2 6 6 7 5 4 2 2 7 5 3 5 6 1 2 5 1 4 4 6 4 2 2 5 3 1 0 3 0 6 7 4 0 4 2 4 4 3 3 3 3 3 3 3 3 3 3 3 3 3 3 3 3 3 3 3 3 3 
3 3 3 3 3 3 3 3 3 3 3 3 3 3 3 3 3 3 3 3 3 3 7 1 1 7 6 1 5 7 2 5 4 6 7 5 3 4 4 4 2 3 3 0 7 7 2 5 1 0 5 2 0 3 7 2 1 2 0 1 4.0625 4 1 2 5 3 2 1 6 1 3 7 4 2 7 1 4 6 0 2 4 7 6 0 7 1 4 2 4 5 6 4 6 2 6 4 3 3 7 3 1 4 1 2 5 7 5 4 4 4 2 6 2 3 2 4 7 1 6 7 3 5 3 7 5 0 3 3 4 4 1 4 4 1 6 7 7 3 6 0 6 6 7 0 2 0 3 4 7 0 2 6 5.0625 4 3 3 1 1 6 3 0 2 5 0 1 5 2 7 7 0 3 3 2 4 4 4 3 5 7 6 4 5 2 7 5 1 6 7 1 1 7 3 3 3 3 3 3 3 3 3 3 3 3 3 3 3 3 3 3 3 3 3 3 
3 3 3 3 3 3 3 3 3 3 3 3 3 3 3 3 3 3 3 3 3 3 4 4 1 6 4 1 2 7 7 7 7 3 5 4 0 3 2 5 0 5 5 5 1 7 3 5 7 4 3 7 2 2 0 3 6 3 7 7 5 6 3 6.00781 4 7 2 7 4 3.00001 2 4 2 1 6 6.00781 7 2.00146 5 3 6 6 7 5.5 5 6 4 0 3 7 1 1 1 6 1 2 6 3 7 7 4 7 3 2 7 3 4 7 5 1 2 7 0 7 7 5 7 2 2 6 4 7 0 1 3 2 6 5 1 2.5 1 1 7 6 0 3.00146 2 3.01172 1 5 2 7 6 1 4 7 3 6.5 0 6.00391 5.5 3 5 7 7 3.5 6 3 0 2 2 7 3 4 7 5 3 7 1 5 5 5 0 5 2 3 0 4 5 3 7 7 7 7 2 1 4 6 1 4 4 3 3 3 3 3 3 3 3 3 3 3 3 3 3 3 3 3 3 3 3 3 3 
3 3 3 3 3 3 3 3 3 3 3 3 3 3 3 3 3 3 3 3 3 3 3 7 1 4 2 0 7 6 1 4 2 6 3 1 4 5 2 7 6 0 6 6 5 1 2 4 2 7 6 2 6 1 6 7 6 3 5 3 6 7 6 1 0 3 5 4 0 2 4 4 0 2 4 2 5 6 1 0 6 1 6 0 7 2 2 2 2 2 5 0 5 6 2 2 7 0 5 4 2 2 2 5 3 7 4 5 7 6 6 2 5 6 5 1 7 3 6 0 4 4 3 4 2 5 6 5 6 6 4 2 5 6 5 3 0 4 3 4 7 1 3 2 1 2 6.0625 1 7 3 2 6 6 3 5 3 6 7 6 1 6 2 6 7 2 4 2 1 5 6 6 0 6 7 2 5 4 1 3 6 2 4 1 6 7 0 2 4 1 7 3 3 3 3 3 3 3 3 3 3 3 3 3 3 3 3 3 3 3 3 3 3 3 
3 3 3 3 3 3 3 3 3 3 3 3 3 3 3 3 3 3 3 3 3 3 3 4 4 2 4 3 6 2 7 3 5 0 6 3 5 7 5 5 3 3 4 1 0 3 6 4 0 2 2 1 7 6 7 3 0 5 5 1 1 2 6 6 7 4 3 1 2 2.00391 3.5 3 3 2.125 1.00391 0 5 1 4 3.01562 0 2 5.00146 7 4 6.00391 4 4 4 6 1 6 4 1 2 1 3 4 4 6 4 0 3 2 6 5 4 4 2 1 4 3 5 3 7 3 3 7 0 5 6 6 3 1 0 6 1 1.00781 6 2 5.00049 0 5 6.01562 3 3 7 2 5.00781 7 1 0 3 5 3 0 2 3 5 3.8147e-06 7 2 1 1 5 5 0 3 7 6 7 1 2 2 0 4 6 3 0 1 4 3 3 5 5 7 5 3 6 0 5 3 7 2 6 3 4 2 4 4 3 3 3 3 3 3 3 3 3 3 3 3 3 3 3 3 3 3 3 3 3 3 3 
3 3 3 3 3 3 3 3 3 3 3 3 3 3 3 3 3 3 3 3 3 3 3 3 7 0 6 6 7 2 2 4 3 2 0 6 3 6 3 6 3 7 3 6 7 7 0 4 5 5 2 7 7 4 0 7 1 5 4 2 5 6 4 2 1 0 4 7 1 7 5 4 0 7.00006 6 1 7 6 5 0 5 7 6 2 5 5 0 4 3 5 4 7.00001 5 7 3 4 6 5 6 1 2.1875 2 2 4 7 7 5 2 1 4 2 4 6.25 0 6 3 4 1 7 4 5 3.00001 4 5 7 0 2 2 7 6 7 2 6 6 2 4 6 1 5 4.00006 3 6 0 6 2 6 6.5 5 4 3 4 6 5 2 4 5 1 7 0 4 7 7 2 5 5 4 0 7 7 6 3 7 3 6 3 6 3 6 0 2 3 4 2 2 7 6 6 0 7 3 3 3 3 3 3 3 3 3 3 3 3 3 3 3 3 3 3 3 3 3 3 3 3 
3 3 3 3 3 3 3 3 3 3 3 3 3 3 3 3 3 3 3 3 3 3 3 3 4 3 3 6 5 7 6 5 2 3 5 2 7 4 1 3 4 0 4 4 2 6 7 7 6 4 7 4 1 4 3 5 4 7 6 3 4 5 4 2 3 2 1 0 1 2 3 7 5 3 4.00098 4 5 7 1 3 2 4 6 6 2 1 3 7 0 6 3 0 6 6 4 5 1 7 0 2 3 5 5 3 7 4 2 1 4 3 5 6 3 7 4 1 4 7 2 5 4 3 3 5 4 3 5 7 7 2 6 3 2 1 1 6 4 4 6.00098 4 3 6 5 7 1 4 5 4 3 2 4 5 4 3 6 7 4 5 3 4 1 4 7 4 6 7 7 6 2 4 4 0 4 3 1 4 7 2 5 3 2 5 6 7 5 6 3 3 4 3 3 3 3 3 3 3 3 3 3 3 3 3 3 3 3 3 3 3 3 3 3 3 3 
3 3 3 3 3 3 3 3 3 3 3 3 3 3 3 3 3 3 3 3 3 3 3 3 3 6 4 5 3 2 6 3 5 4 3 4 7 5 0 4 3 4 3 0 7 5 1 2 6 0 6 7 7 7 6 1 7 4 0 4 2 1 2 1 4 7 7 7 1 5 2 2 3 2.00098 0 5 1 5 3 6 6 3 4 5 6 2.0625 0 5.00002 7 1.5 0 3 3 7 3 7 2 5 1 7 4 5 2 7 0 6 6.5 5 0 1 7 7 6 4 0 7.5 7 6 4 7 2 1 2 4.5 1 6.00002 7.00012 2.125 3 1 5 1 5 7 1 2 3 6 3 3.00098 1 2 6 1 0 2 1 0 5 1 2 1 2 4 0 4 7 1 6 7 7 7 6 0 6 2 1 5 7 0 3 4 3 4 0 5 7 4 3 4 5 3 6 2 3 5 4 6 3 3 3 3 3 3 3 3 3 3 3 3 3 3 3 3 3 3 3 3 3 3 3 3 3 
3 3 3 3 3 3 3 3 3 3 3 3 3 3 3 3 3 3 3 3 3 3 3 3 3 4 0 5 4 7 2 6 6 2 7 1 7 2 3 7 7 0 2 4 0 7 5 4 0 6 7 1 4 5 6 1 3 7 7 6 7 2 2 5 3 5 4 5 6 3 4 2 7 4 3 6 3 2.0625 3.00006 1 3 2 6 0 5 6 5.00098 5 1 3 2 7 1 1.00391 7.00012 6 7 5 7 4 0 5 6 2 2 5 3 1 4 2.00049 5 0 7.00002 1 1 6 7 3 4.00006 6.00391 2 7 6 1 3 2 5.00098 5 1 5 2 0 4 3 4 5 2 6 2.00781 1 4 4 7 5 7 6 5 6 3 5 2 2 7 6 7 7 3 1 6 5 4 1 7 6 0 4 5 7 0 4 2 0 7 7 3 2 7 1 7 2 6 6 2 7 4 5 0 4 3 3 3 3 3 3 3 3 3 3 3 3 3 3 3 3 3 3 3 3 3 3 3 3 3 
3 3 3 3 3 3 3 3 3 3 3 3 3 3 3 3 3 3 3 3 3 3 3 3 3 3 5 1 7 6 7 2 7 2 2 6 7 7 0 7 2 4 0 2 2 2 6 6 7 2 2 4 2 5 7 5 7 3 1 1 1 5 6 0 5 3 4 6 5 3 1 5 5 4.00391 3 6 7 3 1 5.5 7 3 3 5 2 3 7 3 2 1 6 7 6 2.0625 5 4 6 7 7 3 5 7 1 0 4 6 1 7 0 4 5 7 5.125 5 6 6 1 5 3 1.125 2 5 5 1 0 7 2 3 2 6 5 2 1 0 6 1.0625 3 2 6 2 6 5 1 3 5 6 4 3 5 0 6 5 1 1 1 3 7 5 7 5 2 4 2 2 7 6 6 2 2 2 0 4 2 7 0 7 7 6 2 2 7 2 7 6 7 1 5 3 3 3 3 3 3 3 3 3 3 3 3 3 3 3 3 3 3 3 3 3 3 3 3 3 3 
3 3 3 3 3 3 3 3 3 3 3 3 3 3 3 3 3 3 3 3 3 3 3 3 3 3 3 5 1 7 4 3 5 7 6 7 2 5 6 0 2 5 4 6 5 3 4 6 6 5 1 3 6 1 6 2 3 3 6 7 4 2 0 4 1 2 6 1 1 5 5 7 6 5 5 5 6 5 3 7 1 4.5 6 3 2 3 3 7 7 5 4 1 1.00049 0 4.00098 5 6.00391 4 6 0 4 4 7 7 2 5 3 5 6 2 4 1 1 7 7 2 5.00391 7 3.00098 0 4 7 4 3 7 5 5 3 2 7 1 2.5 3 5 0 2 2 6 4 5 6 7 5 5 1 1 6 2 1 4 0 2 4 7 6 3 3 2 6 1 6 3 1 5 6 6 4 3 5 6 4 5 2 0 6 5 2 7 6 7 5 3 4 7 1 5 3 3 3 3 3 3 3 3 3 3 3 3 3 3 3 3 3 3 3 3 3 3 3 3 3 3 3 
3 3 3 3 3 3 3 3 3 3 3 3 3 3 3 3 3 3 3 3 3 3 3 3 3 3 3 3 5 1 5 5 6 6 3 0 1 1 7 1 4 4 7 4 2 1 5 3 5 7 7 6 6 3 0 3 1 3 4 5 0 6 5 2 3 5 1 5 0 4 1 0 6 0 4 4.00391 5 7 2 1 4 6 2 1 5 4 7 2.0625 5 4 5 2 5 5 5 7 5.5 0 2 6 2 1 6 6 0 2 6 2 5 3 7 4 3 0 6 0 4 2.00006 1 7 1 5 0 5.0625 7 1.0625 1 3 7 6 0 6 1 5 1 7 4 4.00391 4 0 6 0 1 4 0 5 1 5 3 2 5 6 0 5 4 3 1 3 0 3 6 6 7 7 5 3 5 1 2 4 7 4 4 1 7 1 1 0 3 6 6 5 5 1 5 3 3 3 3 3 3 3 3 3 3 3 3 3 3 3 3 3 3 3 3 3 3 3 3 3 3 3 3 
3 3 3 3 3 3 3 3 3 3 3 3 3 3 3 3 3 3 3 3 3 3 3 3 3 3 3 3 3 5 0 4 3 6 4 2 4 6 4 1 3 6 3 6 5 7 2 1 4 4 5 6 0 5 4 6 4 5 0 6 6 1 1 2 5 4 1 6 4 3 4 5 1 5 7 6 6 1 6.00391 6 7 6 7 6 1 3 1 6 4 6 0 5 6 2 3.5 4 2 7 5 6 3 2 1 5 5 2 6 6 3 1 6 3 0 5 0 5 7 3 1.5 4 3 1.0625 6 7 7.5 2 0 5.0625 5 4 5 6 5 5 3 0 6 6 7 5 1 5 4 3 4 6 1 4 5 2 1 1 6 6 0 5 4 6 4 5 0 6 5 4 4 1 2 7 5 6 3 6 3 1 4 6 4 2 4 6 3 4 0 5 3 3 3 3 3 3 3 3 3 3 3 3 3 3 3 3 3 3 3 3 3 3 3 3 3 3 3 3 3 
3 3 3 3 3 3 3 3 3 3 3 3 3 3 3 3 3 3 3 3 3 3 3 3 3 3 3 3 3 3 4 6 3 0 2 4 6 7 0 7 2 0 4 1 7 6 7 3 5 6 2 5 3 4 2 1 2 7 6 6 2 3 4 7 0 7 4 2 2 7 1 3 6 0 2 5 3 4 2 1 5 3.00391 5 7 0 4 0 7 2 4 3 4.00781 2 2 0 2 4 1 6 1.00098 2 1 3.0625 6 0 2.00098 3.00391 2.00049 3 0 3.0625 3 5 7 6 1 1 7 3 7 3 0 2.0625 7 0 7 4 5 0 3 4 4.00391 5 0 2 4 3 5 2 0 6 3 1 7 2 2 4 7 0 7 4 3 2 6 6 7 2 1 2 4 3 5 2 6 5 3 7 6 7 1 4 0 2 7 0 7 6 4 2 0 3 6 4 3 3 3 3 3 3 3 3 3 3 3 3 3 3 3 3 3 3 3 3 3 3 3 3 3 3 3 3 3 3 
3 3 3 3 3 3 3 3 3 3 3 3 3 3 3 3 3 3 3 3 3 3 3 3 3 3 3 3 3 3 3 3 4 7 4 1 1 1 4 4 2 1 2 7 3 2 7 2 7 6 3 7 1 5 0 5 6 6 1 4 3 3 1 5 4 1 3 2 6 2 1 7 5 6 3 7 0 3 0 3 3 2 6 4 2.0625 2 1 1 3 3 5 0 4 4 2 6 6 7 2 4 5 2 6 5 4 4 7 1 2 3 2 4 4 3 0 6 5 3 7 6 7 6 7 4 1 2 2 4 2.0625 3 0 3 3 3 0 3 0 7 3 6 5 7 1 2 6 2 3 1 4 5 1 3 3 4 1 6 6 5 0 5 1 7 3 6 7 2 7 2 3 7 2 1 2 4 4 1 1 1 4 7 4 3 3 3 3 3 3 3 3 3 3 3 3 3 3 3 3 3 3 3 3 3 3 3 3 3 3 3 3 3 3 3 3 
3 3 3 3 3 3 3 3 3 3 3 3 3 3 3 3 3 3 3 3 3 3 3 3 3 3 3 3 3 3 3 3 3 3 4 7 4 1 2 4 0 6 1 6 0 7 7 4 2 6 5 1 7 4 5 5 5 5 5 3 2 2 4 5 7 2 0 1 3 6 2 1 7 7 7 6 2 4 2 2 2 1 6 2 5.5 7 1 3 4 3.5 1.00391 1 7.00391 2.5 6 2 1 4 1 3.00391 6.00049 1.00049 6 2 0 4 1 4 5 2 5 4 2 2 5 5 6 6 4 6.5 6.00391 4 6 5 4 6 5 4 7.5 3 7 1 2 2 2 4 2 6 7 7 7 1 2 6 3 1 0 2 7 5 4 2 2 3 5 5 5 5 5 4 7 1 5 6 2 4 7 7 0 6 1 6 0 4 2 1 4 7 4 3 3 3 3 3 3 3 3 3 3 3 3 3 3 3 3 3 3 3 3 3 3 3 3 3 3 3 3 3 3 3 3 3 3 
3 3 3 3 3 3 3 3 3 3 3 3 3 3 3 3 3 3 3 3 3 3 3 3 3 3 3 3 3 3 3 3 3 3 3 3 4 7 4 1 3 2 5 5 2 4 5 5 5 3 4 7 2 1 2 3 7 0 2 5 0 7 2 5 3 2 7 5 1 0 5 1 3 3 0 4 0 5 2 2 2 6 7 5 2 6 4 5 7 6 1 3 3 3.00391 1 4 5 6 3 7 6 7 2 6 2 4 2 3 1 6 3 0 2 2 5 6 4 3 2 4.00391 5 5 2 0 2 5 3 6 2 5 7 6 2 2 2 5 0 4 0 3 3 1 5 0 1 5 7 2 3 5 2 7 0 5 2 0 7 3 2 1 2 7 4 3 5 5 5 4 2 5 5 2 3 1 4 7 4 3 3 3 3 3 3 3 3 3 3 3 3 3 3 3 3 3 3 3 3 3 3 3 3 3 3 3 3 3 3 3 3 3 3 3 3 
3 3 3 3 3 3 3 3 3 3 3 3 3 3 3 3 3 3 3 3 3 3 3 3 3 3 3 3 3 3 3 3 3 3 3 3 3 3 4 7 4 0 7 3 5 4 4 6 0 6 3 5 7 7 3 7 7 7 2 3 7 4 7 0 7 6 4 0 7 6 2 5 5 1 2 3 5 7 7 6 4 5 1 5 1 6 3 6 7 1 7 4 5 7 2 4 1 5 3 4 6 3 2 6 2 5 1 5 2 6 2 4 7 5 3 5 1 4 2 7 5 4 7 3 0 7 3 6 1 5 1 5 4 6 7 7 5 3 2 1 5 5 2 6 7 0 4 6 7 0 7 4 7 3 2 7 7 7 3 7 7 5 3 6 0 6 4 4 5 3 7 0 4 7 4 3 3 3 3 3 3 3 3 3 3 3 3 3 3 3 3 3 3 3 3 3 3 3 3 3 3 3 3 3 3 3 3 3 3 3 3 3 3 
3 3 3 3 3 3 3 3 3 3 3 3 3 3 3 3 3 3 3 3 3 3 3 3 3 3 3 3 3 3 3 3 3 3 3 3 3 3 3 3 4 7 2 7 4 7 3 6 3 6 7 6 7 1 5 5 4 0 6 1 4 1 7 5 3 0 4 4 5 7 5 1 5 5 3 2 3 2 2 2 6 7 5 5 6 3 7 3 3 5 1 7 0 4 4 4 6 2 1 5 7 1 3 2 5 6 3 6 5 2 3 1 7 5 1 2 6 4 4 4 0 7 1 5 4 3 7 3 6 5 5 7 6 2 2 2 3 2 3 5 5 1 5 7 5 4 4 0 3 5 7 1 4 1 6 0 4 5 5 1 7 6 7 6 3 6 3 7 4 7 2 7 4 3 3 3 3 3 3 3 3 3 3 3 3 3 3 3 3 3 3 3 3 3 3 3 3 3 3 3 3 3 3 3 3 3 3 3 3 3 3 3 3 
3 3 3 3 3 3 3 3 3 3 3 3 3 3 3 3 3 3 3 3 3 3 3 3 3 3 3 3 3 3 3 3 3 3 3 3 3 3 3 3 3 3 4 6 3 7 5 5 7 1 5 7 1 7 5 6 3 5 4 1 4 5 4 7 6 6 6 4 3 6 4 0 3 4 0 7 3 4 5 7 5 6 0 2 5 1 6 7 6 6 6 4 1 7 1 5 1 3 1 2 0 3 7 2 1 6 7 6 1 2 7 3 0 2 1 3 1 5 1 7 1 4 6 6 6 7 6 1 5 2 0 6 5 7 5 4 3 7 0 4 3 0 4 6 3 4 6 6 6 7 4 5 4 1 4 5 3 6 5 7 1 7 5 1 7 5 5 7 3 6 4 3 3 3 3 3 3 3 3 3 3 3 3 3 3 3 3 3 3 3 3 3 3 3 3 3 3 3 3 3 3 3 3 3 3 3 3 3 3 3 3 3 3 
3 3 3 3 3 3 3 3 3 3 3 3 3 3 3 3 3 3 3 3 3 3 3 3 3 3 3 3 3 3 3 3 3 3 3 3 3 3 3 3 3 3 3 3 4 6 2 7 3 4 1 2 5 2 4 3 7 5 1 2 3 1 3 6 3 2 7 7 7 1 3 4 6 5 4 2 6 2 4 0 1 1 4 4 6 3 4 7 5 6 0 2 4 4 5 0 5 2 5 7 4 5 2 5 7 7 2 7 7 5 2 5 4 7 5 2 5 0 5 4 4 2 0 6 5 7 4 3 6 4 4 1 1 0 4 2 6 2 4 5 6 4 3 1 7 7 7 2 3 6 3 1 3 2 1 5 7 3 4 2 5 2 1 4 3 7 2 6 4 3 3 3 3 3 3 3 3 3 3 3 3 3 3 3 3 3 3 3 3 3 3 3 3 3 3 3 3 3 3 3 3 3 3 3 3 3 3 3 3 3 3 3 3 
3 3 3 3 3 3 3 3 3 3 3 3 3 3 3 3 3 3 3 3 3 3 3 3 3 3 3 3 3 3 3 3 3 3 3 3 3 3 3 3 3 3 3 3 3 3 4 6 2 5 6 3 4 4 6 7 5 2 3 3 6 4 5 6 6 5 3 5 7 6 3 3 0 6 6 4 7 1 1 5 4 5 1 1 1 6 3 7 2 4 7 6 7 7 5 7 4 3 2 5 6 7 2 3 3 5 7 5 3 3 2 7 6 5 2 3 4 7 5 7 7 6 7 4 2 7 3 6 1 1 1 5 4 5 1 1 7 4 6 6 0 3 3 6 7 5 3 5 6 6 5 4 6 3 3 2 5 7 6 4 4 3 6 5 2 6 4 3 3 3 3 3 3 3 3 3 3 3 3 3 3 3 3 3 3 3 3 3 3 3 3 3 3 3 3 3 3 3 3 3 3 3 3 3 3 3 3 3 3 3 3 3 3 
3 3 3 3 3 3 3 3 3 3 3 3 3 3 3 3 3 3 3 3 3 3 3 3 3 3 3 3 3 3 3 3 3 3 3 3 3 3 3 3 3 3 3 3 3 3 3 3 4 6 2 7 4 7 5 2 4 7 3 0 2 1 0 1 6 5 0 3 2 0 5 1 1 6 2 7 2 2 6 4 6 7 5 2 3 7 1 1 3 7 5 7 1 4 2 0 3 5 0 3 0 6 6 1 1 0 3 0 1 1 6 6 0 3 0 5 3 0 2 4 1 7 5 7 3 1 1 7 3 2 5 7 6 4 6 2 2 7 2 6 1 1 5 0 2 3 0 5 6 1 0 1 2 0 3 7 4 2 5 7 4 7 2 6 4 3 3 3 3 3 3 3 3 3 3 3 3 3 3 3 3 3 3 3 3 3 3 3 3 3 3 3 3 3 3 3 3 3 3 3 3 3 3 3 3 3 3 3 3 3 3 3 3 
3 3 3 3 3 3 3 3 3 3 3 3 3 3 3 3 3 3 3 3 3 3 3 3 3 3 3 3 3 3 3 3 3 3 3 3 3 3 3 3 3 3 3 3 3 3 3 3 3 3 4 6 3 7 5 7 2 0 7 3 3 6 6 6 0 1 2 1 5 6 1 4 4 2 6 5 3 5 3 2 2 5 0 6 6 2 1 4 6 0 2 3 7 6 0 5 3 7 7 5 4 2 1 5 5 6 5 6 5 5 1 2 4 5 7 7 3 5 0 6 7 3 2 0 6 4 1 2 6 6 0 5 2 2 3 5 3 5 6 2 4 4 1 6 5 1 2 1 0 6 6 6 3 3 7 0 2 7 5 7 3 6 4 3 3 3 3 3 3 3 3 3 3 3 3 3 3 3 3 3 3 3 3 3 3 3 3 3 3 3 3 3 3 3 3 3 3 3 3 3 3 3 3 3 3 3 3 3 3 3 3 3 3 
3 3 3 3 3 3 3 3 3 3 3 3 3 3 3 3 3 3 3 3 3 3 3 3 3 3 3 3 3 3 3 3 3 3 3 3 3 3 3 3 3 3 3 3 3 3 3 3 3 3 3 3 4 6 2 7 4 5 1 4 0 2 7 2 6 5 7 5 7 1 6 7 0 4 3 7 7 4 5 7 3 7 3 2 7 1 7 2 1 1 3 6 7 3 2 0 5 1 3 1 6 3 4 5 6 0 2 0 6 5 4 3 6 1 3 1 5 0 2 3 7 6 3 1 1 2 7 1 7 2 3 7 3 7 5 4 7 7 3 4 0 7 6 1 7 5 7 5 6 2 7 2 0 4 1 5 4 7 2 6 4 3 3 3 3 3 3 3 3 3 3 3 3 3 3 3 3 3 3 3 3 3 3 3 3 3 3 3 3 3 3 3 3 3 3 3 3 3 3 3 3 3 3 3 3 3 3 3 3 3 3 3 3 
3 3 3 3 3 3 3 3 3 3 3 3 3 3 3 3 3 3 3 3 3 3 3 3 3 3 3 3 3 3 3 3 3 3 3 3 3 3 3 3 3 3 3 3 3 3 3 3 3 3 3 3 3 3 4 6 2 5 6 3 6 6 3 7 0 4 2 3 7 3 2 2 7 6 5 5 7 6 4 4 3 6 3 2 7 7 1 1 3 5 3 7 4 2 5 5 2 7 6 7 7 6 7 2 2 2 2 2 2 2 7 6 7 7 6 7 2 5 5 2 4 7 3 5 3 1 1 7 7 2 3 6 3 4 4 6 7 5 5 6 7 2 2 3 7 3 2 4 0 7 3 6 6 3 6 5 2 6 4 3 3 3 3 3 3 3 3 3 3 3 3 3 3 3 3 3 3 3 3 3 3 3 3 3 3 3 3 3 3 3 3 3 3 3 3 3 3 3 3 3 3 3 3 3 3 3 3 3 3 3 3 3 3 
3 3 3 3 3 3 3 3 3 3 3 3 3 3 3 3 3 3 3 3 3 3 3 3 3 3 3 3 3 3 3 3 3 3 3 3 3 3 3 3 3 3 3 3 3 3 3 3 3 3 3 3 3 3 3 3 4 6 2 7 5 3 6 7 6 3 7 3 3 6 4 3 3 4 6 4 0 4 6 5 2 0 5 2 4 7 2 3 0 1 6 0 3 4 1 6 1 7 7 0 7 5 7 2 0 6 5 6 0 2 7 5 7 0 7 7 1 6 1 4 3 0 6 1 0 3 2 7 4 2 5 0 2 5 6 4 0 4 6 4 3 3 4 6 3 3 7 3 6 7 6 3 5 7 2 6 4 3 3 3 3 3 3 3 3 3 3 3 3 3 3 3 3 3 3 3 3 3 3 3 3 3 3 3 3 3 3 3 3 3 3 3 3 3 3 3 3 3 3 3 3 3 3 3 3 3 3 3 3 3 3 3 3 
3 3 3 3 3 3 3 3 3 3 3 3 3 3 3 3 3 3 3 3 3 3 3 3 3 3 3 3 3 3 3 3 3 3 3 3 3 3 3 3 3 3 3 3 3 3 3 3 3 3 3 3 3 3 3 3 3 3 4 6 4 0 6 5 0 6 6 2 6 3 1 4 1 7 2 2 2 4 0 2 7 4 3 6 7 1 4 4 6 5 1 2 6 5 3 1 5 2 7 4 6 1 6 4 3 7 5 7 3 4 6 1 6 4 7 2 5 1 3 5 6 2 1 5 6 4 4 1 7 6 3 4 7 2 0 4 2 2 2 7 1 4 1 3 6 2 6 6 0 5 6 0 4 6 4 3 3 3 3 3 3 3 3 3 3 3 3 3 3 3 3 3 3 3 3 3 3 3 3 3 3 3 3 3 3 3 3 3 3 3 3 3 3 3 3 3 3 3 3 3 3 3 3 3 3 3 3 3 3 3 3 3 3 
3 3 3 3 3 3 3 3 3 3 3 3 3 3 3 3 3 3 3 3 3 3 3 3 3 3 3 3 3 3 3 3 3 3 3 3 3 3 3 3 3 3 3 3 3 3 3 3 3 3 3 3 3 3 3 3 3 3 3 3 4 7 2 5 6 3 4 0 7 6 5 6 7 4 5 6 4 7 2 0 2 5 5 7 2 2 5 0 7 7 4 6 5 6 3 3 7 2 7 4 1 5 6 3 2 5 4 5 2 3 6 5 1 4 7 2 7 3 3 6 5 6 4 7 7 0 5 2 2 7 5 5 2 0 2 7 4 6 5 4 7 6 5 6 7 0 4 3 6 5 2 7 4 3 3 3 3 3 3 3 3 3 3 3 3 3 3 3 3 3 3 3 3 3 3 3 3 3 3 3 3 3 3 3 3 3 3 3 3 3 3 3 3 3 3 3 3 3 3 3 3 3 3 3 3 3 3 3 3 3 3 3 3 
3 3 3 3 3 3 3 3 3 3 3 3 3 3 3 3 3 3 3 3 3 3 3 3 3 3 3 3 3 3 3 3 3 3 3 3 3 3 3 3 3 3 3 3 3 3 3 3 3 3 3 3 3 3 3 3 3 3 3 3 3 3 4 6 2 6 4 4 1 2 6 7 7 6 3 2 4 4 2 4 7 0 7 5 7 5 1 2 0 7 5 7 7 0 5 7 1 1 7 2 1 2 5 1 6 3 2 3 6 1 5 2 1 2 7 1 1 7 5 0 7 7 5 7 0 2 1 5 7 5 7 0 7 4 2 4 4 2 3 6 7 7 6 2 1 4 4 6 2 6 4 3 3 3 3 3 3 3 3 3 3 3 3 3 3 3 3 3 3 3 3 3 3 3 3 3 3 3 3 3 3 3 3 3 3 3 3 3 3 3 3 3 3 3 3 3 3 3 3 3 3 3 3 3 3 3 3 3 3 3 3 3 3 
3 3 3 3 3 3 3 3 3 3 3 3 3 3 3 3 3 3 3 3 3 3 3 3 3 3 3 3 3 3 3 3 3 3 3 3 3 3 3 3 3 3 3 3 3 3 3 3 3 3 3 3 3 3 3 3 3 3 3 3 3 3 3 3 4 6 3 7 3 6 2 3 2 7 6 5 3 7 1 2 5 1 3 4 6 2 7 6 3 6 0 5 2 4 7 2 7 3 6 1 6 3 3 2 5 3 6 3 5 2 3 3 6 1 6 3 7 2 7 4 2 5 0 6 3 6 7 2 6 4 3 1 5 2 1 7 3 5 6 7 2 3 2 6 3 7 3 6 4 3 3 3 3 3 3 3 3 3 3 3 3 3 3 3 3 3 3 3 3 3 3 3 3 3 3 3 3 3 3 3 3 3 3 3 3 3 3 3 3 3 3 3 3 3 3 3 3 3 3 3 3 3 3 3 3 3 3 3 3 3 3 3 3 
3 3 3 3 3 3 3 3 3 3 3 3 3 3 3 3 3 3 3 3 3 3 3 3 3 3 3 3 3 3 3 3 3 3 3 3 3 3 3 3 3 3 3 3 3 3 3 3 3 3 3 3 3 3 3 3 3 3 3 3 3 3 3 3 3 3 4 6 3 6 1 3 6 3 1 7 7 3 1 6 6 6 3 1 3 2 2 7 2 4 1 5 4 4 1 2 5 1 6 1 1 4 7 6 7 5 1 5 7 6 7 4 1 1 6 1 5 2 1 4 4 5 1 4 2 7 2 2 3 1 3 6 6 6 1 3 7 7 1 3 6 3 1 6 3 6 4 3 3 3 3 3 3 3 3 3 3 3 3 3 3 3 3 3 3 3 3 3 3 3 3 3 3 3 3 3 3 3 3 3 3 3 3 3 3 3 3 3 3 3 3 3 3 3 3 3 3 3 3 3 3 3 3 3 3 3 3 3 3 3 3 3 3 
3 3 3 3 3 3 3 3 3 3 3 3 3 3 3 3 3 3 3 3 3 3 3 3 3 3 3 3 3 3 3 3 3 3 3 3 3 3 3 3 3 3 3 3 3 3 3 3 3 3 3 3 3 3 3 3 3 3 3 3 3 3 3 3 3 3 3 3 4 6 4 1 1 6 2 2 1 3 2 3 5 2 7 3 4 6 7 3 7 0 7 6 7 6 2 4 7 6 7 2 3 3 7 6 3 6 7 6 3 6 7 3 3 2 7 6 7 4 2 6 7 6 7 0 7 3 7 6 4 3 7 2 5 3 2 3 1 2 2 6 1 1 4 6 4 3 3 3 3 3 3 3 3 3 3 3 3 3 3 3 3 3 3 3 3 3 3 3 3 3 3 3 3 3 3 3 3 3 3 3 3 3 3 3 3 3 3 3 3 3 3 3 3 3 3 3 3 3 3 3 3 3 3 3 3 3 3 3 3 3 3 3 3 
3 3 3 3 3 3 3 3 3 3 3 3 3 3 3 3 3 3 3 3 3 3 3 3 3 3 3 3 3 3 3 3 3 3 3 3 3 3 3 3 3 3 3 3 3 3 3 3 3 3 3 3 3 3 3 3 3 3 3 3 3 3 3 3 3 3 3 3 3 3 4 7 3 7 5 7 4 5 2 4 5 1 2 4 1 7 5 2 5 3 4 4 3 7 5 2 7 4 6 3 0 6 2 4 6 2 2 2 6 4 2 6 0 3 6 4 7 2 5 7 3 4 4 3 5 2 5 7 1 4 2 1 5 4 2 5 4 7 5 7 3 7 4 3 3 3 3 3 3 3 3 3 3 3 3 3 3 3 3 3 3 3 3 3 3 3 3 3 3 3 3 3 3 3 3 3 3 3 3 3 3 3 3 3 3 3 3 3 3 3 3 3 3 3 3 3 3 3 3 3 3 3 3 3 3 3 3 3 3 3 3 3 3 
3 3 3 3 3 3 3 3 3 3 3 3 3 3 3 3 3 3 3 3 3 3 3 3 3 3 3 3 3 3 3 3 3 3 3 3 3 3 3 3 3 3 3 3 3 3 3 3 3 3 3 3 3 3 3 3 3 3 3 3 3 3 3 3 3 3 3 3 3 3 3 3 4 6 2 7 5 1 0 4 3 6 0 2 4 2 6 5 6 0 6 2 5 5 7 3 1 5 1 1 2 6 7 1 1 6 4 6 1 1 7 6 2 1 1 5 1 3 7 5 5 2 6 0 6 5 6 2 4 2 0 6 3 4 0 1 5 7 2 6 4 3 3 3 3 3 3 3 3 3 3 3 3 3 3 3 3 3 3 3 3 3 3 3 3 3 3 3 3 3 3 3 3 3 3 3 3 3 3 3 3 3 3 3 3 3 3 3 3 3 3 3 3 3 3 3 3 3 3 3 3 3 3 3 3 3 3 3 3 3 3 3 3 
3 3 3 3 3 3 3 3 3 3 3 3 3 3 3 3 3 3 3 3 3 3 3 3 3 3 3 3 3 3 3 3 3 3 3 3 3 3 3 3 3 3 3 3 3 3 3 3 3 3 3 3 3 3 3 3 3 3 3 3 3 3 3 3 3 3 3 3 3 3 3 3 3 3 4 6 2 5 5 7 3 4 7 3 0 6 4 4 4 5 7 1 2 2 2 2 2 2 3 3 3 3 2 0 6 4 4 4 6 0 2 3 3 3 3 2 2 2 2 2 2 1 7 5 4 4 4 6 0 3 7 4 3 7 5 5 2 6 4 3 3 3 3 3 3 3 3 3 3 3 3 3 3 3 3 3 3 3 3 3 3 3 3 3 3 3 3 3 3 3 3 3 3 3 3 3 3 3 3 3 3 3 3 3 3 3 3 3 3 3 3 3 3 3 3 3 3 3 3 3 3 3 3 3 3 3 3 3 3 3 3 3 3 
3 3 3 3 3 3 3 3 3 3 3 3 3 3 3 3 3 3 3 3 3 3 3 3 3 3 3 3 3 3 3 3 3 3 3 3 3 3 3 3 3 3 3 3 3 3 3 3 3 3 3 3 3 3 3 3 3 3 3 3 3 3 3 3 3 3 3 3 3 3 3 3 3 3 3 3 4 6 2 6 5 4 5 5 5 4 4 4 4 4 4 5 5 5 5 5 5 5 5 5 5 5 5 5 4 4 4 4 4 5 5 5 5 5 5 5 5 5 5 5 5 5 4 4 4 4 4 4 5 5 5 4 5 6 2 6 4 3 3 3 3 3 3 3 3 3 3 3 3 3 3 3 3 3 3 3 3 3 3 3 3 3 3 3 3 3 3 3 3 3 3 3 3 3 3 3 3 3 3 3 3 3 3 3 3 3 3 3 3 3 3 3 3 3 3 3 3 3 3 3 3 3 3 3 3 3 3 3 3 3 3 3 3 
3 3 3 3 3 3 3 3 3 3 3 3 3 3 3 3 3 3 3 3 3 3 3 3 3 3 3 3 3 3 3 3 3 3 3 3 3 3 3 3 3 3 3 3 3 3 3 3 3 3 3 3 3 3 3 3 3 3 3 3 3 3 3 3 3 3 3 3 3 3 3 3 3 3 3 3 3 3 4 6 0 3 3 3 3 3 3 3 3 3 3 3 3 3 3 3 3 3 3 3 3 3 3 3 3 3 3 3 3 3 3 3 3 3 3 3 3 3 3 3 3 3 3 3 3 3 3 3 3 3 3 3 0 6 4 3 3 3 3 3 3 3 3 3 3 3 3 3 3 3 3 3 3 3 3 3 3 3 3 3 3 3 3 3 3 3 3 3 3 3 3 3 3 3 3 3 3 3 3 3 3 3 3 3 3 3 3 3 3 3 3 3 3 3 3 3 3 3 3 3 3 3 3 3 3 3 3 3 3 3 3 3 3 
3 3 3 3 3 3 3 3 3 3 3 3 3 3 3 3 3 3 3 3 3 3 3 3 3 3 3 3 3 3 3 3 3 3 3 3 3 3 3 3 3 3 3 3 3 3 3 3 3 3 3 3 3 3 3 3 3 3 3 3 3 3 3 3 3 3 3 3 3 3 3 3 3 3 3 3 3 3 3 3 4 4 4 4 4 4 4 4 4 4 4 4 4 4 4 4 4 4 4 4 4 4 4 4 4 4 4 4 4 4 4 4 4 4 4 4 4 4 4 4 4 4 4 4 4 4 4 4 4 4 4 4 4 3 3 3 3 3 3 3 3 3 3 3 3 3 3 3 3 3 3 3 3 3 3 3 3 3 3 3 3 3 3 3 3 3 3 3 3 3 3 3 3 3 3 3 3 3 3 3 3 3 3 3 3 3 3 3 3 3 3 3 3 3 3 3 3 3 3 3 3 3 3 3 3 3 3 3 3 3 3 3 3 
