0 1.3147 
1 1.3127 
2 2.59273 
3 2.40356 
4 2.86551 
5 2.90831 
6 2.85049 
7 2.74344 
8 2.70899 
9 2.62781 
10 2.68534 
11 2.63545 
12 2.60442 
13 2.66286 
14 2.6852 
15 2.7419 
16 2.74854 
17 2.67832 
18 2.70443 
19 2.70932 
20 2.68318 
21 2.70131 
22 2.67307 
23 2.67127 
24 2.70425 
25 2.70121 
26 2.68828 
27 2.68007 
28 2.66312 
29 2.66783 
30 2.672 
31 2.6654 
32 2.67545 
33 2.67971 
34 2.68798 
35 2.67697 
36 2.68698 
37 2.66496 
38 2.67028 
39 2.66682 
40 2.64388 
41 2.64052 
42 2.65504 
43 2.63689 
44 2.6481 
45 2.66373 
46 2.64135 
47 2.64578 
48 2.64978 
49 2.65091 
50 2.64068 
51 2.64185 
52 2.66127 
53 2.64274 
54 2.63491 
55 2.63051 
56 2.64063 
57 2.63735 
58 2.62278 
59 2.62353 
60 2.6394 
61 2.64314 
62 2.63787 
63 2.63118 
64 2.63063 
65 2.63716 
66 2.64077 
67 2.63747 
68 2.62084 
69 2.61406 
70 2.61972 
71 2.62721 
72 2.6362 
73 2.64016 
74 2.63071 
75 2.62456 
76 2.62397 
77 2.6229 
78 2.62929 
79 2.63843 
80 2.63251 
81 2.62847 
82 2.62015 
83 2.61736 
84 2.61667 
85 2.6242 
86 2.63327 
87 2.64416 
88 2.63276 
89 2.62906 
90 2.62592 
91 2.62119 
92 2.6235 
93 2.62707 
94 2.63184 
95 2.63754 
96 2.6497 
97 2.64653 
98 2.63819 
99 2.63275 
100 2.63041 
101 2.63125 
102 2.63398 
103 2.6334 
104 2.64201 
105 2.64925 
106 2.65269 
107 2.66185 
108 2.65898 
109 2.65101 
110 2.64593 
111 2.64299 
112 2.64131 
113 2.63978 
114 2.64303 
115 2.64617 
116 2.64843 
117 2.65391 
118 2.66045 
119 2.66775 
120 2.67592 
121 2.68109 
122 2.67382 
123 2.66634 
124 2.6619 
125 2.66113 
126 2.6574 
127 2.65352 
128 2.6552 
129 2.65787 
130 2.66257 
131 2.66294 
132 2.66474 
133 2.66902 
134 2.67234 
135 2.67646 
136 2.68343 
137 2.69078 
138 2.697 
139 2.70432 
140 2.69861 
141 2.69237 
142 2.68858 
143 2.68637 
144 2.68418 
145 2.68207 
146 2.68106 
147 2.68069 
148 2.68044 
149 2.68073 
150 2.67975 
151 2.68193 
152 2.68314 
153 2.68742 
154 2.68954 
155 2.69437 
156 2.69966 
157 2.70237 
158 2.70612 
159 2.71088 
160 2.71447 
161 2.71905 
162 2.72326 
163 2.72913 
164 2.73461 
165 2.7407 
166 2.73585 
167 2.72988 
168 2.7251 
169 2.7225 
170 2.72104 
171 2.71771 
172 2.71303 
173 2.71051 
174 2.70839 
175 2.70805 
176 2.7068 
177 2.70782 
178 2.70937 
179 2.7117 
180 2.71315 
181 2.71348 
182 2.71462 
183 2.71447 
184 2.71373 
185 2.71502 
186 2.71346 
187 2.71325 
188 2.71546 
189 2.71646 
190 2.71715 
191 2.71905 
192 2.72191 
193 2.72414 
194 2.72774 
195 2.73021 
196 2.7321 
197 2.73521 
198 2.73601 
199 2.73852 
200 2.74127 
201 2.74468 
202 2.74681 
203 2.75029 
204 2.75404 
205 2.75821 
206 2.76347 
207 2.76796 
208 2.7726 
209 2.77764 
210 2.78309 
211 2.78855 
212 2.79411 
213 2.80062 
214 2.80705 
215 2.81316 
216 2.81941 
217 2.82703 
218 2.83345 
219 2.83728 
220 2.83966 
221 2.84333 
222 2.84636 
223 2.8497 
224 2.85214 
225 2.85573 
226 2.85853 
227 2.86244 
228 2.86534 
229 2.86906 
230 2.87311 
231 2.87686 
232 2.88023 
233 2.88494 
234 2.88901 
235 2.89347 
