0 3.4 0 
1 1.88 -1.52 
2 2.41538 0.535385 
3 2.35172 -0.0636605 
4 2.82041 0.468684 
5 2.4963 -0.324112 
6 2.55752 0.0612258 
7 2.62416 0.0666389 
8 2.69746 0.0733009 
9 2.64585 -0.0516121 
10 2.65678 0.0109325 
11 2.56711 -0.0896736 
12 2.64263 0.0755216 
13 2.6862 0.04357 
14 2.68222 -0.00398178 
15 2.6079 -0.0743201 
16 2.56637 -0.0415245 
17 2.59556 0.0291866 
18 2.5556 -0.0399609 
19 2.55252 -0.00307525 
20 2.55672 0.004198 
21 2.58922 0.0324983 
22 2.60606 0.0168439 
23 2.58403 -0.0220356 
24 2.57501 -0.0090151 
25 2.55696 -0.0180532 
26 2.56021 0.00324671 
27 2.55719 0 
