0 1.20204 0 
1 2.40202 0 
2 2.53026 0 
3 2.66346 0 
4 2.78696 0 
5 2.49917 0 
6 2.35646 0 
7 2.52944 0 
8 2.65534 0 
9 2.61131 0 
10 2.54797 0 
11 2.61679 0 
12 2.64823 0 
13 2.70088 0 
14 2.78831 0 
15 2.72479 0 
16 2.64398 0 
17 2.56916 0 
18 2.5819 0 
19 2.52794 0 
20 2.55636 0 
21 2.5663 0 
22 2.58443 0 
23 2.63169 0 
24 2.63243 0 
25 2.66755 0 
26 2.67129 0 
27 2.69904 0 
28 2.67743 0 
29 2.63502 0 
30 2.5945 0 
31 2.59321 0 
32 2.60561 0 
33 2.59679 0 
34 2.60596 0 
35 2.59217 0 
36 2.59422 0 
37 2.59321 0 
38 2.59306 0 
39 2.59036 0 
40 2.59802 0 
41 2.59981 0 
42 2.60845 0 
43 2.6159 0 
44 2.61822 0 
45 2.64071 0 
46 2.64775 0 
47 2.67141 0 
48 2.68049 0 
49 2.70028 0 
50 2.72305 0 
51 2.73621 0 
52 2.71737 0 
53 2.69915 0 
54 2.67582 0 
55 2.65874 0 
56 2.64387 0 
57 2.62788 0 
58 2.61696 0 
59 2.60442 0 
60 2.59743 0 
61 2.59124 0 
62 2.58889 0 
63 2.57782 0 
64 2.57857 0 
65 2.57694 0 
66 2.57582 0 
67 2.57481 0 
68 2.57246 0 
69 2.57425 0 
70 2.56709 0 
71 2.56736 0 
72 2.57684 0 
73 2.57511 0 
74 2.57412 0 
75 2.57665 0 
76 2.58528 0 
77 2.58471 0 
78 2.58741 0 
79 2.58995 0 
80 2.5943 0 
81 2.59813 0 
82 2.60067 0 
83 2.60545 0 
84 2.61264 0 
85 2.61618 0 
86 2.6169 0 
87 2.62205 0 
88 2.62826 0 
89 2.63689 0 
90 2.64517 0 
91 2.65125 0 
92 2.65691 0 
93 2.66067 0 
94 2.67198 0 
95 2.679 0 
96 2.68762 0 
97 2.69416 0 
98 2.70444 0 
99 2.70978 0 
100 2.71981 0 
101 2.72435 0 
102 2.72963 0 
103 2.72153 0 
104 2.71063 0 
105 2.70076 0 
106 2.69134 0 
107 2.68674 0 
108 2.6756 0 
109 2.67162 0 
110 2.66498 0 
111 2.6547 0 
112 2.647 0 
113 2.64383 0 
114 2.63896 0 
115 2.63246 0 
116 2.62646 0 
117 2.62163 0 
118 2.62023 0 
119 2.61507 0 
120 2.61039 0 
121 2.60884 0 
122 2.60382 0 
123 2.60245 0 
124 2.6014 0 
125 2.60116 0 
126 2.59951 0 
127 2.59815 0 
128 2.59639 0 
129 2.59572 0 
130 2.596 0 
131 2.59677 0 
132 2.59788 0 
133 2.59697 0 
134 2.59625 0 
135 2.59561 0 
136 2.59595 0 
137 2.59686 0 
138 2.59776 0 
139 2.59796 0 
140 2.59967 0 
141 2.60105 0 
142 2.60122 0 
143 2.6008 0 
144 2.60169 0 
145 2.60492 0 
146 2.60562 0 
147 2.60861 0 
148 2.61165 0 
149 2.61385 0 
150 2.61762 0 
151 2.61859 0 
152 2.62058 0 
153 2.62143 0 
154 2.6236 0 
155 2.62647 0 
156 2.62889 0 
157 2.63132 0 
158 2.63513 0 
159 2.63892 0 
160 2.64098 0 
161 2.64302 0 
162 2.64782 0 
163 2.64993 0 
164 2.65218 0 
165 2.6542 0 
166 2.65643 0 
167 2.65926 0 
168 2.66131 0 
169 2.66459 0 
170 2.66854 0 
171 2.67158 0 
172 2.6737 0 
173 2.67883 0 
174 2.68364 0 
175 2.68613 0 
176 2.69065 0 
177 2.6948 0 
178 2.69993 0 
179 2.70238 0 
180 2.70593 0 
181 2.70788 0 
182 2.7105 0 
183 2.7116 0 
184 2.71273 0 
185 2.71587 0 
186 2.71785 0 
187 2.7216 0 
188 2.72593 0 
189 2.7297 0 
190 2.73499 0 
191 2.73812 0 
192 2.74322 0 
193 2.74726 0 
194 2.75043 0 
195 2.75385 0 
196 2.75887 0 
197 2.76312 0 
198 2.7692 0 
199 2.77294 0 
200 2.77559 0 
201 2.7771 0 
202 2.77943 0 
203 2.78191 0 
204 2.78403 0 
205 2.78544 0 
206 2.78744 0 
207 2.79027 0 
208 2.79421 0 
209 2.79709 0 
210 2.80108 0 
211 2.80491 0 
212 2.80932 0 
213 2.81409 0 
214 2.81898 0 
215 2.82359 0 
216 2.82877 0 
217 2.83161 0 
218 2.83388 0 
219 2.83697 0 
220 2.84011 0 
221 2.8436 0 
222 2.84614 0 
223 2.84972 0 
224 2.85342 0 
225 2.85804 0 
226 2.86195 0 
227 2.86647 0 
228 2.87118 0 
229 2.87567 0 
230 2.88043 0 
231 2.88292 0 
232 2.88553 0 
233 2.88825 0 
234 2.89122 0 
235 2.89399 0 
236 2.89611 0 
237 2.89851 0 
238 2.90009 0 
239 2.90199 0 
240 2.90388 0 
241 2.90662 0 
242 2.90903 0 
243 2.91222 0 
244 2.91493 0 
245 2.91749 0 
246 2.92121 0 
247 2.92405 0 
248 2.92582 0 
249 2.92844 0 
250 2.93142 0 
251 2.9333 0 
252 2.93577 0 
253 2.93732 0 
254 2.93975 0 
255 2.94177 0 
256 2.94396 0 
257 2.94623 0 
258 2.94842 0 
259 2.95161 0 
260 2.95408 0 
261 2.95709 0 
262 2.96019 0 
263 2.96312 0 
264 2.96698 0 
265 2.97033 0 
266 2.97356 0 
267 2.97724 0 
268 2.98051 0 
269 2.98461 0 
270 2.98872 0 
271 2.99244 0 
272 2.99656 0 
273 3.00033 0 
274 3.00416 0 
275 3.00837 0 
276 3.01286 0 
277 3.01671 0 
278 3.02135 0 
279 3.02446 0 
280 3.02657 0 
281 3.02851 0 
282 3.0302 0 
283 3.03219 0 
284 3.03339 0 
285 3.0348 0 
286 3.03645 0 
287 3.03714 0 
288 3.03912 0 
289 3.04065 0 
290 3.04207 0 
291 3.0437 0 
292 3.04489 0 
293 3.04684 0 
294 3.04868 0 
295 3.05095 0 
296 3.05257 0 
297 3.05498 0 
298 3.05729 0 
299 3.05956 0 
300 3.06199 0 
301 3.06411 0 
