0 3.01 0 
1 2.178 -0.832 
2 3.16692 0.988923 
3 2.40724 -0.759682 
4 2.45 0.0427586 
5 2.62235 0.172346 
6 2.52504 -0.0973014 
7 2.6943 0.169251 
8 2.58259 -0.111706 
9 2.55783 -0.0247627 
10 2.50628 -0.0515485 
11 2.59387 0.0875951 
12 2.65526 0.0613881 
13 2.60123 -0.054032 
14 2.67153 0.0703047 
15 2.62732 -0.0442133 
16 2.59841 -0.0289136 
17 2.57351 -0.0248993 
18 2.54273 -0.0307817 
19 2.58601 0.0432887 
20 2.58365 -0.00236262 
21 2.6028 0.0191525 
22 2.62216 0.0193515 
23 2.67275 0.050591 
24 2.64652 -0.0262267 
25 2.65955 0.0130264 
26 2.63912 -0.0204278 
27 2.63803 -0.00108863 
28 2.64689 0.00885574 
29 2.64212 -0.00476677 
30 2.64387 0.00175584 
31 2.65204 0.00816481 
32 2.64383 -0.00820947 
33 2.63905 -0.00477735 
34 2.64297 0.00391853 
35 2.64719 0.00421557 
36 2.65156 0.00437273 
37 2.66181 0.0102459 
38 2.65973 -0.00207338 
39 2.64704 -0.0126961 
40 2.64725 0.000217935 
41 2.64056 -0.0066968 
42 2.63616 -0.00439946 
43 2.62759 -0.00856548 
44 2.64833 0.0207427 
45 2.63909 -0.00924494 
46 2.63761 -0.0014792 
47 2.63133 -0.00628417 
48 2.63786 0.00652886 
49 2.62799 -0.00986191 
50 2.62582 -0.00217181 
51 2.63027 0.00444519 
52 2.61797 -0.0122969 
53 2.62517 0.00720098 
54 2.62052 -0.00465581 
55 2.62503 0.00451504 
56 2.63569 0.0106561 
57 2.63417 -0.0015189 
58 2.63143 -0.00273691 
59 2.64193 0.0104986 
60 2.6452 0.00326643 
61 2.65962 0.0144271 
62 2.66966 0.0100409 
63 2.69256 0 
