0 1.169 0 
1 3.4042 2.2352 
2 3.46315 0.0589538 
3 3.14638 -0.316775 
4 2.7259 -0.420481 
5 2.7453 0.0193983 
6 2.6759 -0.0693936 
7 2.82594 0.150037 
8 2.72293 -0.103011 
9 2.64419 -0.0787353 
10 2.62466 -0.0195344 
11 2.65618 0.0315237 
12 2.61108 -0.0451059 
13 2.63199 0.0209172 
14 2.64468 0.0126859 
15 2.655 0.0103169 
16 2.67579 0.0207933 
17 2.68917 0.0133782 
18 2.72529 0.0361167 
19 2.74708 0.0217907 
20 2.72707 -0.0200046 
21 2.75532 0.0282503 
22 2.73245 -0.0228704 
23 2.74592 0.013468 
24 2.73892 -0.00700097 
25 2.70844 -0.0304775 
26 2.67167 -0.0367744 
27 2.68136 0.00969157 
28 2.69507 0.0137143 
29 2.669 -0.0260756 
30 2.67943 0.0104291 
31 2.67502 -0.0044081 
32 2.66325 -0.0117668 
33 2.66031 -0.00293759 
34 2.65992 -0.000392754 
35 2.66816 0.00823931 
36 2.65393 -0.0142334 
37 2.66192 0.00799105 
38 2.66678 0.00486286 
39 2.65302 -0.0137589 
40 2.6566 0.00357544 
41 2.65578 -0.000817514 
42 2.64028 -0.0154972 
43 2.6373 -0.00297989 
44 2.6495 0.0121963 
45 2.64407 -0.00543023 
46 2.64647 0.00239907 
47 2.65419 0.00771876 
48 2.64922 -0.00496582 
49 2.64568 -0.00353925 
50 2.64666 0.000980234 
51 2.64392 -0.00274526 
52 2.65083 0.00691574 
53 2.6371 -0.0137296 
54 2.63683 -0.000277581 
55 2.64174 0.00491697 
56 2.64278 0.00103433 
57 2.64099 -0.00178772 
58 2.64557 0.0045767 
59 2.64419 -0.00137536 
60 2.63768 -0.00651319 
61 2.6434 0.00572234 
62 2.64132 -0.0020794 
63 2.63856 -0.00275896 
64 2.64054 0.00197586 
65 2.63912 -0.0014141 
66 2.6388 -0.00032012 
67 2.63885 4.79675e-05 
68 2.63696 -0.00189365 
69 2.63918 0.00221896 
70 2.63061 -0.00856167 
71 2.63598 0.0053633 
72 2.62896 -0.00701991 
73 2.6355 0.00654557 
74 2.62996 -0.00554047 
75 2.62989 -7.39481e-05 
76 2.63288 0.00298766 
77 2.63359 0.000711606 
78 2.63822 0.00463655 
79 2.63245 -0.00577479 
80 2.63833 0.00588125 
81 2.63892 0.000590231 
82 2.63565 -0.00327036 
83 2.63667 0.00102272 
84 2.63945 0.00277814 
85 2.63365 -0.00580523 
86 2.63632 0.00267659 
87 2.64338 0.00705969 
88 2.64251 -0.000876574 
89 2.63792 -0.00458302 
90 2.64024 0.00231315 
91 2.64827 0.00803714 
92 2.64679 -0.00148403 
93 2.64376 -0.00302766 
94 2.64472 0.000959401 
95 2.64951 0.0047928 
96 2.65372 0.0042095 
97 2.65559 0.00186216 
98 2.64952 -0.006063 
99 2.65092 0.00139709 
100 2.65635 0.00543174 
101 2.65898 0.00263326 
102 2.66489 0.00590919 
103 2.67459 0.00969798 
104 2.66621 -0.00838004 
105 2.66263 -0.00358356 
106 2.66041 -0.00221388 
107 2.66238 0.00196509 
108 2.666 0.00362225 
109 2.66843 0.00242387 
110 2.67637 0.00794337 
111 2.68347 0.00710332 
112 2.69202 0.00855153 
113 2.67863 -0.0133928 
114 2.67427 -0.00435791 
115 2.67118 -0.00309778 
116 2.6689 -0.00227531 
117 2.66892 2.3259e-05 
118 2.67079 0.00186524 
119 2.67478 0.0039939 
120 2.67921 0.00442783 
121 2.68922 0.0100146 
122 2.69698 0.00775837 
123 2.70616 0.00917808 
124 2.71854 0.0123821 
125 2.72607 0.00752936 
126 2.73139 0.00531636 
127 2.73624 0.0048528 
128 2.74162 0.00537823 
129 2.74988 0.00826295 
130 2.75693 0.00704772 
131 2.76469 0.00775734 
132 2.77155 0.00686253 
133 2.78292 0.0113672 
134 2.79088 0 
