0 2.90732 0 
1 3.10732 0.2 
2 2.57861 -0.528714 
3 2.43278 -0.145828 
4 2.6495 0.216719 
5 2.80002 0.150519 
6 2.62633 -0.173686 
7 2.6401 0.0137667 
8 2.78468 0.14458 
9 2.7068 -0.0778731 
10 2.77069 0.0638874 
11 2.7762 0.00550751 
12 2.789 0.0127973 
13 2.78208 -0.00691645 
14 2.76722 -0.0148629 
15 2.7376 -0.0296203 
16 2.74753 0.009938 
17 2.76718 0.0196505 
18 2.78306 0.0158802 
19 2.75598 -0.027083 
20 2.77569 0.0197047 
21 2.76753 -0.00815982 
22 2.78031 0.0127862 
23 2.78973 0.00941261 
24 2.80238 0.0126545 
25 2.80149 -0.000892179 
26 2.80737 0.0058835 
27 2.80368 -0.00369389 
28 2.81899 0.0153157 
29 2.80777 -0.0112211 
30 2.82328 0.015511 
31 2.831 0.00771731 
32 2.83455 0.0035467 
33 2.84411 0.00956661 
34 2.82914 -0.0149728 
35 2.84491 0.0157705 
36 2.83735 -0.00756524 
37 2.8354 -0.00194486 
38 2.83253 -0.00287467 
39 2.84607 0.0135466 
40 2.84444 -0.00163288 
41 2.85171 0.00726961 
42 2.84858 -0.0031262 
43 2.86111 0.0125305 
44 2.86175 0.000637114 
45 2.8569 -0.00485482 
46 2.84862 -0.00827388 
47 2.85814 0.00951336 
48 2.85596 -0.00217281 
49 2.87037 0.0144057 
50 2.87193 0.00155906 
51 2.869 -0.00292662 
52 2.86598 -0.0030173 
53 2.8752 0.00921354 
54 2.88015 0.00494949 
55 2.88488 0.00473542 
56 2.88095 -0.00393631 
57 2.88267 0.00172317 
58 2.88419 0.00152289 
59 2.88652 0.00232545 
60 2.88333 -0.00319053 
61 2.88719 0.0038578 
62 2.88431 -0.00287041 
63 2.88324 -0.00107342 
64 2.89161 0.0083646 
65 2.89551 0.00390263 
66 2.8935 -0.0020098 
67 2.89707 0.00356816 
68 2.90559 0.0085206 
69 2.90291 -0.00267401 
70 2.90939 0.00647491 
71 2.91069 0.00129946 
72 2.91006 -0.000631822 
73 2.91142 0.00136604 
74 2.90868 -0.0027433 
75 2.91335 0.00467396 
76 2.917 0.00364528 
77 2.91592 -0.00107733 
78 2.91696 0.00104119 
79 2.92547 0.00850936 
80 2.92333 -0.00214231 
81 2.92364 0.000314735 
82 2.92229 -0.00134965 
83 2.92155 -0.000743624 
84 2.92528 0.0037338 
85 2.92166 -0.00362021 
86 2.922 0.000332449 
87 2.92193 -6.29758e-05 
88 2.92654 0.00460185 
89 2.92746 0.000922672 
90 2.92713 -0.000327789 
91 2.92895 0.00182091 
92 2.93446 0.00550996 
93 2.93253 -0.00193546 
94 2.93401 0.00148875 
95 2.93668 0.00266884 
96 2.93645 -0.000231698 
97 2.93782 0.00136872 
98 2.93834 0.000519547 
99 2.9415 0.00315615 
100 2.94281 0.00131525 
101 2.9452 0.00239088 
102 2.94693 0.00173032 
103 2.95023 0.00329686 
104 2.95379 0.00355928 
105 2.95683 0.00303663 
106 2.95585 -0.000973604 
107 2.95921 0.00335535 
108 2.95943 0.000223636 
109 2.96021 0.000775226 
110 2.96285 0.00264752 
111 2.96604 0.00319062 
112 2.96921 0.00316363 
113 2.9685 -0.000711394 
114 2.97097 0.00247835 
115 2.97043 -0.000547866 
116 2.97583 0.00540656 
117 2.97597 0.000132961 
118 2.97875 0.00278402 
119 2.98024 0.00149373 
120 2.98198 0.00173431 
121 2.98561 0.00362803 
122 2.98965 0.00404371 
123 2.99143 0.00178381 
124 2.99518 0.00374771 
125 2.99334 -0.00183667 
126 2.99815 0.00480422 
127 2.99883 0.000685697 
128 3.00192 0.00308079 
129 3.00552 0.00360114 
130 3.00639 0.000874197 
131 3.00839 0.00199453 
132 3.01224 0.00385171 
133 3.01533 0.00309013 
134 3.01801 0.00268775 
135 3.02055 0.00253953 
136 3.019 -0.00155629 
137 3.01999 0.000988082 
138 3.02128 0.00129024 
139 3.02597 0.00469517 
140 3.02841 0.00243707 
141 3.02887 0.000457804 
142 3.03291 0.00404276 
143 3.03643 0.00352198 
144 3.03829 0.00185758 
145 3.03961 0.00131644 
146 3.04023 0.000622794 
147 3.04328 0.00305191 
148 3.04455 0.00126613 
149 3.04678 0.00222932 
150 3.05043 0.00365208 
151 3.05296 0.00253514 
152 3.05651 0.00354622 
153 3.06037 0.00385826 
154 3.06232 0.00195568 
155 3.06239 6.29396e-05 
156 3.06337 0.000980449 
157 3.06503 0.00166541 
158 3.06932 0.00428368 
159 3.06949 0.00017042 
160 3.0716 0.0021188 
161 3.07354 0.00193424 
162 3.07588 0.00234134 
163 3.07879 0.00291416 
164 3.08026 0.00146142 
165 3.08098 0.000727217 
166 3.08376 0.00277544 
167 3.08649 0.00272717 
168 3.08797 0.00148269 
169 3.08909 0.00112655 
170 3.09164 0.00254644 
171 3.09406 0.00241836 
172 3.09522 0.00115609 
173 3.09679 0.0015741 
174 3.09946 0.00266614 
175 3.09994 0.000485748 
176 3.10284 0.0028993 
177 3.10488 0.00204193 
178 3.10872 0.0038413 
179 3.11015 0.00142215 
180 3.11272 0.0025762 
181 3.11573 0.00300554 
182 3.11828 0.00254889 
183 3.11979 0.00151403 
184 3.12248 0.00269073 
185 3.12444 0.0019607 
186 3.12429 -0.000156195 
187 3.12389 -0.000394408 
188 3.12383 -6.66163e-05 
189 3.12413 0.000305205 
190 3.12487 0.000738647 
191 3.12705 0.0021847 
192 3.12848 0.0014292 
193 3.13073 0.00225046 
194 3.13333 0.00259761 
195 3.13676 0.00342409 
196 3.14035 0.00359746 
197 3.14199 0.00163753 
198 3.14356 0.00156647 
199 3.14542 0.00186641 
200 3.14845 0.00302823 
201 3.15119 0.00274008 
202 3.15384 0.0026461 
203 3.15536 0.00152314 
204 3.15551 0.000154013 
205 3.15514 -0.000371766 
206 3.15614 0.000995359 
207 3.15789 0.00175533 
208 3.157 -0.000898082 
209 3.15635 -0.000648699 
210 3.15806 0.001712 
211 3.15701 -0.00105262 
212 3.15883 0.00182486 
213 3.16041 0.00157658 
214 3.16116 0.000752481 
215 3.16272 0.00155887 
216 3.16509 0.00237004 
217 3.16725 0.00216542 
218 3.16954 0.00228963 
219 3.17159 0.00204693 
220 3.17475 0.00316297 
221 3.17648 0.00172325 
222 3.17721 0.000732317 
223 3.17739 0.000181814 
224 3.17838 0.000991872 
225 3.17963 0.00124235 
226 3.18045 0.000821965 
227 3.18135 0.000900664 
228 3.18282 0.00147594 
229 3.18439 0.00157079 
230 3.18645 0.0020567 
231 3.18793 0.00147892 
232 3.19055 0.00262092 
233 3.19296 0.00240997 
234 3.19547 0.00251065 
235 3.19849 0.00302198 
236 3.19989 0.00139501 
237 3.20042 0.000528248 
238 3.2009 0.00048746 
239 3.20249 0.00158381 
240 3.2021 -0.000392304 
241 3.20211 1.60991e-05 
242 3.20276 0.000647286 
243 3.20283 7.01048e-05 
244 3.20291 8.13144e-05 
245 3.20291 3.82643e-06 
246 3.20288 -3.29529e-05 
247 3.20386 0.000981228 
248 3.20467 0.000806224 
249 3.20457 -9.97238e-05 
250 3.20545 0.000878184 
251 3.20656 0.00111242 
252 3.20662 5.71797e-05 
253 3.20763 0.00101438 
254 3.20907 0.00144159 
255 3.20946 0.000382425 
256 3.20974 0.000281102 
257 3.21064 0.00090214 
258 3.21038 -0.000256661 
259 3.21058 0.000198579 
260 3.21078 0.000198436 
261 3.21084 5.67833e-05 
262 3.21181 0.000968939 
263 3.21199 0.000188851 
264 3.21215 0.000157214 
265 3.21309 0.000938376 
266 3.21437 0.00128548 
267 3.21541 0.00103137 
268 3.21628 0.000877122 
269 3.21783 0.00154256 
270 3.21885 0.00102172 
271 3.22091 0.00206193 
272 3.22196 0.0010493 
273 3.22375 0.00179427 
274 3.22515 0.00139819 
275 3.22696 0.00181158 
276 3.22943 0.00246831 
277 3.23147 0.00203781 
278 3.23381 0.00233623 
279 3.23645 0.00264635 
280 3.23877 0.00231412 
281 3.24123 0.0024644 
282 3.24339 0.00215674 
283 3.24589 0.00250186 
284 3.24852 0.00262927 
285 3.25059 0.00207166 
286 3.25238 0.00178637 
287 3.25298 0.000607069 
288 3.25331 0.000326124 
289 3.25316 -0.000150803 
290 3.25326 0.000101285 
291 3.25321 -5.35717e-05 
292 3.25313 -7.73438e-05 
293 3.25279 -0.000337516 
294 3.25293 0.000136211 
295 3.25264 -0.000286261 
296 3.25345 0.000808207 
297 3.2528 -0.000653689 
298 3.25281 1.12241e-05 
299 3.25361 0.000799088 
300 3.2537 9.48953e-05 
301 3.2541 0.000399764 
302 3.25511 0.00100536 
303 3.25515 4.08037e-05 
304 3.25647 0.00132724 
305 3.25727 0.000798736 
306 3.25786 0.000590971 
307 3.25925 0.00138196 
308 3.25997 0 
